Time (seconds), Duration (seconds),pred_unlabelled,pred_Dry,pred_Wet,pred_Touch
0.00735,0.48529,0.01012,0.00003,0.98983,0.00002
0.11029,0.48529,0.01247,0.00004,0.98747,0.00003
0.21324,0.48529,0.01227,0.00002,0.98769,0.00002
0.31618,0.48529,0.01214,0.00002,0.98782,0.00002
0.41912,0.48529,0.00930,0.00002,0.99066,0.00002
0.52206,0.48529,0.01300,0.00004,0.98693,0.00004
0.62500,0.48529,0.01559,0.00004,0.98433,0.00004
0.72794,0.48529,0.01411,0.00006,0.98577,0.00006
0.83088,0.48529,0.01295,0.00003,0.98699,0.00003
0.93382,0.48529,0.01482,0.00003,0.98511,0.00004
1.03676,0.48529,0.01412,0.00003,0.98583,0.00002
1.13971,0.48529,0.00878,0.00002,0.99118,0.00002
1.24265,0.48529,0.00818,0.00002,0.99178,0.00002
1.34559,0.48529,0.01281,0.00004,0.98711,0.00004
1.44853,0.48529,0.01310,0.00004,0.98682,0.00003
1.55147,0.48529,0.01374,0.00004,0.98618,0.00004
1.65441,0.48529,0.01432,0.00004,0.98561,0.00003
1.75735,0.48529,0.01317,0.00003,0.98678,0.00002
1.86029,0.48529,0.01268,0.00003,0.98727,0.00002
1.96324,0.48529,0.01263,0.00001,0.98734,0.00001
2.06618,0.48529,0.01062,0.00001,0.98935,0.00002
2.16912,0.48529,0.01095,0.00005,0.98895,0.00005
2.27206,0.48529,0.01355,0.00003,0.98640,0.00002
2.37500,0.48529,0.01298,0.00004,0.98694,0.00004
2.47794,0.48529,0.01643,0.00004,0.98349,0.00004
2.58088,0.48529,0.01434,0.00007,0.98555,0.00004
2.68382,0.48529,0.00991,0.00002,0.99005,0.00002
2.78676,0.48529,0.00963,0.00001,0.99034,0.00002
2.88971,0.48529,0.01110,0.00002,0.98886,0.00002
2.99265,0.48529,0.00902,0.00002,0.99093,0.00003
3.09559,0.48529,0.01012,0.00003,0.98982,0.00003
3.19853,0.48529,0.01245,0.00005,0.98746,0.00003
3.30147,0.48529,0.01450,0.00005,0.98543,0.00003
3.40441,0.48529,0.01085,0.00004,0.98909,0.00002
3.50735,0.48529,0.01201,0.00002,0.98794,0.00002
3.61029,0.48529,0.01028,0.00002,0.98969,0.00002
3.71324,0.48529,0.01190,0.00002,0.98806,0.00002
3.81618,0.48529,0.01001,0.00003,0.98994,0.00003
3.91912,0.48529,0.01065,0.00004,0.98928,0.00003
4.02206,0.48529,0.01701,0.00005,0.98291,0.00003
4.12500,0.48529,0.01060,0.00002,0.98935,0.00003
4.22794,0.48529,0.01623,0.00004,0.98370,0.00003
4.33088,0.48529,0.01499,0.00003,0.98496,0.00003
4.43382,0.48529,0.00861,0.00002,0.99136,0.00002
4.53676,0.48529,0.00884,0.00002,0.99113,0.00002
4.63971,0.48529,0.00907,0.00002,0.99087,0.00003
4.74265,0.48529,0.00826,0.00002,0.99170,0.00002
4.84559,0.48529,0.01452,0.00006,0.98537,0.00005
4.94853,0.48529,0.01172,0.00003,0.98821,0.00003
5.05147,0.48529,0.01181,0.00004,0.98812,0.00003
5.15441,0.48529,0.01015,0.00004,0.98979,0.00002
5.25735,0.48529,0.01089,0.00001,0.98909,0.00001
5.36029,0.48529,0.01457,0.00002,0.98539,0.00002
5.46324,0.48529,0.01057,0.00002,0.98939,0.00003
5.56618,0.48529,0.01185,0.00004,0.98808,0.00003
5.66912,0.48529,0.01397,0.00005,0.98594,0.00004
5.77206,0.48529,0.01311,0.00005,0.98681,0.00004
5.87500,0.48529,0.01059,0.00003,0.98935,0.00003
5.97794,0.48529,0.01342,0.00004,0.98652,0.00003
6.08088,0.48529,0.01258,0.00001,0.98739,0.00002
6.18382,0.48529,0.01414,0.00002,0.98583,0.00002
6.28676,0.48529,0.01272,0.00002,0.98722,0.00004
6.38971,0.48529,0.01294,0.00004,0.98698,0.00003
6.49265,0.48529,0.01509,0.00004,0.98482,0.00005
6.59559,0.48529,0.01860,0.00006,0.98130,0.00004
6.69853,0.48529,0.01108,0.00002,0.98888,0.00002
6.80147,0.48529,0.01045,0.00002,0.98950,0.00002
6.90441,0.48529,0.01339,0.00002,0.98656,0.00002
7.00735,0.48529,0.01018,0.00001,0.98980,0.00001
7.11029,0.48529,0.00852,0.00002,0.99143,0.00003
7.21324,0.48529,0.01236,0.00004,0.98755,0.00004
7.31618,0.48529,0.01382,0.00004,0.98610,0.00003
7.41912,0.48529,0.01461,0.00005,0.98530,0.00004
7.52206,0.48529,0.01581,0.00004,0.98411,0.00004
7.62500,0.48529,0.01419,0.00003,0.98576,0.00002
7.72794,0.48529,0.01164,0.00002,0.98832,0.00001
7.83088,0.48529,0.01277,0.00002,0.98719,0.00002
7.93382,0.48529,0.01256,0.00002,0.98740,0.00003
8.03677,0.48529,0.01147,0.00003,0.98847,0.00003
8.13971,0.48529,0.01663,0.00004,0.98330,0.00003
8.24265,0.48529,0.01516,0.00004,0.98476,0.00004
8.34559,0.48529,0.01468,0.00004,0.98525,0.00003
8.44853,0.48529,0.01736,0.00006,0.98254,0.00004
8.55147,0.48529,0.01038,0.00001,0.98959,0.00001
8.65441,0.48529,0.01126,0.00001,0.98871,0.00002
8.75735,0.48529,0.00967,0.00002,0.99029,0.00003
8.86029,0.48529,0.01174,0.00004,0.98818,0.00004
8.96323,0.48529,0.01145,0.00004,0.98849,0.00003
9.06618,0.48529,0.00990,0.00003,0.99004,0.00003
9.16912,0.48529,0.01004,0.00003,0.98990,0.00003
9.27206,0.48529,0.00920,0.00003,0.99075,0.00002
9.37500,0.48529,0.00969,0.00002,0.99027,0.00002
9.47794,0.48529,0.00833,0.00002,0.99164,0.00001
9.58088,0.48529,0.00888,0.00002,0.99107,0.00003
9.68382,0.48529,0.01139,0.00004,0.98852,0.00005
9.78677,0.48529,0.01213,0.00004,0.98781,0.00003
9.88971,0.48529,0.01484,0.00004,0.98508,0.00003
9.99265,0.48529,0.01197,0.00004,0.98796,0.00003
10.09559,0.48529,0.00909,0.00003,0.99086,0.00002
10.19853,0.48529,0.00998,0.00002,0.98999,0.00002
10.30147,0.48529,0.01380,0.00001,0.98617,0.00002
10.40441,0.48529,0.01219,0.00002,0.98777,0.00002
10.50735,0.48529,0.01067,0.00003,0.98929,0.00002
10.61029,0.48529,0.01289,0.00003,0.98705,0.00003
10.71323,0.48529,0.01611,0.00004,0.98382,0.00003
10.81618,0.48529,0.01530,0.00004,0.98462,0.00004
10.91912,0.48529,0.01465,0.00003,0.98528,0.00003
11.02206,0.48529,0.01296,0.00003,0.98699,0.00002
11.12500,0.48529,0.00887,0.00002,0.99110,0.00001
11.22794,0.48529,0.00786,0.00002,0.99211,0.00002
11.33088,0.48529,0.00794,0.00002,0.99200,0.00003
11.43382,0.48529,0.01065,0.00004,0.98929,0.00003
11.53677,0.48529,0.01281,0.00004,0.98713,0.00003
11.63971,0.48529,0.01260,0.00003,0.98734,0.00003
11.74265,0.48529,0.01449,0.00006,0.98542,0.00003
11.84559,0.48529,0.00854,0.00002,0.99143,0.00002
11.94853,0.48529,0.00882,0.00001,0.99115,0.00001
12.05147,0.48529,0.00801,0.00002,0.99195,0.00002
12.15441,0.48529,0.00933,0.00003,0.99060,0.00004
12.25735,0.48529,0.01285,0.00005,0.98707,0.00004
12.36029,0.48529,0.01089,0.00003,0.98905,0.00003
12.46323,0.48529,0.01304,0.00003,0.98691,0.00003
12.56618,0.48529,0.01310,0.00003,0.98683,0.00003
12.66912,0.48529,0.01232,0.00002,0.98764,0.00002
12.77206,0.48529,0.01089,0.00001,0.98908,0.00002
12.87500,0.48529,0.00912,0.00002,0.99085,0.00002
12.97794,0.48529,0.01070,0.00002,0.98925,0.00003
13.08088,0.48529,0.01070,0.00004,0.98923,0.00003
13.18382,0.48529,0.01359,0.00005,0.98632,0.00004
13.28677,0.48529,0.01450,0.00003,0.98544,0.00003
13.38971,0.48529,0.01568,0.00004,0.98425,0.00003
13.49265,0.48529,0.01413,0.00003,0.98581,0.00003
13.59559,0.48529,0.01222,0.00002,0.98775,0.00002
13.69853,0.48529,0.01139,0.00001,0.98858,0.00002
13.80147,0.48529,0.01052,0.00003,0.98942,0.00004
13.90441,0.48529,0.01191,0.00004,0.98802,0.00003
14.00735,0.48529,0.01229,0.00004,0.98762,0.00005
14.11029,0.48529,0.01295,0.00003,0.98699,0.00003
14.21323,0.48529,0.01348,0.00005,0.98643,0.00004
14.31618,0.48529,0.01085,0.00002,0.98912,0.00002
14.41912,0.48529,0.00868,0.00002,0.99129,0.00001
14.52206,0.48529,0.00872,0.00002,0.99124,0.00002
14.62500,0.48529,0.00912,0.00002,0.99084,0.00002
14.72794,0.48529,0.01196,0.00008,0.98791,0.00005
14.83088,0.48529,0.01050,0.00003,0.98945,0.00002
14.93382,0.48529,0.01297,0.00004,0.98696,0.00003
15.03677,0.48529,0.01143,0.00006,0.98848,0.00003
15.13971,0.48529,0.00965,0.00002,0.99031,0.00002
15.24265,0.48529,0.00958,0.00002,0.99038,0.00002
15.34559,0.48529,0.00857,0.00001,0.99140,0.00002
15.44853,0.48529,0.00845,0.00002,0.99151,0.00002
15.55147,0.48529,0.01387,0.00006,0.98601,0.00006
15.65441,0.48529,0.01090,0.00003,0.98905,0.00003
15.75735,0.48529,0.01502,0.00004,0.98490,0.00004
15.86029,0.48529,0.00861,0.00004,0.99133,0.00003
15.96323,0.48530,0.01138,0.00003,0.98857,0.00003
16.06618,0.48529,0.01060,0.00002,0.98937,0.00002
16.16912,0.48529,0.00940,0.00002,0.99055,0.00003
16.27206,0.48529,0.01147,0.00002,0.98848,0.00003
16.37500,0.48529,0.01201,0.00004,0.98790,0.00005
16.47794,0.48529,0.01349,0.00005,0.98642,0.00004
16.58088,0.48529,0.01535,0.00004,0.98458,0.00004
16.68382,0.48529,0.01381,0.00007,0.98609,0.00003
16.78676,0.48529,0.01099,0.00004,0.98895,0.00002
16.88971,0.48529,0.00976,0.00001,0.99021,0.00001
16.99265,0.48529,0.01111,0.00001,0.98886,0.00002
17.09559,0.48529,0.01104,0.00002,0.98892,0.00002
17.19853,0.48529,0.01121,0.00005,0.98870,0.00004
17.30147,0.48529,0.01252,0.00003,0.98743,0.00002
17.40441,0.48529,0.01571,0.00003,0.98423,0.00003
17.50735,0.48529,0.02031,0.00005,0.97959,0.00004
17.61029,0.48529,0.01313,0.00006,0.98678,0.00003
17.71324,0.48529,0.01246,0.00002,0.98749,0.00002
17.81618,0.48529,0.00823,0.00002,0.99174,0.00002
17.91912,0.48529,0.00682,0.00002,0.99314,0.00002
18.02206,0.48529,0.01185,0.00004,0.98807,0.00004
18.12500,0.48529,0.01004,0.00003,0.98989,0.00003
18.22794,0.48529,0.01599,0.00005,0.98392,0.00004
18.33088,0.48529,0.01111,0.00003,0.98883,0.00003
18.43382,0.48529,0.01822,0.00004,0.98170,0.00004
18.53676,0.48529,0.01571,0.00003,0.98424,0.00002
18.63971,0.48529,0.00953,0.00002,0.99044,0.00002
18.74265,0.48529,0.01045,0.00001,0.98951,0.00002
18.84559,0.48529,0.01222,0.00003,0.98771,0.00005
18.94853,0.48529,0.01452,0.00004,0.98541,0.00003
19.05147,0.48529,0.01805,0.00004,0.98187,0.00004
19.15441,0.48529,0.01622,0.00004,0.98372,0.00003
19.25735,0.48529,0.01424,0.00003,0.98570,0.00002
19.36029,0.48529,0.01237,0.00002,0.98759,0.00002
19.46324,0.48529,0.00775,0.00001,0.99223,0.00001
19.56618,0.48529,0.00960,0.00002,0.99035,0.00003
19.66912,0.48529,0.00962,0.00002,0.99034,0.00002
19.77206,0.48529,0.01536,0.00008,0.98450,0.00006
19.87500,0.48529,0.01587,0.00004,0.98405,0.00003
19.97794,0.48529,0.01178,0.00003,0.98815,0.00004
20.08088,0.48529,0.01534,0.00005,0.98457,0.00003
20.18382,0.48529,0.01189,0.00002,0.98806,0.00002
20.28676,0.48529,0.00856,0.00002,0.99141,0.00001
20.38971,0.48529,0.00798,0.00001,0.99199,0.00002
20.49265,0.48529,0.01050,0.00002,0.98946,0.00002
20.59559,0.48529,0.01237,0.00006,0.98752,0.00005
20.69853,0.48529,0.01357,0.00004,0.98636,0.00003
20.80147,0.48529,0.01380,0.00003,0.98614,0.00003
20.90441,0.48529,0.01221,0.00004,0.98772,0.00003
21.00735,0.48529,0.01304,0.00004,0.98689,0.00003
21.11029,0.48529,0.01195,0.00003,0.98799,0.00002
21.21324,0.48529,0.00944,0.00002,0.99053,0.00002
21.31618,0.48529,0.00892,0.00001,0.99105,0.00002
21.41912,0.48529,0.01150,0.00004,0.98842,0.00004
21.52206,0.48529,0.01185,0.00004,0.98808,0.00003
21.62500,0.48529,0.01510,0.00003,0.98484,0.00003
21.72794,0.48529,0.01242,0.00005,0.98751,0.00002
21.83088,0.48529,0.01356,0.00007,0.98632,0.00004
21.93382,0.48529,0.01039,0.00002,0.98958,0.00002
22.03676,0.48529,0.00962,0.00003,0.99033,0.00002
22.13971,0.48529,0.00728,0.00002,0.99269,0.00002
22.24265,0.48529,0.00910,0.00003,0.99083,0.00004
22.34559,0.48529,0.01313,0.00004,0.98678,0.00005
22.44853,0.48529,0.01581,0.00004,0.98411,0.00003
22.55147,0.48529,0.01325,0.00003,0.98670,0.00003
22.65441,0.48529,0.01357,0.00003,0.98637,0.00003
22.75735,0.48529,0.01283,0.00002,0.98713,0.00002
22.86029,0.48529,0.00736,0.00002,0.99260,0.00002
22.96324,0.48529,0.00798,0.00002,0.99198,0.00002
23.06618,0.48529,0.00860,0.00002,0.99135,0.00002
23.16912,0.48529,0.01314,0.00006,0.98675,0.00005
23.27206,0.48529,0.01166,0.00003,0.98829,0.00003
23.37500,0.48529,0.01233,0.00003,0.98762,0.00003
23.47794,0.48529,0.01388,0.00004,0.98604,0.00003
23.58088,0.48529,0.01185,0.00002,0.98812,0.00002
23.68382,0.48529,0.00853,0.00002,0.99144,0.00001
23.78676,0.48529,0.00918,0.00001,0.99079,0.00002
23.88971,0.48529,0.01137,0.00003,0.98856,0.00004
23.99265,0.48529,0.01275,0.00005,0.98716,0.00004
24.09559,0.48529,0.01239,0.00003,0.98755,0.00003
24.19853,0.48529,0.01473,0.00003,0.98522,0.00003
24.30147,0.48529,0.01618,0.00005,0.98374,0.00003
24.40441,0.48529,0.01482,0.00003,0.98511,0.00003
24.50735,0.48529,0.00785,0.00002,0.99212,0.00001
24.61029,0.48529,0.00869,0.00001,0.99128,0.00002
24.71324,0.48529,0.00965,0.00002,0.99030,0.00003
24.81618,0.48529,0.01126,0.00005,0.98866,0.00004
24.91912,0.48529,0.01338,0.00004,0.98655,0.00003
25.02206,0.48529,0.01739,0.00004,0.98254,0.00003
25.12500,0.48529,0.01480,0.00007,0.98509,0.00004
25.22794,0.48529,0.01481,0.00003,0.98512,0.00003
25.33088,0.48529,0.01231,0.00003,0.98764,0.00002
25.43382,0.48529,0.01018,0.00002,0.98977,0.00003
25.53676,0.48529,0.01247,0.00002,0.98749,0.00003
25.63971,0.48529,0.01525,0.00005,0.98464,0.00006
25.74265,0.48529,0.01400,0.00004,0.98593,0.00004
25.84559,0.48529,0.01398,0.00003,0.98594,0.00004
25.94853,0.48529,0.01434,0.00003,0.98561,0.00003
26.05147,0.48529,0.01529,0.00004,0.98464,0.00003
26.15441,0.48529,0.01369,0.00003,0.98626,0.00003
26.25735,0.48529,0.00875,0.00002,0.99122,0.00002
26.36029,0.48529,0.00919,0.00003,0.99074,0.00004
26.46324,0.48529,0.01292,0.00004,0.98701,0.00003
26.56618,0.48529,0.01450,0.00004,0.98543,0.00003
26.66912,0.48529,0.01582,0.00003,0.98411,0.00004
26.77206,0.48529,0.01411,0.00004,0.98582,0.00003
26.87500,0.48529,0.02053,0.00007,0.97936,0.00004
26.97794,0.48529,0.00853,0.00002,0.99144,0.00002
27.08088,0.48529,0.00785,0.00002,0.99210,0.00002
27.18382,0.48529,0.00844,0.00002,0.99151,0.00002
27.28676,0.48529,0.01026,0.00002,0.98971,0.00002
27.38971,0.48529,0.01951,0.00007,0.98034,0.00007
27.49265,0.48529,0.01366,0.00004,0.98627,0.00004
27.59559,0.48529,0.01357,0.00004,0.98637,0.00003
27.69853,0.48529,0.01229,0.00003,0.98765,0.00003
27.80147,0.48529,0.01129,0.00002,0.98867,0.00002
27.90441,0.48529,0.01020,0.00002,0.98976,0.00002
28.00735,0.48529,0.00753,0.00002,0.99242,0.00003
28.11029,0.48529,0.01012,0.00003,0.98981,0.00003
28.21324,0.48529,0.01505,0.00004,0.98488,0.00003
28.31618,0.48529,0.01618,0.00006,0.98372,0.00004
28.41912,0.48529,0.01224,0.00006,0.98767,0.00004
28.52206,0.48529,0.01354,0.00006,0.98637,0.00003
28.62500,0.48529,0.01372,0.00005,0.98620,0.00003
28.72794,0.48529,0.00928,0.00002,0.99068,0.00002
28.83088,0.48529,0.00882,0.00002,0.99114,0.00001
28.93382,0.48529,0.01063,0.00003,0.98931,0.00003
29.03676,0.48529,0.01124,0.00003,0.98871,0.00003
29.13971,0.48529,0.01204,0.00004,0.98788,0.00003
29.24265,0.48529,0.01124,0.00004,0.98868,0.00003
29.34559,0.48529,0.00866,0.00003,0.99128,0.00003
29.44853,0.48529,0.01188,0.00004,0.98805,0.00003
29.55147,0.48529,0.01322,0.00005,0.98671,0.00003
29.65441,0.48529,0.00968,0.00002,0.99029,0.00002
29.75735,0.48529,0.01149,0.00003,0.98844,0.00004
29.86029,0.48529,0.01077,0.00003,0.98916,0.00004
29.96324,0.48529,0.01478,0.00004,0.98515,0.00003
30.06618,0.48529,0.01512,0.00006,0.98478,0.00005
30.16912,0.48529,0.01173,0.00004,0.98820,0.00003
30.27206,0.48529,0.01147,0.00003,0.98847,0.00003
30.37500,0.48529,0.01117,0.00002,0.98879,0.00002
30.47794,0.48529,0.00898,0.00001,0.99099,0.00002
30.58088,0.48529,0.00939,0.00002,0.99056,0.00003
30.68382,0.48529,0.01394,0.00004,0.98598,0.00004
30.78676,0.48529,0.01345,0.00004,0.98648,0.00004
30.88971,0.48529,0.01157,0.00004,0.98835,0.00004
30.99265,0.48529,0.01398,0.00005,0.98593,0.00004
31.09559,0.48529,0.01346,0.00003,0.98648,0.00003
31.19853,0.48529,0.01045,0.00003,0.98950,0.00002
31.30147,0.48529,0.00848,0.00002,0.99148,0.00002
31.40441,0.48529,0.01029,0.00004,0.98963,0.00004
31.50735,0.48529,0.00895,0.00002,0.99100,0.00003
31.61029,0.48529,0.01432,0.00006,0.98558,0.00004
31.71324,0.48529,0.01331,0.00004,0.98660,0.00004
31.81618,0.48529,0.01259,0.00005,0.98732,0.00004
31.91912,0.48529,0.01672,0.00004,0.98320,0.00004
32.02206,0.48529,0.01517,0.00002,0.98479,0.00002
32.12500,0.48529,0.00991,0.00002,0.99005,0.00002
32.22794,0.48529,0.00978,0.00002,0.99017,0.00003
32.33088,0.48529,0.01006,0.00003,0.98988,0.00002
32.43382,0.48529,0.01287,0.00004,0.98706,0.00004
32.53677,0.48529,0.01389,0.00005,0.98602,0.00004
32.63971,0.48529,0.01062,0.00005,0.98931,0.00003
32.74265,0.48529,0.01007,0.00004,0.98986,0.00003
32.84559,0.48529,0.01337,0.00003,0.98658,0.00002
32.94853,0.48529,0.01028,0.00002,0.98968,0.00002
33.05147,0.48529,0.00857,0.00002,0.99139,0.00002
33.15441,0.48529,0.01414,0.00004,0.98579,0.00004
33.25735,0.48529,0.01262,0.00004,0.98731,0.00003
33.36029,0.48529,0.01471,0.00005,0.98520,0.00004
33.46323,0.48529,0.01921,0.00005,0.98070,0.00004
33.56618,0.48529,0.01536,0.00005,0.98456,0.00003
33.66912,0.48529,0.01079,0.00004,0.98915,0.00002
33.77206,0.48529,0.00789,0.00002,0.99207,0.00002
33.87500,0.48529,0.00941,0.00002,0.99055,0.00002
33.97794,0.48529,0.00882,0.00003,0.99112,0.00003
34.08088,0.48529,0.01499,0.00004,0.98492,0.00005
34.18382,0.48529,0.01526,0.00004,0.98466,0.00005
34.28677,0.48529,0.01489,0.00006,0.98501,0.00004
34.38971,0.48529,0.01132,0.00005,0.98861,0.00003
34.49265,0.48529,0.01319,0.00004,0.98675,0.00002
34.59559,0.48529,0.01135,0.00003,0.98861,0.00002
34.69853,0.48529,0.00759,0.00002,0.99237,0.00002
34.80147,0.48529,0.00866,0.00002,0.99129,0.00003
34.90441,0.48529,0.00998,0.00002,0.98999,0.00002
35.00735,0.48529,0.01577,0.00005,0.98413,0.00005
35.11029,0.48529,0.01435,0.00008,0.98552,0.00005
35.21323,0.48529,0.00915,0.00004,0.99078,0.00002
35.31618,0.48529,0.01135,0.00004,0.98859,0.00002
35.41912,0.48529,0.01399,0.00004,0.98594,0.00003
35.52206,0.48529,0.00873,0.00002,0.99123,0.00002
35.62500,0.48529,0.01051,0.00002,0.98943,0.00003
35.72794,0.48529,0.01094,0.00002,0.98901,0.00003
35.83088,0.48529,0.01655,0.00005,0.98333,0.00006
35.93382,0.48529,0.01777,0.00006,0.98213,0.00004
36.03677,0.48529,0.01183,0.00004,0.98810,0.00003
36.13971,0.48529,0.01343,0.00005,0.98648,0.00003
36.24265,0.48529,0.01165,0.00004,0.98828,0.00003
36.34559,0.48529,0.00870,0.00002,0.99126,0.00002
36.44853,0.48529,0.00711,0.00002,0.99286,0.00002
36.55147,0.48529,0.01434,0.00007,0.98554,0.00005
36.65441,0.48529,0.01347,0.00004,0.98644,0.00004
36.75735,0.48529,0.01319,0.00005,0.98673,0.00004
36.86029,0.48529,0.01619,0.00003,0.98375,0.00003
36.96323,0.48529,0.01423,0.00005,0.98569,0.00003
37.06618,0.48529,0.01481,0.00003,0.98514,0.00002
37.16912,0.48529,0.01010,0.00002,0.98986,0.00002
37.27206,0.48529,0.01198,0.00001,0.98798,0.00002
37.37500,0.48529,0.01189,0.00003,0.98805,0.00003
37.47794,0.48529,0.01181,0.00004,0.98812,0.00003
37.58088,0.48529,0.01245,0.00005,0.98745,0.00005
37.68382,0.48529,0.01290,0.00004,0.98704,0.00002
37.78677,0.48529,0.01163,0.00003,0.98833,0.00002
37.88971,0.48529,0.01469,0.00005,0.98522,0.00004
37.99265,0.48529,0.00878,0.00002,0.99118,0.00002
38.09559,0.48529,0.00837,0.00002,0.99159,0.00002
38.19853,0.48529,0.00972,0.00003,0.99022,0.00003
38.30147,0.48529,0.01069,0.00003,0.98924,0.00003
38.40441,0.48529,0.01339,0.00006,0.98650,0.00005
38.50735,0.48529,0.01470,0.00006,0.98520,0.00004
38.61029,0.48529,0.01183,0.00005,0.98809,0.00003
38.71323,0.48529,0.01167,0.00007,0.98823,0.00003
38.81618,0.48529,0.01118,0.00003,0.98878,0.00002
38.91912,0.48529,0.01049,0.00002,0.98947,0.00002
39.02206,0.48529,0.00793,0.00002,0.99202,0.00002
39.12500,0.48529,0.00793,0.00003,0.99202,0.00003
39.22794,0.48529,0.01437,0.00004,0.98555,0.00003
39.33088,0.48529,0.01257,0.00004,0.98736,0.00003
39.43382,0.48529,0.01315,0.00007,0.98673,0.00004
39.53677,0.48529,0.01479,0.00006,0.98511,0.00004
39.63971,0.48529,0.01231,0.00003,0.98764,0.00002
39.74265,0.48529,0.01150,0.00003,0.98846,0.00002
39.84559,0.48529,0.00834,0.00001,0.99162,0.00002
39.94853,0.48529,0.01257,0.00004,0.98734,0.00005
40.05147,0.48529,0.01217,0.00004,0.98775,0.00004
40.15441,0.48529,0.01622,0.00006,0.98368,0.00005
40.25735,0.48529,0.01147,0.00004,0.98845,0.00003
40.36029,0.48529,0.00995,0.00003,0.99000,0.00002
40.46323,0.48529,0.01714,0.00003,0.98280,0.00003
40.56618,0.48529,0.00955,0.00002,0.99042,0.00001
40.66912,0.48529,0.00897,0.00002,0.99099,0.00003
40.77206,0.48529,0.01064,0.00003,0.98929,0.00004
40.87500,0.48529,0.01293,0.00005,0.98699,0.00003
40.97794,0.48529,0.01202,0.00004,0.98791,0.00003
41.08088,0.48529,0.01348,0.00006,0.98643,0.00003
41.18382,0.48529,0.00986,0.00003,0.99009,0.00002
41.28677,0.48529,0.00793,0.00003,0.99202,0.00002
41.38971,0.48529,0.00781,0.00001,0.99217,0.00001
41.49265,0.48529,0.01088,0.00002,0.98908,0.00002
41.59559,0.48529,0.00953,0.00003,0.99041,0.00003
41.69853,0.48529,0.01749,0.00005,0.98242,0.00004
41.80147,0.48529,0.01243,0.00005,0.98748,0.00003
41.90441,0.48529,0.01582,0.00005,0.98409,0.00004
42.00735,0.48529,0.01318,0.00005,0.98674,0.00003
42.11029,0.48529,0.01044,0.00005,0.98949,0.00003
42.21323,0.48529,0.00810,0.00001,0.99188,0.00001
42.31618,0.48529,0.00900,0.00002,0.99095,0.00002
42.41912,0.48529,0.01014,0.00003,0.98980,0.00004
42.52206,0.48529,0.01137,0.00003,0.98856,0.00003
42.62500,0.48529,0.01217,0.00005,0.98774,0.00004
42.72794,0.48529,0.01352,0.00007,0.98637,0.00004
42.83088,0.48529,0.01340,0.00007,0.98649,0.00004
42.93382,0.48529,0.01479,0.00004,0.98514,0.00003
43.03677,0.48529,0.01064,0.00002,0.98931,0.00002
43.13971,0.48529,0.00884,0.00002,0.99113,0.00002
43.24265,0.48529,0.00861,0.00003,0.99133,0.00003
43.34559,0.48529,0.01155,0.00004,0.98837,0.00004
43.44853,0.48529,0.01276,0.00005,0.98715,0.00004
43.55147,0.48529,0.01465,0.00006,0.98525,0.00004
43.65441,0.48529,0.01262,0.00007,0.98727,0.00004
43.75735,0.48529,0.01444,0.00006,0.98547,0.00004
43.86029,0.48529,0.01312,0.00003,0.98682,0.00002
43.96323,0.48529,0.00960,0.00002,0.99037,0.00002
44.06618,0.48529,0.00867,0.00003,0.99128,0.00002
44.16912,0.48529,0.01169,0.00004,0.98823,0.00004
44.27206,0.48529,0.01494,0.00004,0.98498,0.00004
44.37500,0.48529,0.01304,0.00004,0.98688,0.00004
44.47794,0.48529,0.01268,0.00004,0.98725,0.00003
44.58088,0.48529,0.00960,0.00003,0.99035,0.00002
44.68382,0.48529,0.01300,0.00003,0.98694,0.00003
44.78677,0.48529,0.00988,0.00002,0.99008,0.00002
44.88971,0.48529,0.00750,0.00002,0.99246,0.00002
44.99265,0.48529,0.01348,0.00006,0.98641,0.00005
45.09559,0.48529,0.01571,0.00007,0.98417,0.00005
45.19853,0.48529,0.01216,0.00003,0.98779,0.00003
45.30147,0.48529,0.01709,0.00004,0.98284,0.00003
45.40441,0.48529,0.01306,0.00005,0.98685,0.00003
45.50735,0.48529,0.01051,0.00002,0.98945,0.00002
45.61029,0.48529,0.00834,0.00002,0.99163,0.00002
45.71323,0.48529,0.00824,0.00002,0.99172,0.00002
45.81618,0.48529,0.00857,0.00003,0.99138,0.00003
45.91912,0.48529,0.01446,0.00005,0.98545,0.00004
46.02206,0.48529,0.01228,0.00006,0.98762,0.00004
46.12500,0.48529,0.01633,0.00008,0.98355,0.00005
46.22794,0.48529,0.01173,0.00005,0.98820,0.00003
46.33088,0.48529,0.01236,0.00004,0.98757,0.00003
46.43382,0.48529,0.00893,0.00002,0.99103,0.00002
46.53677,0.48529,0.00871,0.00002,0.99125,0.00002
46.63971,0.48529,0.01012,0.00003,0.98983,0.00003
46.74265,0.48529,0.01034,0.00002,0.98961,0.00003
46.84559,0.48529,0.01449,0.00006,0.98539,0.00006
46.94853,0.48529,0.01516,0.00008,0.98470,0.00005
47.05147,0.48529,0.01351,0.00007,0.98638,0.00004
47.15441,0.48529,0.01411,0.00005,0.98581,0.00003
47.25735,0.48529,0.01002,0.00002,0.98994,0.00002
47.36029,0.48529,0.01082,0.00002,0.98913,0.00003
47.46323,0.48529,0.00944,0.00003,0.99050,0.00003
47.56618,0.48529,0.01124,0.00004,0.98869,0.00003
47.66912,0.48529,0.01592,0.00006,0.98398,0.00004
47.77206,0.48529,0.01683,0.00008,0.98304,0.00005
47.87500,0.48529,0.01236,0.00006,0.98755,0.00003
47.97794,0.48529,0.01236,0.00006,0.98755,0.00003
48.08088,0.48529,0.01118,0.00003,0.98876,0.00003
48.18382,0.48529,0.01075,0.00003,0.98919,0.00003
48.28677,0.48529,0.00957,0.00003,0.99037,0.00003
48.38971,0.48529,0.01060,0.00003,0.98933,0.00004
48.49265,0.48529,0.01340,0.00004,0.98651,0.00005
48.59559,0.48529,0.01514,0.00006,0.98475,0.00005
48.69853,0.48529,0.01443,0.00007,0.98545,0.00004
48.80147,0.48529,0.01388,0.00008,0.98599,0.00004
48.90441,0.48529,0.01361,0.00003,0.98633,0.00003
49.00735,0.48529,0.01066,0.00002,0.98930,0.00002
49.11029,0.48529,0.00884,0.00003,0.99111,0.00003
49.21323,0.48529,0.00883,0.00003,0.99109,0.00005
49.31618,0.48529,0.01372,0.00006,0.98617,0.00005
49.41912,0.48529,0.01680,0.00009,0.98305,0.00006
49.52206,0.48529,0.01382,0.00008,0.98607,0.00004
49.62500,0.48529,0.01597,0.00007,0.98392,0.00004
49.72794,0.48529,0.01403,0.00004,0.98589,0.00004
49.83088,0.48529,0.01057,0.00002,0.98939,0.00002
49.93382,0.48529,0.00762,0.00002,0.99234,0.00002
50.03677,0.48529,0.01128,0.00005,0.98862,0.00005
50.13971,0.48529,0.01156,0.00004,0.98836,0.00003
50.24265,0.48529,0.01251,0.00004,0.98741,0.00004
50.34559,0.48529,0.01909,0.00011,0.98073,0.00007
50.44853,0.48529,0.01413,0.00009,0.98573,0.00005
50.55147,0.48529,0.01172,0.00004,0.98820,0.00004
50.65441,0.48529,0.01146,0.00003,0.98849,0.00003
50.75735,0.48529,0.00852,0.00002,0.99144,0.00002
50.86029,0.48529,0.00978,0.00003,0.99014,0.00004
50.96323,0.48529,0.01412,0.00006,0.98576,0.00006
51.06618,0.48529,0.01716,0.00009,0.98267,0.00007
51.16912,0.48529,0.01706,0.00005,0.98284,0.00005
51.27206,0.48529,0.01074,0.00005,0.98919,0.00003
51.37500,0.48529,0.01049,0.00003,0.98945,0.00003
51.47794,0.48529,0.00883,0.00001,0.99114,0.00002
51.58088,0.48529,0.00882,0.00002,0.99114,0.00002
51.68382,0.48529,0.00972,0.00002,0.99023,0.00003
51.78677,0.48529,0.01593,0.00006,0.98396,0.00005
51.88971,0.48529,0.01407,0.00006,0.98584,0.00004
51.99265,0.48529,0.01594,0.00006,0.98393,0.00007
52.09559,0.48529,0.01765,0.00008,0.98221,0.00006
52.19853,0.48529,0.01132,0.00003,0.98862,0.00003
52.30147,0.48529,0.01059,0.00003,0.98935,0.00003
52.40441,0.48529,0.00918,0.00002,0.99077,0.00002
52.50735,0.48529,0.01008,0.00003,0.98987,0.00003
52.61029,0.48529,0.01004,0.00004,0.98988,0.00004
52.71323,0.48529,0.01471,0.00004,0.98520,0.00005
52.81618,0.48529,0.01762,0.00010,0.98222,0.00005
52.91912,0.48529,0.01665,0.00007,0.98324,0.00004
53.02206,0.48529,0.01117,0.00005,0.98874,0.00004
53.12500,0.48529,0.01289,0.00005,0.98702,0.00004
53.22794,0.48529,0.00890,0.00003,0.99104,0.00003
53.33088,0.48529,0.00903,0.00002,0.99092,0.00003
53.43382,0.48529,0.01180,0.00004,0.98812,0.00004
53.53677,0.48529,0.01006,0.00003,0.98988,0.00003
53.63971,0.48529,0.01748,0.00007,0.98239,0.00006
53.74265,0.48529,0.01869,0.00008,0.98117,0.00005
53.84559,0.48529,0.01418,0.00006,0.98572,0.00004
53.94853,0.48529,0.01319,0.00008,0.98669,0.00005
54.05147,0.48529,0.00865,0.00002,0.99130,0.00002
54.15441,0.48529,0.00885,0.00002,0.99110,0.00003
54.25735,0.48529,0.01239,0.00005,0.98750,0.00006
54.36029,0.48529,0.01374,0.00005,0.98617,0.00005
54.46323,0.48529,0.02344,0.00014,0.97634,0.00008
54.56618,0.48529,0.01666,0.00007,0.98322,0.00005
54.66912,0.48529,0.00924,0.00004,0.99068,0.00003
54.77206,0.48529,0.01244,0.00004,0.98748,0.00004
54.87500,0.48529,0.01074,0.00002,0.98921,0.00002
54.97794,0.48529,0.00887,0.00004,0.99106,0.00003
55.08088,0.48529,0.01033,0.00005,0.98959,0.00004
55.18382,0.48529,0.01148,0.00003,0.98845,0.00004
55.28677,0.48529,0.01437,0.00005,0.98553,0.00004
55.38971,0.48529,0.02073,0.00006,0.97915,0.00007
55.49265,0.48529,0.01410,0.00010,0.98575,0.00005
55.59559,0.48529,0.01451,0.00008,0.98537,0.00005
55.69853,0.48529,0.00980,0.00003,0.99015,0.00003
55.80147,0.48529,0.00965,0.00003,0.99028,0.00003
55.90441,0.48529,0.01066,0.00003,0.98927,0.00004
56.00735,0.48529,0.01298,0.00006,0.98692,0.00005
56.11029,0.48529,0.01769,0.00009,0.98214,0.00008
56.21323,0.48529,0.01260,0.00005,0.98731,0.00005
56.31618,0.48529,0.01233,0.00004,0.98759,0.00004
56.41912,0.48529,0.01640,0.00005,0.98350,0.00004
56.52206,0.48529,0.01165,0.00002,0.98830,0.00003
56.62500,0.48529,0.00871,0.00002,0.99124,0.00003
56.72794,0.48529,0.01029,0.00003,0.98964,0.00003
56.83088,0.48529,0.00971,0.00002,0.99023,0.00004
56.93382,0.48529,0.01579,0.00005,0.98412,0.00004
57.03677,0.48529,0.01864,0.00010,0.98118,0.00008
57.13971,0.48529,0.01756,0.00007,0.98232,0.00005
57.24265,0.48529,0.01753,0.00008,0.98233,0.00005
57.34559,0.48529,0.01158,0.00005,0.98834,0.00003
57.44853,0.48529,0.00863,0.00002,0.99132,0.00002
57.55147,0.48529,0.01196,0.00003,0.98798,0.00003
57.65441,0.48529,0.01204,0.00003,0.98789,0.00004
57.75735,0.48529,0.01345,0.00004,0.98646,0.00005
57.86029,0.48529,0.01837,0.00006,0.98151,0.00006
57.96323,0.48529,0.01733,0.00011,0.98249,0.00007
58.06618,0.48529,0.01231,0.00006,0.98758,0.00004
58.16912,0.48529,0.01331,0.00005,0.98659,0.00005
58.27206,0.48529,0.00849,0.00002,0.99146,0.00003
58.37500,0.48529,0.00939,0.00003,0.99055,0.00003
58.47794,0.48529,0.00989,0.00004,0.99004,0.00004
58.58088,0.48529,0.01431,0.00007,0.98556,0.00006
58.68382,0.48529,0.01482,0.00006,0.98506,0.00006
58.78677,0.48529,0.01510,0.00004,0.98480,0.00005
58.88971,0.48529,0.01644,0.00009,0.98341,0.00006
58.99265,0.48529,0.01255,0.00004,0.98735,0.00005
59.09559,0.48529,0.00952,0.00001,0.99044,0.00002
59.19853,0.48529,0.01087,0.00004,0.98906,0.00003
59.30147,0.48529,0.00983,0.00003,0.99009,0.00004
59.40441,0.48529,0.01357,0.00005,0.98634,0.00004
59.50735,0.48529,0.01559,0.00010,0.98424,0.00006
59.61029,0.48529,0.01327,0.00006,0.98663,0.00005
59.71323,0.48529,0.01784,0.00013,0.98196,0.00007
59.81618,0.48529,0.01346,0.00009,0.98641,0.00004
59.91912,0.48529,0.00903,0.00004,0.99090,0.00003
60.02206,0.48529,0.00921,0.00002,0.99074,0.00003
60.12500,0.48529,0.01418,0.00004,0.98574,0.00004
60.22794,0.48529,0.01257,0.00005,0.98733,0.00006
60.33088,0.48529,0.01512,0.00006,0.98477,0.00005
60.43382,0.48529,0.01671,0.00010,0.98312,0.00008
60.53677,0.48529,0.01906,0.00014,0.98073,0.00007
60.63971,0.48529,0.01414,0.00009,0.98573,0.00005
60.74265,0.48529,0.01118,0.00005,0.98873,0.00003
60.84559,0.48529,0.00997,0.00002,0.98998,0.00003
60.94853,0.48529,0.01122,0.00003,0.98871,0.00004
61.05147,0.48529,0.01175,0.00004,0.98817,0.00004
61.15441,0.48529,0.01343,0.00005,0.98648,0.00005
61.25735,0.48529,0.01300,0.00003,0.98692,0.00005
61.36029,0.48529,0.01327,0.00005,0.98663,0.00005
61.46323,0.48529,0.01158,0.00004,0.98834,0.00003
61.56618,0.48529,0.01139,0.00004,0.98854,0.00004
61.66912,0.48529,0.00889,0.00002,0.99106,0.00003
61.77206,0.48529,0.00963,0.00003,0.99031,0.00003
61.87500,0.48529,0.01013,0.00004,0.98979,0.00004
61.97794,0.48529,0.01686,0.00010,0.98294,0.00010
62.08088,0.48529,0.01927,0.00010,0.98056,0.00007
62.18382,0.48529,0.01336,0.00006,0.98653,0.00005
62.28677,0.48529,0.01690,0.00007,0.98297,0.00005
62.38971,0.48529,0.01534,0.00005,0.98456,0.00005
62.49265,0.48529,0.00934,0.00002,0.99062,0.00002
62.59559,0.48529,0.00874,0.00003,0.99120,0.00003
62.69853,0.48529,0.01144,0.00004,0.98848,0.00004
62.80147,0.48529,0.01253,0.00006,0.98736,0.00005
62.90441,0.48529,0.01489,0.00008,0.98496,0.00006
63.00735,0.48529,0.01638,0.00008,0.98347,0.00007
63.11029,0.48529,0.02090,0.00017,0.97885,0.00008
63.21323,0.48529,0.01573,0.00008,0.98413,0.00005
63.31618,0.48529,0.00875,0.00002,0.99120,0.00002
63.41912,0.48529,0.01230,0.00003,0.98762,0.00004
63.52206,0.48529,0.01188,0.00003,0.98805,0.00004
63.62500,0.48529,0.01169,0.00005,0.98821,0.00005
63.72794,0.48529,0.01665,0.00004,0.98326,0.00005
63.83088,0.48529,0.01659,0.00012,0.98320,0.00008
63.93382,0.48530,0.02106,0.00011,0.97877,0.00006
64.03677,0.48529,0.01425,0.00006,0.98564,0.00005
64.13971,0.48529,0.01323,0.00005,0.98667,0.00005
64.24265,0.48530,0.00856,0.00002,0.99139,0.00002
64.34559,0.48529,0.00988,0.00003,0.99006,0.00003
64.44853,0.48529,0.01181,0.00005,0.98809,0.00006
64.55147,0.48530,0.01440,0.00004,0.98551,0.00005
64.65441,0.48530,0.01809,0.00009,0.98176,0.00006
64.75735,0.48529,0.01674,0.00005,0.98316,0.00005
64.86029,0.48530,0.01575,0.00006,0.98413,0.00006
64.96323,0.48530,0.01601,0.00004,0.98392,0.00004
65.06618,0.48529,0.00912,0.00002,0.99084,0.00002
65.16912,0.48529,0.01006,0.00004,0.98986,0.00004
65.27206,0.48530,0.01201,0.00007,0.98787,0.00005
65.37500,0.48529,0.01341,0.00007,0.98647,0.00005
65.47794,0.48529,0.01248,0.00004,0.98743,0.00004
65.58088,0.48530,0.01741,0.00009,0.98243,0.00006
65.68382,0.48530,0.01334,0.00006,0.98654,0.00005
65.78677,0.48529,0.01370,0.00004,0.98621,0.00005
65.88971,0.48529,0.01213,0.00003,0.98780,0.00004
65.99265,0.48530,0.00991,0.00002,0.99004,0.00003
66.09559,0.48529,0.01172,0.00003,0.98822,0.00004
66.19853,0.48529,0.01198,0.00004,0.98793,0.00005
66.30147,0.48530,0.01626,0.00007,0.98361,0.00007
66.40441,0.48530,0.01351,0.00006,0.98637,0.00006
66.50735,0.48529,0.01517,0.00010,0.98467,0.00006
66.61029,0.48530,0.01672,0.00008,0.98314,0.00006
66.71323,0.48530,0.01273,0.00003,0.98720,0.00003
66.81618,0.48529,0.00835,0.00002,0.99160,0.00003
66.91912,0.48529,0.01411,0.00004,0.98579,0.00006
67.02206,0.48530,0.01068,0.00004,0.98924,0.00004
67.12500,0.48529,0.01932,0.00008,0.98052,0.00008
67.22794,0.48529,0.02574,0.00016,0.97400,0.00011
67.33088,0.48530,0.02036,0.00013,0.97945,0.00006
67.43382,0.48530,0.01379,0.00007,0.98610,0.00004
67.53677,0.48529,0.01112,0.00003,0.98882,0.00003
67.63971,0.48529,0.01215,0.00003,0.98779,0.00003
67.74265,0.48530,0.00935,0.00002,0.99060,0.00003
67.84559,0.48529,0.01236,0.00005,0.98752,0.00006
67.94853,0.48529,0.01473,0.00005,0.98517,0.00005
68.05147,0.48530,0.01719,0.00010,0.98264,0.00007
68.15441,0.48530,0.01295,0.00004,0.98696,0.00005
68.25735,0.48529,0.01811,0.00010,0.98173,0.00006
68.36029,0.48530,0.01537,0.00004,0.98455,0.00004
68.46323,0.48530,0.00965,0.00003,0.99029,0.00003
68.56618,0.48529,0.01201,0.00004,0.98790,0.00005
68.66912,0.48529,0.01470,0.00007,0.98517,0.00006
68.77206,0.48530,0.01644,0.00009,0.98340,0.00008
68.87500,0.48529,0.01705,0.00008,0.98280,0.00007
68.97794,0.48529,0.01295,0.00005,0.98695,0.00005
69.08088,0.48530,0.01617,0.00006,0.98371,0.00005
69.18382,0.48530,0.01537,0.00007,0.98450,0.00006
69.28677,0.48529,0.01032,0.00003,0.98962,0.00003
69.38971,0.48529,0.01106,0.00003,0.98888,0.00004
69.49265,0.48530,0.01389,0.00005,0.98600,0.00006
69.59559,0.48529,0.01827,0.00010,0.98154,0.00009
69.69853,0.48529,0.01515,0.00006,0.98473,0.00006
69.80147,0.48530,0.01759,0.00010,0.98223,0.00008
69.90441,0.48530,0.01379,0.00007,0.98609,0.00006
70.00735,0.48529,0.01624,0.00008,0.98361,0.00008
70.11029,0.48530,0.01148,0.00002,0.98848,0.00003
70.21323,0.48530,0.01064,0.00003,0.98930,0.00003
70.31618,0.48529,0.01047,0.00004,0.98945,0.00004
70.41912,0.48529,0.01610,0.00008,0.98374,0.00007
70.52206,0.48530,0.01663,0.00008,0.98323,0.00006
70.62500,0.48529,0.01362,0.00007,0.98625,0.00006
70.72794,0.48529,0.01884,0.00011,0.98098,0.00006
70.83088,0.48530,0.01648,0.00005,0.98341,0.00005
70.93382,0.48530,0.01236,0.00005,0.98755,0.00004
71.03677,0.48529,0.00900,0.00002,0.99095,0.00003
71.13971,0.48529,0.01237,0.00005,0.98753,0.00005
71.24265,0.48530,0.01084,0.00005,0.98906,0.00005
71.34559,0.48529,0.01405,0.00005,0.98585,0.00005
71.44853,0.48529,0.01790,0.00012,0.98191,0.00007
71.55147,0.48530,0.02208,0.00008,0.97777,0.00008
71.65441,0.48530,0.02276,0.00016,0.97699,0.00009
71.75735,0.48529,0.01472,0.00007,0.98514,0.00006
71.86029,0.48530,0.00893,0.00002,0.99103,0.00003
71.96323,0.48530,0.01156,0.00005,0.98835,0.00004
72.06618,0.48529,0.01186,0.00006,0.98803,0.00005
72.16912,0.48529,0.01409,0.00005,0.98580,0.00006
72.27206,0.48530,0.01541,0.00006,0.98447,0.00006
72.37500,0.48529,0.01448,0.00006,0.98541,0.00006
72.47794,0.48529,0.01776,0.00013,0.98204,0.00008
72.58088,0.48530,0.01506,0.00008,0.98481,0.00006
72.68382,0.48530,0.00994,0.00003,0.98999,0.00004
72.78677,0.48529,0.01212,0.00004,0.98781,0.00004
72.88971,0.48529,0.01231,0.00006,0.98759,0.00005
72.99265,0.48530,0.01679,0.00011,0.98303,0.00007
73.09559,0.48529,0.01897,0.00015,0.98078,0.00010
73.19853,0.48529,0.01407,0.00006,0.98581,0.00006
73.30147,0.48530,0.01975,0.00010,0.98008,0.00007
73.40441,0.48530,0.01690,0.00006,0.98297,0.00007
73.50735,0.48529,0.01314,0.00004,0.98678,0.00004
73.61029,0.48530,0.01039,0.00004,0.98954,0.00003
73.71323,0.48530,0.00907,0.00003,0.99087,0.00003
73.81618,0.48529,0.01648,0.00009,0.98336,0.00007
73.91912,0.48529,0.02103,0.00012,0.97877,0.00008
74.02206,0.48530,0.01877,0.00010,0.98105,0.00007
74.12500,0.48529,0.01746,0.00010,0.98238,0.00006
74.22794,0.48529,0.01707,0.00011,0.98274,0.00007
74.33088,0.48530,0.01264,0.00005,0.98726,0.00004
74.43382,0.48530,0.01050,0.00003,0.98943,0.00004
74.53677,0.48529,0.01378,0.00005,0.98611,0.00005
74.63971,0.48529,0.01537,0.00009,0.98447,0.00008
74.74265,0.48530,0.01870,0.00010,0.98112,0.00008
74.84559,0.48529,0.01832,0.00009,0.98150,0.00009
74.94853,0.48529,0.02222,0.00015,0.97755,0.00009
75.05147,0.48530,0.02151,0.00010,0.97829,0.00009
75.15441,0.48530,0.01415,0.00006,0.98574,0.00004
75.25735,0.48529,0.01066,0.00004,0.98927,0.00003
75.36029,0.48530,0.01112,0.00003,0.98881,0.00004
75.46323,0.48530,0.01325,0.00006,0.98661,0.00007
75.56618,0.48529,0.01392,0.00006,0.98598,0.00004
75.66912,0.48529,0.01839,0.00012,0.98141,0.00009
75.77206,0.48530,0.01839,0.00014,0.98138,0.00009
75.87500,0.48529,0.01669,0.00011,0.98313,0.00007
75.97794,0.48529,0.01614,0.00009,0.98370,0.00007
76.08088,0.48530,0.01373,0.00004,0.98618,0.00004
76.18382,0.48530,0.01101,0.00004,0.98892,0.00004
76.28677,0.48529,0.01281,0.00005,0.98709,0.00005
76.38971,0.48529,0.01749,0.00008,0.98237,0.00006
76.49265,0.48530,0.01995,0.00010,0.97985,0.00010
76.59559,0.48529,0.01928,0.00014,0.98048,0.00009
76.69853,0.48529,0.01268,0.00006,0.98722,0.00004
76.80147,0.48530,0.01456,0.00005,0.98534,0.00005
76.90441,0.48530,0.01355,0.00004,0.98637,0.00004
77.00735,0.48529,0.01121,0.00004,0.98872,0.00004
77.11029,0.48530,0.01039,0.00004,0.98953,0.00004
77.21323,0.48530,0.01690,0.00009,0.98294,0.00007
77.31618,0.48529,0.01559,0.00007,0.98427,0.00007
77.41912,0.48529,0.01904,0.00010,0.98075,0.00011
77.52206,0.48530,0.01675,0.00010,0.98306,0.00008
77.62500,0.48529,0.01588,0.00006,0.98399,0.00006
77.72794,0.48529,0.01300,0.00004,0.98692,0.00005
77.83088,0.48530,0.01069,0.00004,0.98924,0.00004
77.93382,0.48530,0.01144,0.00003,0.98850,0.00004
78.03677,0.48529,0.01631,0.00008,0.98354,0.00007
78.13971,0.48529,0.01806,0.00011,0.98174,0.00009
78.24265,0.48530,0.02126,0.00015,0.97847,0.00012
78.34559,0.48529,0.01849,0.00009,0.98135,0.00007
78.44853,0.48529,0.01512,0.00006,0.98477,0.00005
78.55147,0.48530,0.01394,0.00005,0.98595,0.00005
78.65441,0.48530,0.01162,0.00003,0.98831,0.00003
78.75735,0.48529,0.01040,0.00003,0.98954,0.00003
78.86029,0.48530,0.01389,0.00006,0.98599,0.00006
78.96323,0.48530,0.02241,0.00011,0.97740,0.00008
79.06618,0.48529,0.02124,0.00010,0.97856,0.00010
79.16912,0.48529,0.01844,0.00009,0.98139,0.00008
79.27206,0.48530,0.01710,0.00009,0.98276,0.00005
79.37500,0.48529,0.01168,0.00003,0.98825,0.00004
79.47794,0.48529,0.01179,0.00003,0.98814,0.00004
79.58088,0.48530,0.01322,0.00004,0.98671,0.00004
79.68382,0.48530,0.01579,0.00010,0.98402,0.00009
79.78677,0.48529,0.01764,0.00008,0.98220,0.00008
79.88971,0.48529,0.01770,0.00010,0.98211,0.00009
79.99265,0.48530,0.01812,0.00011,0.98168,0.00008
80.09559,0.48529,0.01683,0.00007,0.98303,0.00007
80.19853,0.48529,0.01784,0.00007,0.98201,0.00008
80.30147,0.48530,0.01388,0.00004,0.98603,0.00005
80.40441,0.48530,0.01220,0.00004,0.98772,0.00004
80.50735,0.48529,0.01244,0.00004,0.98747,0.00004
80.61029,0.48530,0.02012,0.00009,0.97967,0.00012
80.71323,0.48530,0.01755,0.00008,0.98230,0.00007
80.81618,0.48529,0.01672,0.00007,0.98314,0.00007
80.91912,0.48529,0.01728,0.00008,0.98256,0.00008
81.02206,0.48530,0.01608,0.00007,0.98379,0.00007
81.12500,0.48529,0.01525,0.00003,0.98468,0.00004
81.22794,0.48529,0.01145,0.00004,0.98848,0.00004
81.33088,0.48530,0.01204,0.00005,0.98786,0.00005
81.43382,0.48530,0.01640,0.00009,0.98344,0.00008
81.53677,0.48529,0.01754,0.00011,0.98228,0.00007
81.63971,0.48529,0.02009,0.00011,0.97970,0.00010
81.74265,0.48530,0.02139,0.00010,0.97843,0.00008
81.84559,0.48529,0.01789,0.00010,0.98193,0.00008
81.94853,0.48529,0.01359,0.00006,0.98630,0.00005
82.05147,0.48530,0.00978,0.00003,0.99016,0.00003
82.15441,0.48530,0.01308,0.00006,0.98681,0.00006
82.25735,0.48529,0.01421,0.00007,0.98566,0.00006
82.36029,0.48530,0.02041,0.00013,0.97936,0.00010
82.46323,0.48530,0.01878,0.00007,0.98108,0.00008
82.56618,0.48529,0.02225,0.00014,0.97752,0.00009
82.66912,0.48529,0.01624,0.00013,0.98355,0.00009
82.77206,0.48530,0.01701,0.00005,0.98288,0.00006
82.87500,0.48529,0.01457,0.00005,0.98533,0.00005
82.97794,0.48529,0.01140,0.00004,0.98851,0.00005
83.08088,0.48530,0.01401,0.00007,0.98586,0.00006
83.18382,0.48530,0.01594,0.00008,0.98391,0.00007
83.28677,0.48529,0.01897,0.00011,0.98084,0.00008
83.38971,0.48529,0.02097,0.00008,0.97885,0.00009
83.49265,0.48530,0.01940,0.00012,0.98040,0.00008
83.59559,0.48529,0.01682,0.00007,0.98304,0.00007
83.69853,0.48529,0.01336,0.00005,0.98653,0.00006
83.80147,0.48530,0.01217,0.00004,0.98775,0.00004
83.90441,0.48530,0.01559,0.00007,0.98428,0.00006
84.00735,0.48529,0.01830,0.00012,0.98150,0.00008
84.11029,0.48530,0.02028,0.00012,0.97949,0.00011
84.21323,0.48530,0.02040,0.00016,0.97933,0.00011
84.31618,0.48529,0.01985,0.00012,0.97995,0.00008
84.41912,0.48529,0.01634,0.00007,0.98352,0.00007
84.52206,0.48530,0.01367,0.00006,0.98622,0.00005
84.62500,0.48529,0.01284,0.00006,0.98704,0.00005
84.72794,0.48529,0.01405,0.00006,0.98584,0.00006
84.83088,0.48530,0.01815,0.00012,0.98164,0.00009
84.93382,0.48530,0.01803,0.00011,0.98178,0.00008
85.03677,0.48529,0.01701,0.00007,0.98285,0.00007
85.13971,0.48529,0.02151,0.00013,0.97827,0.00009
85.24265,0.48530,0.01968,0.00013,0.98010,0.00009
85.34559,0.48529,0.01469,0.00003,0.98523,0.00005
85.44853,0.48529,0.01336,0.00005,0.98654,0.00005
85.55147,0.48530,0.01537,0.00006,0.98450,0.00007
85.65441,0.48530,0.01635,0.00010,0.98349,0.00006
85.75735,0.48529,0.01736,0.00010,0.98245,0.00009
85.86029,0.48530,0.02589,0.00018,0.97379,0.00014
85.96323,0.48530,0.01901,0.00007,0.98085,0.00007
86.06618,0.48529,0.02351,0.00012,0.97626,0.00010
86.16912,0.48529,0.01727,0.00009,0.98255,0.00008
86.27206,0.48530,0.01116,0.00002,0.98878,0.00004
86.37500,0.48529,0.01346,0.00006,0.98643,0.00006
86.47794,0.48529,0.01556,0.00007,0.98429,0.00009
86.58088,0.48530,0.01893,0.00010,0.98090,0.00008
86.68382,0.48530,0.02100,0.00013,0.97875,0.00012
86.78677,0.48529,0.01884,0.00008,0.98099,0.00008
86.88971,0.48529,0.02043,0.00013,0.97935,0.00009
86.99265,0.48530,0.01677,0.00006,0.98311,0.00006
87.09559,0.48529,0.01502,0.00004,0.98490,0.00005
87.19853,0.48529,0.01405,0.00005,0.98585,0.00005
87.30147,0.48530,0.01446,0.00007,0.98539,0.00007
87.40441,0.48530,0.01911,0.00011,0.98069,0.00010
87.50735,0.48529,0.02182,0.00012,0.97796,0.00009
87.61029,0.48530,0.01810,0.00010,0.98171,0.00008
87.71323,0.48530,0.02012,0.00012,0.97966,0.00010
87.81618,0.48529,0.01525,0.00006,0.98461,0.00007
87.91912,0.48529,0.01352,0.00004,0.98640,0.00004
88.02206,0.48530,0.01370,0.00003,0.98623,0.00004
88.12500,0.48529,0.01219,0.00005,0.98771,0.00005
88.22794,0.48529,0.02312,0.00012,0.97663,0.00013
88.33088,0.48530,0.02500,0.00014,0.97478,0.00009
88.43382,0.48530,0.02200,0.00012,0.97776,0.00012
88.53677,0.48529,0.02740,0.00016,0.97232,0.00012
88.63971,0.48529,0.01688,0.00009,0.98295,0.00008
88.74265,0.48530,0.01572,0.00004,0.98419,0.00005
88.84559,0.48529,0.01492,0.00006,0.98497,0.00006
88.94853,0.48529,0.01366,0.00005,0.98624,0.00005
89.05147,0.48530,0.01876,0.00009,0.98106,0.00009
89.15441,0.48530,0.01932,0.00012,0.98046,0.00010
89.25735,0.48529,0.01968,0.00012,0.98007,0.00012
89.36029,0.48530,0.02666,0.00027,0.97291,0.00016
89.46323,0.48530,0.01849,0.00013,0.98130,0.00009
89.56618,0.48529,0.01619,0.00009,0.98365,0.00007
89.66912,0.48529,0.01323,0.00004,0.98669,0.00004
89.77206,0.48530,0.01301,0.00005,0.98689,0.00005
89.87500,0.48529,0.01749,0.00010,0.98232,0.00009
89.97794,0.48529,0.02059,0.00011,0.97922,0.00008
90.08088,0.48530,0.02193,0.00014,0.97783,0.00011
90.18382,0.48530,0.02328,0.00012,0.97650,0.00011
90.28677,0.48529,0.02164,0.00014,0.97813,0.00010
90.38971,0.48529,0.01954,0.00009,0.98028,0.00009
90.49265,0.48530,0.01384,0.00003,0.98609,0.00004
90.59559,0.48529,0.01454,0.00006,0.98535,0.00005
90.69853,0.48529,0.01512,0.00007,0.98472,0.00008
90.80147,0.48530,0.02498,0.00017,0.97470,0.00014
90.90441,0.48530,0.02326,0.00013,0.97649,0.00012
91.00735,0.48529,0.01744,0.00012,0.98235,0.00009
91.11029,0.48530,0.01810,0.00010,0.98171,0.00009
91.21323,0.48530,0.01791,0.00009,0.98190,0.00009
91.31618,0.48529,0.01620,0.00005,0.98369,0.00006
91.41912,0.48529,0.01384,0.00005,0.98607,0.00004
91.52206,0.48530,0.01575,0.00007,0.98411,0.00006
91.62500,0.48529,0.02062,0.00011,0.97916,0.00010
91.72794,0.48529,0.02006,0.00013,0.97971,0.00010
91.83088,0.48530,0.02108,0.00011,0.97870,0.00011
91.93382,0.48530,0.02661,0.00017,0.97310,0.00012
92.03677,0.48529,0.02000,0.00009,0.97983,0.00009
92.13971,0.48529,0.02024,0.00006,0.97962,0.00008
92.24265,0.48530,0.01376,0.00005,0.98614,0.00006
92.34559,0.48529,0.01598,0.00005,0.98390,0.00007
92.44853,0.48529,0.01785,0.00009,0.98197,0.00009
92.55147,0.48530,0.02382,0.00015,0.97588,0.00015
92.65441,0.48530,0.02032,0.00007,0.97952,0.00008
92.75735,0.48529,0.02403,0.00016,0.97568,0.00012
92.86029,0.48530,0.01617,0.00007,0.98369,0.00008
92.96323,0.48530,0.01495,0.00006,0.98492,0.00007
93.06618,0.48529,0.01654,0.00006,0.98334,0.00006
93.16912,0.48529,0.01859,0.00009,0.98126,0.00007
93.27206,0.48530,0.01628,0.00008,0.98356,0.00008
93.37500,0.48529,0.01980,0.00008,0.98004,0.00008
93.47794,0.48529,0.02212,0.00010,0.97766,0.00012
93.58088,0.48530,0.02807,0.00016,0.97163,0.00013
93.68382,0.48530,0.02202,0.00013,0.97774,0.00011
93.78677,0.48529,0.01582,0.00005,0.98407,0.00006
93.88971,0.48529,0.01536,0.00005,0.98454,0.00005
93.99265,0.48530,0.01473,0.00005,0.98518,0.00005
94.09559,0.48529,0.01619,0.00007,0.98367,0.00007
94.19853,0.48529,0.02168,0.00010,0.97812,0.00010
94.30147,0.48530,0.02856,0.00016,0.97113,0.00015
94.40441,0.48530,0.01950,0.00009,0.98032,0.00010
94.50735,0.48529,0.02100,0.00011,0.97880,0.00009
94.61029,0.48530,0.02104,0.00009,0.97879,0.00009
94.71323,0.48530,0.01721,0.00003,0.98271,0.00005
94.81618,0.48529,0.01683,0.00006,0.98306,0.00006
94.91912,0.48529,0.01391,0.00005,0.98597,0.00007
95.02206,0.48530,0.02579,0.00015,0.97392,0.00013
95.12500,0.48529,0.02405,0.00016,0.97565,0.00014
95.22794,0.48529,0.02170,0.00009,0.97811,0.00011
95.33088,0.48530,0.02365,0.00014,0.97609,0.00011
95.43382,0.48530,0.01687,0.00008,0.98297,0.00008
95.53677,0.48529,0.01804,0.00007,0.98181,0.00007
95.63971,0.48529,0.01546,0.00006,0.98443,0.00005
95.74265,0.48530,0.01646,0.00007,0.98340,0.00007
95.84559,0.48529,0.02020,0.00011,0.97960,0.00008
95.94853,0.48529,0.02157,0.00012,0.97821,0.00010
96.05147,0.48530,0.02544,0.00015,0.97428,0.00012
96.15441,0.48530,0.02822,0.00015,0.97151,0.00012
96.25735,0.48529,0.02115,0.00011,0.97864,0.00010
96.36029,0.48530,0.01490,0.00005,0.98500,0.00006
96.46323,0.48530,0.01484,0.00006,0.98504,0.00006
96.56618,0.48529,0.01558,0.00006,0.98431,0.00006
96.66912,0.48529,0.01916,0.00011,0.98064,0.00009
96.77206,0.48530,0.02336,0.00015,0.97639,0.00011
96.87500,0.48529,0.02082,0.00011,0.97897,0.00010
96.97794,0.48529,0.02946,0.00028,0.97009,0.00017
97.08088,0.48530,0.01951,0.00013,0.98026,0.00010
97.18382,0.48530,0.01690,0.00008,0.98294,0.00008
97.28677,0.48529,0.01543,0.00006,0.98444,0.00007
97.38971,0.48529,0.01993,0.00012,0.97987,0.00008
97.49265,0.48530,0.01692,0.00007,0.98294,0.00007
97.59559,0.48529,0.02270,0.00013,0.97703,0.00013
97.69853,0.48529,0.02520,0.00014,0.97453,0.00013
97.80147,0.48530,0.02265,0.00014,0.97710,0.00011
97.90441,0.48530,0.02033,0.00014,0.97942,0.00010
98.00735,0.48529,0.01833,0.00006,0.98155,0.00007
98.11029,0.48530,0.01785,0.00008,0.98201,0.00007
98.21323,0.48530,0.01556,0.00005,0.98433,0.00006
98.31618,0.48529,0.01885,0.00009,0.98099,0.00008
98.41912,0.48529,0.02150,0.00015,0.97823,0.00012
98.52206,0.48530,0.02786,0.00017,0.97182,0.00015
98.62500,0.48529,0.02062,0.00008,0.97920,0.00010
98.72794,0.48529,0.02296,0.00009,0.97684,0.00010
98.83088,0.48530,0.01735,0.00007,0.98250,0.00007
98.93382,0.48530,0.01904,0.00004,0.98086,0.00006
99.03677,0.48529,0.01610,0.00005,0.98380,0.00005
99.13971,0.48529,0.01574,0.00006,0.98412,0.00008
99.24265,0.48530,0.01876,0.00008,0.98107,0.00008
99.34559,0.48529,0.02537,0.00015,0.97434,0.00013
99.44853,0.48529,0.02351,0.00013,0.97623,0.00014
99.55147,0.48530,0.02529,0.00012,0.97447,0.00011
99.65441,0.48530,0.02086,0.00012,0.97893,0.00009
99.75735,0.48529,0.02036,0.00009,0.97946,0.00009
99.86029,0.48530,0.01407,0.00003,0.98584,0.00005
99.96323,0.48530,0.02050,0.00008,0.97933,0.00008
100.06618,0.48529,0.02149,0.00011,0.97830,0.00010
100.16912,0.48529,0.02450,0.00016,0.97522,0.00012
100.27206,0.48530,0.02391,0.00013,0.97582,0.00013
100.37500,0.48529,0.02425,0.00010,0.97554,0.00011
100.47794,0.48529,0.02524,0.00013,0.97451,0.00013
100.58088,0.48530,0.02472,0.00006,0.97512,0.00010
100.68382,0.48530,0.01958,0.00005,0.98030,0.00006
100.78677,0.48529,0.01552,0.00005,0.98437,0.00006
100.88971,0.48529,0.01967,0.00011,0.98012,0.00010
100.99265,0.48530,0.02611,0.00014,0.97362,0.00013
101.09559,0.48529,0.02236,0.00015,0.97737,0.00012
101.19853,0.48529,0.02146,0.00011,0.97832,0.00011
101.30147,0.48530,0.02553,0.00014,0.97420,0.00014
101.40441,0.48530,0.01982,0.00008,0.98000,0.00010
101.50735,0.48529,0.01609,0.00005,0.98380,0.00007
101.61029,0.48530,0.02000,0.00009,0.97983,0.00008
101.71323,0.48530,0.01991,0.00009,0.97991,0.00009
101.81618,0.48529,0.02189,0.00009,0.97790,0.00011
101.91912,0.48529,0.02143,0.00007,0.97840,0.00010
102.02206,0.48530,0.02113,0.00011,0.97864,0.00011
102.12500,0.48529,0.02259,0.00013,0.97718,0.00011
102.22794,0.48529,0.01872,0.00006,0.98114,0.00008
102.33088,0.48530,0.01752,0.00004,0.98237,0.00006
102.43382,0.48530,0.01871,0.00007,0.98115,0.00007
102.53677,0.48529,0.01661,0.00006,0.98327,0.00007
102.63971,0.48529,0.02274,0.00012,0.97701,0.00013
102.74265,0.48530,0.02712,0.00017,0.97256,0.00016
102.84559,0.48529,0.02702,0.00015,0.97266,0.00016
102.94853,0.48529,0.02643,0.00022,0.97321,0.00014
103.05147,0.48530,0.01897,0.00009,0.98086,0.00008
103.15441,0.48530,0.01729,0.00006,0.98257,0.00008
103.25735,0.48529,0.01657,0.00006,0.98330,0.00007
103.36029,0.48530,0.01684,0.00006,0.98305,0.00006
103.46323,0.48530,0.01915,0.00011,0.98066,0.00008
103.56618,0.48529,0.02479,0.00011,0.97496,0.00014
103.66912,0.48529,0.02576,0.00018,0.97390,0.00016
103.77206,0.48530,0.01850,0.00007,0.98136,0.00007
103.87500,0.48529,0.01999,0.00012,0.97976,0.00012
103.97794,0.48529,0.02210,0.00008,0.97772,0.00010
104.08088,0.48530,0.01800,0.00004,0.98190,0.00006
104.18382,0.48530,0.01866,0.00008,0.98120,0.00007
104.28677,0.48529,0.01632,0.00007,0.98353,0.00008
104.38971,0.48529,0.02244,0.00014,0.97731,0.00012
104.49265,0.48530,0.02360,0.00012,0.97614,0.00014
104.59559,0.48529,0.02705,0.00016,0.97265,0.00014
104.69853,0.48529,0.02113,0.00011,0.97867,0.00010
104.80147,0.48530,0.02543,0.00014,0.97431,0.00013
104.90441,0.48530,0.01777,0.00006,0.98210,0.00007
105.00735,0.48529,0.01592,0.00006,0.98397,0.00006
105.11029,0.48530,0.01795,0.00008,0.98188,0.00009
105.21323,0.48530,0.02127,0.00010,0.97853,0.00010
105.31618,0.48529,0.02481,0.00017,0.97483,0.00018
105.41912,0.48529,0.02544,0.00015,0.97426,0.00015
105.52206,0.48530,0.02324,0.00016,0.97647,0.00013
105.62500,0.48529,0.02345,0.00012,0.97631,0.00011
105.72794,0.48529,0.02421,0.00007,0.97562,0.00010
105.83088,0.48530,0.01718,0.00007,0.98268,0.00006
105.93382,0.48530,0.01656,0.00005,0.98332,0.00006
106.03677,0.48529,0.02147,0.00012,0.97829,0.00012
106.13971,0.48529,0.02248,0.00012,0.97728,0.00012
106.24265,0.48530,0.02371,0.00015,0.97600,0.00015
106.34559,0.48529,0.02664,0.00020,0.97301,0.00015
106.44853,0.48529,0.02261,0.00015,0.97712,0.00013
106.55147,0.48530,0.02267,0.00013,0.97709,0.00011
106.65441,0.48530,0.01576,0.00005,0.98414,0.00005
106.75735,0.48529,0.01932,0.00009,0.98050,0.00009
106.86029,0.48530,0.02078,0.00011,0.97901,0.00011
106.96323,0.48530,0.02741,0.00022,0.97221,0.00017
107.06618,0.48529,0.02149,0.00012,0.97828,0.00011
107.16912,0.48529,0.02341,0.00018,0.97628,0.00014
107.27206,0.48530,0.02474,0.00017,0.97496,0.00013
107.37500,0.48529,0.02127,0.00006,0.97860,0.00008
107.47794,0.48529,0.02202,0.00008,0.97780,0.00009
107.58088,0.48530,0.01518,0.00005,0.98471,0.00006
107.68382,0.48530,0.02078,0.00013,0.97897,0.00012
107.78677,0.48529,0.02157,0.00010,0.97825,0.00009
107.88971,0.48529,0.02768,0.00016,0.97201,0.00015
107.99265,0.48530,0.02679,0.00015,0.97292,0.00014
108.09559,0.48529,0.02440,0.00012,0.97536,0.00012
108.19853,0.48529,0.02279,0.00014,0.97695,0.00012
108.30147,0.48530,0.02035,0.00005,0.97953,0.00007
108.40441,0.48530,0.01979,0.00009,0.98003,0.00009
108.50735,0.48529,0.01980,0.00010,0.98000,0.00010
108.61029,0.48530,0.02617,0.00016,0.97352,0.00015
108.71323,0.48530,0.02525,0.00013,0.97449,0.00013
108.81618,0.48529,0.02493,0.00014,0.97479,0.00013
108.91912,0.48529,0.02456,0.00015,0.97518,0.00012
109.02206,0.48530,0.02246,0.00010,0.97734,0.00010
109.12500,0.48529,0.01630,0.00007,0.98356,0.00008
109.22794,0.48529,0.01941,0.00009,0.98042,0.00008
109.33088,0.48530,0.01725,0.00006,0.98262,0.00007
109.43382,0.48530,0.02470,0.00015,0.97501,0.00014
109.53677,0.48529,0.02656,0.00013,0.97318,0.00013
109.63971,0.48529,0.02605,0.00015,0.97363,0.00016
109.74265,0.48530,0.02607,0.00016,0.97364,0.00014
109.84559,0.48529,0.02455,0.00012,0.97520,0.00012
109.94853,0.48529,0.02194,0.00006,0.97792,0.00008
110.05147,0.48530,0.02009,0.00007,0.97977,0.00007
110.15441,0.48530,0.01707,0.00006,0.98279,0.00008
110.25735,0.48529,0.02256,0.00011,0.97721,0.00012
110.36029,0.48530,0.02389,0.00011,0.97590,0.00010
110.46323,0.48530,0.03343,0.00019,0.96615,0.00022
110.56618,0.48529,0.03453,0.00021,0.96507,0.00019
110.66912,0.48529,0.03107,0.00022,0.96852,0.00020
110.77206,0.48530,0.02669,0.00012,0.97306,0.00012
110.87500,0.48529,0.02003,0.00006,0.97982,0.00008
110.97794,0.48529,0.01967,0.00006,0.98019,0.00008
111.08088,0.48530,0.02514,0.00016,0.97456,0.00014
111.18382,0.48530,0.02797,0.00017,0.97174,0.00012
111.28677,0.48529,0.02773,0.00019,0.97193,0.00015
111.38971,0.48529,0.02402,0.00016,0.97567,0.00015
111.49265,0.48530,0.02498,0.00012,0.97478,0.00011
111.59559,0.48529,0.02289,0.00007,0.97696,0.00008
111.69853,0.48529,0.02328,0.00008,0.97654,0.00010
111.80147,0.48530,0.01728,0.00005,0.98259,0.00007
111.90441,0.48530,0.02378,0.00012,0.97598,0.00012
112.00735,0.48529,0.02219,0.00010,0.97761,0.00009
112.11029,0.48530,0.03200,0.00021,0.96759,0.00020
112.21323,0.48530,0.03146,0.00021,0.96814,0.00019
112.31618,0.48529,0.02743,0.00017,0.97227,0.00014
112.41912,0.48529,0.02827,0.00018,0.97138,0.00017
112.52206,0.48530,0.02342,0.00008,0.97640,0.00010
112.62500,0.48529,0.01960,0.00006,0.98026,0.00007
112.72794,0.48529,0.02079,0.00008,0.97905,0.00009
112.83088,0.48530,0.02733,0.00014,0.97238,0.00015
112.93382,0.48530,0.03104,0.00016,0.96865,0.00015
113.03677,0.48529,0.02894,0.00012,0.97077,0.00017
113.13971,0.48529,0.03060,0.00015,0.96909,0.00016
113.24265,0.48530,0.02423,0.00012,0.97552,0.00013
113.34559,0.48529,0.02229,0.00011,0.97748,0.00013
113.44853,0.48529,0.02045,0.00008,0.97939,0.00008
113.55147,0.48530,0.02026,0.00008,0.97958,0.00008
113.65441,0.48530,0.02675,0.00016,0.97297,0.00011
113.75735,0.48529,0.02864,0.00017,0.97106,0.00013
113.86029,0.48530,0.03406,0.00021,0.96551,0.00022
113.96323,0.48530,0.02749,0.00016,0.97220,0.00015
114.06618,0.48529,0.02951,0.00020,0.97011,0.00017
114.16912,0.48529,0.02405,0.00010,0.97572,0.00012
114.27206,0.48530,0.02269,0.00010,0.97711,0.00010
114.37500,0.48529,0.02051,0.00007,0.97934,0.00008
114.47794,0.48529,0.02319,0.00013,0.97656,0.00012
114.58088,0.48530,0.02667,0.00015,0.97304,0.00014
114.68382,0.48530,0.03544,0.00024,0.96410,0.00022
114.78677,0.48529,0.03709,0.00028,0.96241,0.00022
114.88971,0.48529,0.02625,0.00016,0.97345,0.00013
114.99265,0.48530,0.02440,0.00018,0.97528,0.00014
115.09559,0.48529,0.02510,0.00007,0.97474,0.00009
115.19853,0.48529,0.02055,0.00008,0.97930,0.00007
115.30147,0.48530,0.02474,0.00013,0.97501,0.00011
115.40441,0.48530,0.02992,0.00023,0.96967,0.00018
115.50735,0.48529,0.03069,0.00021,0.96893,0.00017
115.61029,0.48530,0.02561,0.00014,0.97411,0.00015
115.71323,0.48530,0.02945,0.00024,0.97012,0.00019
115.81618,0.48529,0.02455,0.00010,0.97524,0.00011
115.91912,0.48529,0.02493,0.00010,0.97486,0.00011
116.02206,0.48530,0.02222,0.00008,0.97761,0.00009
116.12500,0.48529,0.01980,0.00007,0.98003,0.00010
116.22794,0.48529,0.02763,0.00016,0.97206,0.00015
116.33088,0.48530,0.02913,0.00013,0.97059,0.00014
116.43382,0.48530,0.03176,0.00022,0.96782,0.00021
116.53677,0.48529,0.03257,0.00025,0.96697,0.00021
116.63971,0.48529,0.03210,0.00020,0.96753,0.00016
116.74265,0.48530,0.02429,0.00012,0.97547,0.00013
116.84559,0.48529,0.02441,0.00008,0.97540,0.00011
116.94853,0.48529,0.02169,0.00008,0.97814,0.00008
117.05147,0.48530,0.02367,0.00012,0.97608,0.00014
117.15441,0.48530,0.02410,0.00011,0.97569,0.00010
117.25735,0.48529,0.02858,0.00018,0.97104,0.00020
117.36029,0.48530,0.03218,0.00021,0.96743,0.00017
117.46323,0.48530,0.02656,0.00011,0.97320,0.00013
117.56618,0.48529,0.02952,0.00015,0.97020,0.00014
117.66912,0.48529,0.02389,0.00010,0.97589,0.00012
117.77206,0.48530,0.01973,0.00008,0.98012,0.00008
117.87500,0.48529,0.02105,0.00009,0.97876,0.00010
117.97794,0.48529,0.02636,0.00015,0.97338,0.00012
118.08088,0.48530,0.03280,0.00020,0.96678,0.00021
118.18382,0.48530,0.02946,0.00017,0.97020,0.00017
118.28677,0.48529,0.02761,0.00021,0.97201,0.00018
118.38971,0.48529,0.02088,0.00008,0.97894,0.00009
118.49265,0.48530,0.02151,0.00008,0.97831,0.00010
118.59559,0.48529,0.02007,0.00004,0.97983,0.00007
118.69853,0.48529,0.02716,0.00015,0.97257,0.00013
118.80147,0.48530,0.02517,0.00016,0.97454,0.00013
118.90441,0.48530,0.03066,0.00020,0.96898,0.00016
119.00735,0.48529,0.02862,0.00018,0.97104,0.00016
119.11029,0.48530,0.02753,0.00017,0.97215,0.00015
119.21323,0.48530,0.02850,0.00016,0.97119,0.00015
119.31618,0.48529,0.02469,0.00008,0.97513,0.00010
119.41912,0.48529,0.02135,0.00009,0.97847,0.00009
119.52206,0.48530,0.01808,0.00006,0.98179,0.00007
119.62500,0.48529,0.02349,0.00012,0.97630,0.00010
119.72794,0.48529,0.02863,0.00015,0.97106,0.00016
119.83088,0.48530,0.03122,0.00020,0.96838,0.00020
119.93382,0.48530,0.03356,0.00020,0.96604,0.00021
120.03677,0.48529,0.02791,0.00018,0.97176,0.00015
120.13971,0.48529,0.02256,0.00010,0.97723,0.00011
120.24265,0.48530,0.01993,0.00007,0.97990,0.00009
120.34559,0.48529,0.02108,0.00009,0.97875,0.00008
120.44853,0.48529,0.02566,0.00015,0.97409,0.00010
120.55147,0.48530,0.02643,0.00020,0.97324,0.00014
120.65441,0.48530,0.02835,0.00014,0.97134,0.00017
120.75735,0.48529,0.02338,0.00014,0.97634,0.00014
120.86029,0.48530,0.02238,0.00012,0.97739,0.00011
