Time(Seconds),Length(Seconds),Label(string),Confidence(double),Comment(string)
0.0255187,2.5041922,Wet,1,
2.7190343,0.2530155,Touch,1,
3.1482804,2.0138759,Wet,1,
5.4865513,0.3723961,Touch,1,
6.0512552,1.5590178,Wet,1,
7.8119681,0.3153786,Touch,1,
8.3263318,1.3124915,Wet,1,
9.8724125,0.2191614,Touch,1,
10.313573,1.3923521,Wet,1,
12.3874368,1.1944368,Wet,1,
13.8041267,0.2690517,Touch,1,
14.300619,1.6805447999999998,Wet,1,
16.2797443,0.3866506,Touch,1,
16.8421011,2.170125,Wet,1,
19.3068782,0.4329773,Touch,1,
19.969781,2.0902643,Wet,1,
22.4364006,0.258361,Touch,1,
22.9978234,2.5104005,Wet,1,
25.8799175,0.3225057,Touch,1,
26.4252144,2.3888736,Wet,1,
28.9843206,0.3242875,Touch,1,
29.5808314,2.5208171,Wet,1,
32.371162,0.4561408,Touch,1,
33.0430166,2.9062313,Wet,1,
36.1830415,0.4418864,Touch,1,
36.7925014,1.5312401,Wet,1,
38.5009171,0.3189421,Touch,1,
39.0746667,1.1666591,Wet,1,
40.4226291,0.3813051,Touch,1,
41.0579151,1.267353,Wet,1,
42.5675081,0.35636,Touch,1,
43.1712081,1.2777695,Wet,1,
44.6889457,0.3991232,Touch,1,
45.341902,1.0902707,Wet,1,
46.7122243,0.4169411,Touch,1,
47.3666458,1.4131853,Wet,1,
48.9459893,0.4597043,Touch,1,
49.6178918,1.4861016,Wet,1,
51.2524381,0.3937778,Touch,1,
51.8470443,1.319436,Wet,1,
53.3282789,0.4062503,Touch,1,
53.9088119,1.3229081,Wet,1,
55.4101789,0.4044686,Touch,1,
55.9921319,1.319436,Wet,1,
57.4822181,0.4151594,Touch,1,
58.1280241,1.0555488,Wet,1,
59.4166167,0.525631,Touch,1,
60.1771303,1.3611024,Wet,1,
61.7909879,0.4418864,Touch,1,
62.4490045,1.1423538,Wet,1,
63.7749449,0.4668315,Touch,1,
64.5298013,1.0277712,Wet,1,
65.8413886,0.4507954,Touch,1,
66.517449,1.4444352,Wet,1,
68.2159078,0.400905,Touch,1,
68.8099778,1.1354094,Wet,1,
70.1255031,0.4436681,Touch,1,
70.738906,0.9930492,Wet,1,
71.931232,0.5648306,Touch,1,
72.6611368,0.9305496,Wet,1,
74.4578554,1.0867985,Wet,1,
75.785019,0.7537013,Touch,1,
76.7881224,0.8506889,Wet,1,
77.8100973,0.6093756,Touch,1,
78.7477531,1.1944368,Wet,1,
80.1689183,0.4632679,Touch,1,
80.9467719,0.8402724,Wet,1,
81.985596,0.659266,Touch,1,
82.8302727,1.1458259,Wet,1,
84.1466531,0.5594852,Touch,1,
84.9764827,1.0451321,Wet,1,
86.1990044,0.6931201,Touch,1,
87.1647048,0.9131885,Wet,1,
88.1946741,0.605812,Touch,1,
89.051028,1.0798541,Wet,1,
90.3002333,0.6022483,Touch,1,
91.1842916,1.1145762,Wet,1,
92.5102789,0.5773032,Touch,1,
93.3978718,1.059021,Wet,1,
94.6427533,0.6467934,Touch,1,
95.5545136,1.1736035,Wet,1,
97.020276,0.7091563,Touch,1,
97.886008,1.0138824,Wet,1,
99.0564432,0.6628295,Touch,1,
99.9500594,1.0208267,Wet,1,
101.2044878,0.792901,Touch,1,
102.2763944,2.2708188,Wet,1,
104.7768063,0.7857738,Touch,1,
105.7870574,1.9583208,Wet,1,
108.0374018,0.5095948,Touch,1,
108.6968094,2.4860951,Wet,1,
111.4436249,0.6628295,Touch,1,
112.3108403,2.3124852,Wet,1,
114.8809747,0.3367602,Touch,1,
115.4175957,2.0659589,Wet,1,
117.7443769,0.4187229,Touch,1,
118.3523028,1.6770726,Wet,1,
