Time (seconds), Duration (seconds),pred_unlabelled,pred_Dry,pred_Wet,pred_Touch
0.00735,0.48529,0.02976,0.00015,0.96995,0.00013
0.11029,0.48529,0.02353,0.00008,0.97628,0.00011
0.21324,0.48529,0.02844,0.00013,0.97129,0.00014
0.31618,0.48529,0.02299,0.00008,0.97684,0.00008
0.41912,0.48529,0.02520,0.00013,0.97454,0.00013
0.52206,0.48529,0.03348,0.00020,0.96615,0.00018
0.62500,0.48529,0.03439,0.00021,0.96519,0.00022
0.72794,0.48529,0.03367,0.00019,0.96595,0.00019
0.83088,0.48529,0.03438,0.00021,0.96521,0.00020
0.93382,0.48529,0.02305,0.00008,0.97678,0.00009
1.03676,0.48529,0.02728,0.00012,0.97247,0.00014
1.13971,0.48529,0.02772,0.00015,0.97200,0.00013
1.24265,0.48529,0.02274,0.00010,0.97706,0.00010
1.34559,0.48529,0.03249,0.00020,0.96712,0.00019
1.44853,0.48529,0.03237,0.00020,0.96723,0.00020
1.55147,0.48529,0.03446,0.00022,0.96511,0.00021
1.65441,0.48529,0.03879,0.00031,0.96066,0.00024
1.75735,0.48529,0.03177,0.00020,0.96785,0.00017
1.86029,0.48529,0.02611,0.00009,0.97369,0.00012
1.96324,0.48529,0.02555,0.00010,0.97421,0.00013
2.06618,0.48529,0.02532,0.00011,0.97446,0.00011
2.16912,0.48529,0.03037,0.00020,0.96925,0.00018
2.27206,0.48529,0.03425,0.00024,0.96528,0.00023
2.37500,0.48529,0.03066,0.00019,0.96897,0.00019
2.47794,0.48529,0.03157,0.00017,0.96810,0.00016
2.58088,0.48529,0.02624,0.00014,0.97347,0.00015
2.68382,0.48529,0.02735,0.00013,0.97239,0.00013
2.78676,0.48529,0.02462,0.00010,0.97516,0.00012
2.88971,0.48529,0.02975,0.00016,0.96996,0.00014
2.99265,0.48529,0.02660,0.00016,0.97307,0.00017
3.09559,0.48529,0.03187,0.00023,0.96772,0.00018
3.19853,0.48529,0.03675,0.00020,0.96284,0.00020
3.30147,0.48529,0.03247,0.00023,0.96711,0.00018
3.40441,0.48529,0.02871,0.00015,0.97099,0.00015
3.50735,0.48529,0.02492,0.00012,0.97483,0.00013
3.61029,0.48529,0.02675,0.00008,0.97305,0.00012
3.71324,0.48529,0.02545,0.00011,0.97431,0.00013
3.81618,0.48529,0.02584,0.00011,0.97393,0.00012
3.91912,0.48529,0.03295,0.00020,0.96667,0.00018
4.02206,0.48529,0.03437,0.00023,0.96521,0.00019
4.12500,0.48529,0.03148,0.00015,0.96819,0.00018
4.22794,0.48529,0.03223,0.00021,0.96739,0.00017
4.33088,0.48529,0.02244,0.00006,0.97741,0.00008
4.43382,0.48529,0.03082,0.00011,0.96894,0.00013
4.53676,0.48529,0.02580,0.00009,0.97401,0.00010
4.63971,0.48529,0.02316,0.00009,0.97664,0.00011
4.74265,0.48529,0.03449,0.00022,0.96508,0.00020
4.84559,0.48529,0.03617,0.00020,0.96344,0.00019
4.94853,0.48529,0.03481,0.00024,0.96471,0.00024
5.05147,0.48529,0.03345,0.00017,0.96620,0.00018
5.15441,0.48529,0.02654,0.00011,0.97323,0.00012
5.25735,0.48529,0.02579,0.00010,0.97399,0.00012
5.36029,0.48529,0.02202,0.00006,0.97783,0.00009
5.46324,0.48529,0.02673,0.00013,0.97300,0.00014
5.56618,0.48529,0.02721,0.00014,0.97249,0.00016
5.66912,0.48529,0.03634,0.00024,0.96320,0.00021
5.77206,0.48529,0.03668,0.00021,0.96286,0.00025
5.87500,0.48529,0.03141,0.00021,0.96820,0.00018
5.97794,0.48529,0.02639,0.00012,0.97337,0.00011
6.08088,0.48529,0.02658,0.00011,0.97319,0.00012
6.18382,0.48529,0.02896,0.00009,0.97082,0.00013
6.28676,0.48529,0.02577,0.00012,0.97398,0.00013
6.38971,0.48529,0.02855,0.00016,0.97114,0.00015
6.49265,0.48529,0.02938,0.00017,0.97027,0.00018
6.59559,0.48529,0.03704,0.00023,0.96251,0.00022
6.69853,0.48529,0.03482,0.00020,0.96475,0.00023
6.80147,0.48529,0.03145,0.00019,0.96821,0.00015
6.90441,0.48529,0.02638,0.00013,0.97335,0.00014
7.00735,0.48529,0.03076,0.00009,0.96901,0.00014
7.11029,0.48529,0.02372,0.00010,0.97608,0.00011
7.21324,0.48529,0.02387,0.00010,0.97593,0.00010
7.31618,0.48529,0.03241,0.00023,0.96719,0.00017
7.41912,0.48529,0.03528,0.00019,0.96431,0.00022
7.52206,0.48529,0.02955,0.00014,0.97014,0.00017
7.62500,0.48529,0.03118,0.00013,0.96851,0.00018
7.72794,0.48529,0.02534,0.00011,0.97444,0.00012
7.83088,0.48529,0.02687,0.00012,0.97287,0.00015
7.93382,0.48529,0.02187,0.00006,0.97797,0.00009
8.03677,0.48529,0.02751,0.00008,0.97228,0.00014
8.13971,0.48529,0.03022,0.00017,0.96943,0.00018
8.24265,0.48529,0.03544,0.00022,0.96409,0.00025
8.34559,0.48529,0.03300,0.00018,0.96661,0.00021
8.44853,0.48529,0.03358,0.00019,0.96605,0.00018
8.55147,0.48529,0.02731,0.00010,0.97248,0.00011
8.65441,0.48529,0.02280,0.00008,0.97701,0.00011
8.75735,0.48529,0.02400,0.00009,0.97581,0.00010
8.86029,0.48529,0.02274,0.00008,0.97708,0.00009
8.96323,0.48529,0.02655,0.00013,0.97320,0.00012
9.06618,0.48529,0.03579,0.00021,0.96379,0.00021
9.16912,0.48529,0.03682,0.00023,0.96272,0.00023
9.27206,0.48529,0.03635,0.00024,0.96321,0.00020
9.37500,0.48529,0.03221,0.00021,0.96738,0.00021
9.47794,0.48529,0.03095,0.00017,0.96870,0.00019
9.58088,0.48529,0.02347,0.00008,0.97634,0.00011
9.68382,0.48529,0.02663,0.00014,0.97308,0.00015
9.78677,0.48529,0.02802,0.00014,0.97170,0.00014
9.88971,0.48529,0.03039,0.00017,0.96925,0.00020
9.99265,0.48529,0.03767,0.00021,0.96190,0.00022
10.09559,0.48529,0.03250,0.00021,0.96708,0.00020
10.19853,0.48529,0.02517,0.00014,0.97456,0.00013
10.30147,0.48529,0.02566,0.00011,0.97411,0.00013
10.40441,0.48529,0.03188,0.00008,0.96791,0.00012
10.50735,0.48529,0.02374,0.00009,0.97605,0.00012
10.61029,0.48529,0.02629,0.00013,0.97344,0.00015
10.71323,0.48529,0.02942,0.00019,0.97022,0.00018
10.81618,0.48529,0.03101,0.00014,0.96867,0.00019
10.91912,0.48529,0.02774,0.00016,0.97190,0.00020
11.02206,0.48529,0.03338,0.00023,0.96620,0.00020
11.12500,0.48529,0.02214,0.00010,0.97765,0.00010
11.22794,0.48529,0.02678,0.00008,0.97303,0.00011
11.33088,0.48529,0.02243,0.00006,0.97743,0.00007
11.43382,0.48529,0.02458,0.00011,0.97518,0.00013
11.53677,0.48529,0.03330,0.00020,0.96631,0.00019
11.63971,0.48529,0.03289,0.00018,0.96676,0.00017
11.74265,0.48529,0.03380,0.00021,0.96576,0.00023
11.84559,0.48529,0.03560,0.00027,0.96391,0.00021
11.94853,0.48529,0.03115,0.00016,0.96855,0.00014
12.05147,0.48529,0.03057,0.00012,0.96916,0.00014
12.15441,0.48529,0.02774,0.00007,0.97208,0.00011
12.25735,0.48529,0.02669,0.00011,0.97308,0.00012
12.36029,0.48529,0.03124,0.00023,0.96835,0.00017
12.46323,0.48529,0.03241,0.00019,0.96718,0.00022
12.56618,0.48529,0.03045,0.00020,0.96916,0.00019
12.66912,0.48529,0.03273,0.00016,0.96691,0.00019
12.77206,0.48529,0.02948,0.00015,0.97021,0.00016
12.87500,0.48529,0.02870,0.00013,0.97103,0.00015
12.97794,0.48529,0.02271,0.00008,0.97710,0.00011
13.08088,0.48529,0.02675,0.00011,0.97300,0.00014
13.18382,0.48529,0.03441,0.00023,0.96517,0.00020
13.28677,0.48529,0.03301,0.00023,0.96654,0.00021
13.38971,0.48529,0.03477,0.00018,0.96485,0.00019
13.49265,0.48529,0.03119,0.00021,0.96842,0.00019
13.59559,0.48529,0.02346,0.00010,0.97633,0.00011
13.69853,0.48529,0.02916,0.00014,0.97057,0.00014
13.80147,0.48529,0.02488,0.00010,0.97490,0.00011
13.90441,0.48529,0.02545,0.00008,0.97434,0.00012
14.00735,0.48529,0.02876,0.00013,0.97096,0.00015
14.11029,0.48529,0.03669,0.00021,0.96287,0.00023
14.21323,0.48529,0.03115,0.00015,0.96852,0.00018
14.31618,0.48529,0.03453,0.00018,0.96506,0.00022
14.41912,0.48529,0.03672,0.00019,0.96288,0.00021
14.52206,0.48529,0.02887,0.00016,0.97084,0.00014
14.62500,0.48529,0.03126,0.00013,0.96845,0.00017
14.72794,0.48529,0.02907,0.00017,0.97060,0.00017
14.83088,0.48529,0.02362,0.00008,0.97620,0.00010
14.93382,0.48529,0.02932,0.00018,0.97032,0.00018
15.03677,0.48529,0.03314,0.00018,0.96649,0.00019
15.13971,0.48529,0.03787,0.00026,0.96161,0.00026
15.24265,0.48529,0.03019,0.00015,0.96950,0.00015
15.34559,0.48529,0.03100,0.00018,0.96863,0.00019
15.44853,0.48529,0.02678,0.00007,0.97303,0.00011
15.55147,0.48529,0.02550,0.00009,0.97431,0.00010
15.65441,0.48529,0.02549,0.00010,0.97431,0.00010
15.75735,0.48529,0.02612,0.00012,0.97364,0.00012
15.86029,0.48529,0.03349,0.00018,0.96615,0.00018
15.96323,0.48530,0.03269,0.00021,0.96690,0.00019
16.06618,0.48529,0.03329,0.00020,0.96629,0.00022
16.16912,0.48529,0.03804,0.00023,0.96153,0.00021
16.27206,0.48529,0.02573,0.00010,0.97404,0.00013
16.37500,0.48529,0.02172,0.00007,0.97812,0.00010
16.47794,0.48529,0.02318,0.00009,0.97664,0.00009
16.58088,0.48529,0.02840,0.00011,0.97137,0.00011
16.68382,0.48529,0.02978,0.00018,0.96991,0.00013
16.78676,0.48529,0.03496,0.00019,0.96462,0.00022
16.88971,0.48529,0.03244,0.00020,0.96717,0.00020
16.99265,0.48529,0.02920,0.00017,0.97048,0.00015
17.09559,0.48529,0.02637,0.00014,0.97334,0.00015
17.19853,0.48529,0.02669,0.00009,0.97311,0.00011
17.30147,0.48529,0.02258,0.00010,0.97722,0.00009
17.40441,0.48529,0.02473,0.00009,0.97507,0.00011
17.50735,0.48529,0.03102,0.00018,0.96864,0.00015
17.61029,0.48529,0.03919,0.00015,0.96042,0.00023
17.71324,0.48529,0.03245,0.00016,0.96716,0.00023
17.81618,0.48529,0.03018,0.00014,0.96953,0.00015
17.91912,0.48529,0.02871,0.00017,0.97097,0.00016
18.02206,0.48529,0.02627,0.00010,0.97348,0.00015
18.12500,0.48529,0.02932,0.00014,0.97037,0.00017
18.22794,0.48529,0.02210,0.00007,0.97773,0.00010
18.33088,0.48529,0.02824,0.00015,0.97146,0.00015
18.43382,0.48529,0.03884,0.00026,0.96063,0.00027
18.53676,0.48529,0.03439,0.00019,0.96519,0.00023
18.63971,0.48529,0.03408,0.00023,0.96541,0.00028
18.74265,0.48529,0.03130,0.00018,0.96834,0.00018
18.84559,0.48529,0.02678,0.00009,0.97302,0.00011
18.94853,0.48529,0.02226,0.00006,0.97758,0.00010
19.05147,0.48529,0.02811,0.00007,0.97172,0.00010
19.15441,0.48529,0.03266,0.00022,0.96691,0.00021
19.25735,0.48529,0.02876,0.00017,0.97092,0.00015
19.36029,0.48529,0.03423,0.00019,0.96537,0.00021
19.46324,0.48529,0.03316,0.00019,0.96644,0.00021
19.56618,0.48529,0.03201,0.00018,0.96763,0.00018
19.66912,0.48529,0.02980,0.00017,0.96985,0.00018
19.77206,0.48529,0.02497,0.00008,0.97484,0.00012
19.87500,0.48529,0.02779,0.00008,0.97202,0.00011
19.97794,0.48529,0.02813,0.00013,0.97162,0.00012
20.08088,0.48529,0.03108,0.00023,0.96849,0.00021
20.18382,0.48529,0.04111,0.00025,0.95835,0.00028
20.28676,0.48529,0.03201,0.00017,0.96764,0.00018
20.38971,0.48529,0.03034,0.00016,0.96934,0.00016
20.49265,0.48529,0.03292,0.00024,0.96664,0.00020
20.59559,0.48529,0.03459,0.00017,0.96505,0.00019
20.69853,0.48529,0.02778,0.00015,0.97190,0.00017
20.80147,0.48529,0.02479,0.00009,0.97501,0.00012
20.90441,0.48529,0.03286,0.00018,0.96674,0.00022
21.00735,0.48529,0.03479,0.00018,0.96485,0.00018
21.11029,0.48529,0.02860,0.00013,0.97109,0.00019
21.21324,0.48529,0.03371,0.00023,0.96584,0.00022
21.31618,0.48529,0.02906,0.00011,0.97070,0.00013
21.41912,0.48529,0.03278,0.00013,0.96695,0.00014
21.52206,0.48529,0.02415,0.00008,0.97569,0.00008
21.62500,0.48529,0.02116,0.00006,0.97869,0.00009
21.72794,0.48529,0.03671,0.00020,0.96289,0.00020
21.83088,0.48529,0.03074,0.00019,0.96890,0.00017
21.93382,0.48529,0.03582,0.00022,0.96372,0.00024
22.03676,0.48529,0.03478,0.00022,0.96480,0.00021
22.13971,0.48529,0.03153,0.00016,0.96814,0.00017
22.24265,0.48529,0.02794,0.00013,0.97179,0.00014
22.34559,0.48529,0.02624,0.00008,0.97358,0.00010
22.44853,0.48529,0.02821,0.00013,0.97153,0.00013
22.55147,0.48529,0.03102,0.00019,0.96864,0.00014
22.65441,0.48529,0.03019,0.00017,0.96948,0.00016
22.75735,0.48529,0.03417,0.00023,0.96540,0.00021
22.86029,0.48529,0.03697,0.00022,0.96260,0.00021
22.96324,0.48529,0.03211,0.00021,0.96749,0.00018
23.06618,0.48529,0.03009,0.00015,0.96960,0.00016
23.16912,0.48529,0.02900,0.00012,0.97073,0.00016
23.27206,0.48529,0.02699,0.00013,0.97276,0.00012
23.37500,0.48529,0.02860,0.00015,0.97111,0.00014
23.47794,0.48529,0.03589,0.00028,0.96363,0.00020
23.58088,0.48529,0.03325,0.00021,0.96635,0.00019
23.68382,0.48529,0.03061,0.00016,0.96903,0.00019
23.78676,0.48529,0.03171,0.00022,0.96789,0.00019
23.88971,0.48529,0.02866,0.00013,0.97109,0.00013
23.99265,0.48529,0.03143,0.00017,0.96824,0.00017
24.09559,0.48529,0.02452,0.00009,0.97528,0.00011
24.19853,0.48529,0.02686,0.00011,0.97291,0.00011
24.30147,0.48529,0.03143,0.00019,0.96821,0.00016
24.40441,0.48529,0.03214,0.00017,0.96750,0.00020
24.50735,0.48529,0.03332,0.00019,0.96628,0.00021
24.61029,0.48529,0.03364,0.00023,0.96592,0.00021
24.71324,0.48529,0.03613,0.00016,0.96354,0.00018
24.81618,0.48529,0.02855,0.00009,0.97125,0.00011
24.91912,0.48529,0.02966,0.00011,0.97012,0.00012
25.02206,0.48529,0.02358,0.00008,0.97624,0.00010
25.12500,0.48529,0.03111,0.00017,0.96855,0.00017
25.22794,0.48529,0.03431,0.00022,0.96530,0.00017
25.33088,0.48529,0.03545,0.00023,0.96410,0.00022
25.43382,0.48529,0.03346,0.00015,0.96620,0.00019
25.53676,0.48529,0.03563,0.00027,0.96387,0.00023
25.63971,0.48529,0.03093,0.00015,0.96872,0.00020
25.74265,0.48529,0.02899,0.00011,0.97077,0.00013
25.84559,0.48529,0.02710,0.00012,0.97263,0.00015
25.94853,0.48529,0.03164,0.00017,0.96802,0.00017
26.05147,0.48529,0.02901,0.00017,0.97066,0.00016
26.15441,0.48529,0.03745,0.00021,0.96209,0.00025
26.25735,0.48529,0.03238,0.00022,0.96721,0.00019
26.36029,0.48529,0.03438,0.00015,0.96531,0.00016
26.46324,0.48529,0.02612,0.00012,0.97359,0.00017
26.56618,0.48529,0.02645,0.00010,0.97331,0.00014
26.66912,0.48529,0.02829,0.00014,0.97142,0.00014
26.77206,0.48529,0.02937,0.00015,0.97033,0.00015
26.87500,0.48529,0.02799,0.00016,0.97171,0.00014
26.97794,0.48529,0.03011,0.00019,0.96955,0.00016
27.08088,0.48529,0.03032,0.00017,0.96933,0.00018
27.18382,0.48529,0.03639,0.00025,0.96312,0.00025
27.28676,0.48529,0.03536,0.00019,0.96427,0.00018
27.38971,0.48529,0.02715,0.00013,0.97258,0.00014
27.49265,0.48529,0.02423,0.00009,0.97558,0.00010
27.59559,0.48529,0.02421,0.00011,0.97556,0.00012
27.69853,0.48529,0.02959,0.00018,0.97008,0.00015
27.80147,0.48529,0.02998,0.00020,0.96964,0.00018
27.90441,0.48529,0.02997,0.00017,0.96968,0.00018
28.00735,0.48529,0.03607,0.00028,0.96340,0.00025
28.11029,0.48529,0.03183,0.00017,0.96782,0.00017
28.21324,0.48529,0.03048,0.00013,0.96924,0.00015
28.31618,0.48529,0.03003,0.00015,0.96966,0.00016
28.41912,0.48529,0.02565,0.00008,0.97416,0.00011
28.52206,0.48529,0.03214,0.00018,0.96751,0.00016
28.62500,0.48529,0.03097,0.00018,0.96868,0.00017
28.72794,0.48529,0.02969,0.00015,0.96999,0.00017
28.83088,0.48529,0.02815,0.00015,0.97154,0.00017
28.93382,0.48529,0.02949,0.00016,0.97018,0.00017
29.03676,0.48529,0.02902,0.00014,0.97068,0.00017
29.13971,0.48529,0.02859,0.00012,0.97117,0.00012
29.24265,0.48529,0.02875,0.00013,0.97099,0.00013
29.34559,0.48529,0.02899,0.00014,0.97077,0.00011
29.44853,0.48529,0.03126,0.00020,0.96836,0.00018
29.55147,0.48529,0.03116,0.00019,0.96848,0.00016
29.65441,0.48529,0.03432,0.00021,0.96528,0.00019
29.75735,0.48529,0.03499,0.00025,0.96454,0.00022
29.86029,0.48529,0.03296,0.00018,0.96665,0.00021
29.96324,0.48529,0.03214,0.00012,0.96759,0.00015
30.06618,0.48529,0.02860,0.00015,0.97109,0.00016
30.16912,0.48529,0.02446,0.00009,0.97533,0.00012
30.27206,0.48529,0.02631,0.00013,0.97343,0.00013
30.37500,0.48529,0.03128,0.00017,0.96843,0.00013
30.47794,0.48529,0.03220,0.00017,0.96743,0.00020
30.58088,0.48529,0.04494,0.00033,0.95441,0.00032
30.68382,0.48529,0.03581,0.00020,0.96381,0.00018
30.78676,0.48529,0.02527,0.00011,0.97451,0.00011
30.88971,0.48529,0.02794,0.00011,0.97182,0.00013
30.99265,0.48529,0.02693,0.00014,0.97279,0.00014
31.09559,0.48529,0.02626,0.00011,0.97351,0.00012
31.19853,0.48529,0.03484,0.00022,0.96473,0.00020
31.30147,0.48529,0.03254,0.00017,0.96709,0.00020
31.40441,0.48529,0.03367,0.00021,0.96595,0.00017
31.50735,0.48529,0.03243,0.00015,0.96725,0.00017
31.61029,0.48529,0.02704,0.00015,0.97263,0.00018
31.71324,0.48529,0.03252,0.00011,0.96720,0.00017
31.81618,0.48529,0.02681,0.00011,0.97295,0.00012
31.91912,0.48529,0.02676,0.00013,0.97298,0.00013
32.02206,0.48529,0.03588,0.00026,0.96366,0.00020
32.12500,0.48529,0.03202,0.00017,0.96760,0.00020
32.22794,0.48529,0.03768,0.00026,0.96184,0.00021
32.33088,0.48529,0.03371,0.00021,0.96587,0.00021
32.43382,0.48529,0.02977,0.00018,0.96987,0.00018
32.53677,0.48529,0.02655,0.00011,0.97322,0.00012
32.63971,0.48529,0.03064,0.00014,0.96905,0.00017
32.74265,0.48529,0.02878,0.00013,0.97094,0.00014
32.84559,0.48529,0.02969,0.00014,0.97002,0.00014
32.94853,0.48529,0.02904,0.00016,0.97063,0.00017
33.05147,0.48529,0.03876,0.00024,0.96077,0.00023
33.15441,0.48529,0.03783,0.00015,0.96180,0.00022
33.25735,0.48529,0.03536,0.00020,0.96426,0.00018
33.36029,0.48529,0.03011,0.00014,0.96960,0.00014
33.46323,0.48529,0.02994,0.00014,0.96974,0.00018
33.56618,0.48529,0.02756,0.00012,0.97218,0.00014
33.66912,0.48529,0.02555,0.00012,0.97420,0.00012
33.77206,0.48529,0.03447,0.00026,0.96508,0.00019
33.87500,0.48529,0.03526,0.00022,0.96432,0.00020
33.97794,0.48529,0.03511,0.00024,0.96442,0.00022
34.08088,0.48529,0.03889,0.00021,0.96069,0.00022
34.18382,0.48529,0.02557,0.00012,0.97418,0.00013
34.28677,0.48529,0.02971,0.00016,0.96999,0.00014
34.38971,0.48529,0.02475,0.00011,0.97500,0.00013
34.49265,0.48529,0.02664,0.00011,0.97312,0.00013
34.59559,0.48529,0.02976,0.00021,0.96981,0.00021
34.69853,0.48529,0.03509,0.00022,0.96450,0.00019
34.80147,0.48529,0.02918,0.00015,0.97051,0.00016
34.90441,0.48529,0.03323,0.00019,0.96639,0.00019
35.00735,0.48529,0.03761,0.00027,0.96190,0.00022
35.11029,0.48529,0.02939,0.00013,0.97034,0.00013
35.21323,0.48529,0.02852,0.00014,0.97117,0.00016
35.31618,0.48529,0.02282,0.00010,0.97698,0.00011
35.41912,0.48529,0.02823,0.00017,0.97144,0.00015
35.52206,0.48529,0.03416,0.00025,0.96540,0.00018
35.62500,0.48529,0.03515,0.00020,0.96444,0.00021
35.72794,0.48529,0.03362,0.00021,0.96597,0.00020
35.83088,0.48529,0.02833,0.00014,0.97140,0.00013
35.93382,0.48529,0.03087,0.00014,0.96883,0.00016
36.03677,0.48529,0.02858,0.00012,0.97116,0.00014
36.13971,0.48529,0.02250,0.00008,0.97733,0.00010
36.24265,0.48529,0.02939,0.00016,0.97029,0.00017
36.34559,0.48529,0.02969,0.00019,0.96997,0.00015
36.44853,0.48529,0.03711,0.00024,0.96241,0.00024
36.55147,0.48529,0.03510,0.00018,0.96451,0.00021
36.65441,0.48529,0.02637,0.00016,0.97330,0.00017
36.75735,0.48529,0.02887,0.00013,0.97086,0.00014
36.86029,0.48529,0.02869,0.00009,0.97110,0.00012
36.96323,0.48529,0.02825,0.00014,0.97146,0.00014
37.06618,0.48529,0.02458,0.00008,0.97522,0.00012
37.16912,0.48529,0.02924,0.00018,0.97038,0.00021
37.27206,0.48529,0.03743,0.00021,0.96215,0.00021
37.37500,0.48529,0.03476,0.00018,0.96483,0.00022
37.47794,0.48529,0.03214,0.00020,0.96746,0.00019
37.58088,0.48529,0.03370,0.00023,0.96588,0.00018
37.68382,0.48529,0.03274,0.00020,0.96690,0.00017
37.78677,0.48529,0.02705,0.00013,0.97268,0.00015
37.88971,0.48529,0.02208,0.00007,0.97776,0.00009
37.99265,0.48529,0.02870,0.00019,0.97091,0.00019
38.09559,0.48529,0.02837,0.00014,0.97136,0.00013
38.19853,0.48529,0.03075,0.00018,0.96884,0.00023
38.30147,0.48529,0.03340,0.00019,0.96620,0.00021
38.40441,0.48529,0.03546,0.00024,0.96408,0.00023
38.50735,0.48529,0.03374,0.00021,0.96585,0.00020
38.61029,0.48529,0.02770,0.00010,0.97205,0.00015
38.71323,0.48529,0.02807,0.00013,0.97168,0.00012
38.81618,0.48529,0.02928,0.00014,0.97042,0.00016
38.91912,0.48529,0.03122,0.00019,0.96846,0.00013
39.02206,0.48529,0.03453,0.00017,0.96507,0.00023
39.12500,0.48529,0.03945,0.00026,0.96006,0.00022
39.22794,0.48529,0.03385,0.00021,0.96574,0.00020
39.33088,0.48529,0.03290,0.00019,0.96671,0.00021
39.43382,0.48529,0.02535,0.00009,0.97444,0.00012
39.53677,0.48529,0.02450,0.00009,0.97531,0.00010
39.63971,0.48529,0.02447,0.00010,0.97532,0.00011
39.74265,0.48529,0.02950,0.00017,0.97017,0.00016
39.84559,0.48529,0.03372,0.00018,0.96593,0.00017
39.94853,0.48529,0.03797,0.00022,0.96158,0.00023
40.05147,0.48529,0.03387,0.00019,0.96575,0.00018
40.15441,0.48529,0.03574,0.00029,0.96375,0.00022
40.25735,0.48529,0.02565,0.00008,0.97417,0.00010
40.36029,0.48529,0.02678,0.00011,0.97300,0.00012
40.46323,0.48529,0.02077,0.00007,0.97909,0.00008
40.56618,0.48529,0.03116,0.00019,0.96847,0.00018
40.66912,0.48529,0.03140,0.00017,0.96828,0.00015
40.77206,0.48529,0.03228,0.00019,0.96732,0.00021
40.87500,0.48529,0.04099,0.00034,0.95840,0.00027
40.97794,0.48529,0.03809,0.00021,0.96151,0.00019
41.08088,0.48529,0.03054,0.00015,0.96916,0.00015
41.18382,0.48529,0.02368,0.00008,0.97614,0.00010
41.28677,0.48529,0.02440,0.00009,0.97541,0.00010
41.38971,0.48529,0.03376,0.00023,0.96584,0.00017
41.49265,0.48529,0.03517,0.00024,0.96437,0.00021
41.59559,0.48529,0.03285,0.00019,0.96677,0.00019
41.69853,0.48529,0.03531,0.00025,0.96422,0.00022
41.80147,0.48529,0.03634,0.00027,0.96317,0.00023
41.90441,0.48529,0.03339,0.00023,0.96616,0.00022
42.00735,0.48529,0.02668,0.00008,0.97313,0.00010
42.11029,0.48529,0.02393,0.00009,0.97587,0.00011
42.21323,0.48529,0.02748,0.00014,0.97224,0.00014
42.31618,0.48529,0.02988,0.00017,0.96980,0.00015
42.41912,0.48529,0.03522,0.00025,0.96433,0.00020
42.52206,0.48529,0.03294,0.00021,0.96663,0.00022
42.62500,0.48529,0.03096,0.00019,0.96868,0.00017
42.72794,0.48529,0.03186,0.00015,0.96782,0.00017
42.83088,0.48529,0.03109,0.00012,0.96865,0.00014
42.93382,0.48529,0.02982,0.00016,0.96987,0.00016
43.03677,0.48529,0.02217,0.00009,0.97764,0.00010
43.13971,0.48529,0.03082,0.00020,0.96880,0.00018
43.24265,0.48529,0.03022,0.00018,0.96943,0.00017
43.34559,0.48529,0.03270,0.00021,0.96688,0.00021
43.44853,0.48529,0.02839,0.00022,0.97121,0.00019
43.55147,0.48529,0.03539,0.00028,0.96413,0.00021
43.65441,0.48529,0.02956,0.00019,0.97008,0.00018
43.75735,0.48529,0.02453,0.00009,0.97529,0.00009
43.86029,0.48529,0.02375,0.00009,0.97605,0.00011
43.96323,0.48529,0.03477,0.00021,0.96488,0.00014
44.06618,0.48529,0.03373,0.00018,0.96591,0.00018
44.16912,0.48529,0.03898,0.00029,0.96046,0.00026
44.27206,0.48529,0.03521,0.00022,0.96434,0.00023
44.37500,0.48529,0.03512,0.00023,0.96444,0.00020
44.47794,0.48529,0.03268,0.00013,0.96706,0.00013
44.58088,0.48529,0.02705,0.00012,0.97271,0.00012
44.68382,0.48529,0.02385,0.00010,0.97592,0.00013
44.78677,0.48529,0.02856,0.00014,0.97118,0.00011
44.88971,0.48529,0.03556,0.00023,0.96401,0.00020
44.99265,0.48529,0.03645,0.00024,0.96307,0.00024
45.09559,0.48529,0.03234,0.00020,0.96727,0.00019
45.19853,0.48529,0.03456,0.00027,0.96493,0.00024
45.30147,0.48529,0.03005,0.00016,0.96963,0.00016
45.40441,0.48529,0.02913,0.00014,0.97060,0.00014
45.50735,0.48529,0.02301,0.00011,0.97673,0.00015
45.61029,0.48529,0.02863,0.00015,0.97109,0.00014
45.71323,0.48529,0.02884,0.00017,0.97083,0.00015
45.81618,0.48529,0.02903,0.00017,0.97065,0.00015
45.91912,0.48529,0.03340,0.00019,0.96621,0.00019
46.02206,0.48529,0.03683,0.00024,0.96272,0.00021
46.12500,0.48529,0.03389,0.00016,0.96580,0.00015
46.22794,0.48529,0.02395,0.00010,0.97583,0.00013
46.33088,0.48529,0.02773,0.00012,0.97203,0.00012
46.43382,0.48529,0.02635,0.00015,0.97336,0.00014
46.53677,0.48529,0.03121,0.00023,0.96841,0.00016
46.63971,0.48529,0.03367,0.00022,0.96592,0.00019
46.74265,0.48529,0.03552,0.00024,0.96401,0.00022
46.84559,0.48529,0.03240,0.00019,0.96724,0.00017
46.94853,0.48529,0.02846,0.00018,0.97122,0.00015
47.05147,0.48529,0.02942,0.00013,0.97032,0.00013
47.15441,0.48529,0.02705,0.00006,0.97279,0.00010
47.25735,0.48529,0.02750,0.00011,0.97226,0.00012
47.36029,0.48529,0.02847,0.00018,0.97121,0.00014
47.46323,0.48529,0.03381,0.00020,0.96581,0.00019
47.56618,0.48529,0.03324,0.00022,0.96632,0.00022
47.66912,0.48529,0.03165,0.00018,0.96799,0.00018
47.77206,0.48529,0.03136,0.00017,0.96832,0.00015
47.87500,0.48529,0.02658,0.00014,0.97313,0.00016
47.97794,0.48529,0.02755,0.00010,0.97222,0.00012
48.08088,0.48529,0.02380,0.00009,0.97600,0.00011
48.18382,0.48529,0.03607,0.00023,0.96351,0.00019
48.28677,0.48529,0.03059,0.00018,0.96908,0.00016
48.38971,0.48529,0.03074,0.00018,0.96891,0.00017
48.49265,0.48529,0.03622,0.00019,0.96339,0.00019
48.59559,0.48529,0.03739,0.00022,0.96218,0.00021
48.69853,0.48529,0.03376,0.00018,0.96589,0.00018
48.80147,0.48529,0.02429,0.00009,0.97552,0.00011
48.90441,0.48529,0.02765,0.00012,0.97210,0.00013
49.00735,0.48529,0.02555,0.00013,0.97417,0.00014
49.11029,0.48529,0.02423,0.00011,0.97555,0.00012
49.21323,0.48529,0.03413,0.00024,0.96542,0.00020
49.31618,0.48529,0.03959,0.00026,0.95990,0.00025
49.41912,0.48529,0.03369,0.00018,0.96593,0.00020
49.52206,0.48529,0.03084,0.00019,0.96881,0.00017
49.62500,0.48529,0.02560,0.00012,0.97417,0.00012
49.72794,0.48529,0.02362,0.00008,0.97619,0.00011
49.83088,0.48529,0.02621,0.00009,0.97360,0.00011
49.93382,0.48529,0.03138,0.00019,0.96829,0.00014
50.03677,0.48529,0.03135,0.00025,0.96819,0.00022
50.13971,0.48529,0.03380,0.00023,0.96578,0.00019
50.24265,0.48529,0.02730,0.00015,0.97240,0.00016
50.34559,0.48529,0.03734,0.00028,0.96214,0.00024
50.44853,0.48529,0.03433,0.00020,0.96528,0.00019
50.55147,0.48529,0.02244,0.00008,0.97738,0.00010
50.65441,0.48529,0.02871,0.00013,0.97103,0.00013
50.75735,0.48529,0.02436,0.00009,0.97545,0.00010
50.86029,0.48529,0.02985,0.00015,0.96986,0.00015
50.96323,0.48529,0.03376,0.00024,0.96579,0.00022
51.06618,0.48529,0.03362,0.00018,0.96600,0.00021
51.16912,0.48529,0.02680,0.00016,0.97285,0.00018
51.27206,0.48529,0.03188,0.00023,0.96768,0.00021
51.37500,0.48529,0.02779,0.00012,0.97193,0.00015
51.47794,0.48529,0.02611,0.00010,0.97369,0.00010
51.58088,0.48529,0.02328,0.00010,0.97651,0.00012
51.68382,0.48529,0.02935,0.00015,0.97036,0.00014
51.78677,0.48529,0.03005,0.00017,0.96959,0.00019
51.88971,0.48529,0.03337,0.00023,0.96623,0.00016
51.99265,0.48529,0.03141,0.00015,0.96825,0.00019
52.09559,0.48529,0.03161,0.00018,0.96803,0.00018
52.19853,0.48529,0.02691,0.00010,0.97287,0.00012
52.30147,0.48529,0.02865,0.00011,0.97109,0.00015
52.40441,0.48529,0.02580,0.00012,0.97396,0.00012
52.50735,0.48529,0.02181,0.00008,0.97801,0.00010
52.61029,0.48529,0.03408,0.00024,0.96547,0.00021
52.71323,0.48529,0.03474,0.00022,0.96481,0.00022
52.81618,0.48529,0.03239,0.00019,0.96722,0.00021
52.91912,0.48529,0.03896,0.00029,0.96049,0.00026
53.02206,0.48529,0.02915,0.00015,0.97057,0.00014
53.12500,0.48529,0.02587,0.00010,0.97391,0.00012
53.22794,0.48529,0.02764,0.00011,0.97213,0.00012
53.33088,0.48529,0.02855,0.00012,0.97121,0.00013
53.43382,0.48529,0.03250,0.00023,0.96709,0.00018
53.53677,0.48529,0.03709,0.00023,0.96245,0.00022
53.63971,0.48529,0.03526,0.00019,0.96435,0.00020
53.74265,0.48529,0.03416,0.00020,0.96543,0.00021
53.84559,0.48529,0.02404,0.00010,0.97575,0.00011
53.94853,0.48529,0.02757,0.00010,0.97221,0.00012
54.05147,0.48529,0.02654,0.00009,0.97324,0.00013
54.15441,0.48529,0.02415,0.00008,0.97567,0.00010
54.25735,0.48529,0.02630,0.00014,0.97343,0.00013
54.36029,0.48529,0.03204,0.00016,0.96762,0.00018
54.46323,0.48529,0.04427,0.00029,0.95519,0.00025
54.56618,0.48529,0.03493,0.00020,0.96467,0.00021
54.66912,0.48529,0.03120,0.00016,0.96849,0.00015
54.77206,0.48529,0.02737,0.00008,0.97243,0.00012
54.87500,0.48529,0.03124,0.00011,0.96852,0.00012
54.97794,0.48529,0.02690,0.00011,0.97287,0.00012
55.08088,0.48529,0.02906,0.00018,0.97059,0.00017
55.18382,0.48529,0.03357,0.00021,0.96603,0.00019
55.28677,0.48529,0.03662,0.00023,0.96291,0.00023
55.38971,0.48529,0.03739,0.00021,0.96217,0.00023
55.49265,0.48529,0.02973,0.00014,0.96998,0.00015
55.59559,0.48529,0.02841,0.00012,0.97133,0.00014
55.69853,0.48529,0.02607,0.00010,0.97370,0.00013
55.80147,0.48529,0.02204,0.00009,0.97776,0.00012
55.90441,0.48529,0.02343,0.00008,0.97636,0.00013
56.00735,0.48529,0.03198,0.00017,0.96769,0.00016
56.11029,0.48529,0.03089,0.00017,0.96874,0.00020
56.21323,0.48529,0.03722,0.00025,0.96230,0.00023
56.31618,0.48529,0.02958,0.00013,0.97013,0.00016
56.41912,0.48529,0.02817,0.00019,0.97150,0.00015
56.52206,0.48529,0.02694,0.00013,0.97279,0.00015
56.62500,0.48529,0.02543,0.00012,0.97433,0.00012
56.72794,0.48529,0.02436,0.00010,0.97543,0.00011
56.83088,0.48529,0.03376,0.00025,0.96582,0.00018
56.93382,0.48529,0.03675,0.00027,0.96277,0.00021
57.03677,0.48529,0.03638,0.00022,0.96317,0.00022
57.13971,0.48529,0.02896,0.00016,0.97068,0.00019
57.24265,0.48529,0.03133,0.00022,0.96826,0.00019
57.34559,0.48529,0.02917,0.00010,0.97058,0.00015
57.44853,0.48529,0.02948,0.00015,0.97022,0.00015
57.55147,0.48529,0.02498,0.00010,0.97481,0.00011
57.65441,0.48529,0.03093,0.00021,0.96868,0.00017
57.75735,0.48529,0.03595,0.00024,0.96360,0.00022
57.86029,0.48529,0.03446,0.00024,0.96510,0.00019
57.96323,0.48529,0.03486,0.00025,0.96469,0.00020
58.06618,0.48529,0.02840,0.00013,0.97135,0.00012
58.16912,0.48529,0.02870,0.00011,0.97104,0.00014
58.27206,0.48529,0.02813,0.00009,0.97165,0.00013
58.37500,0.48529,0.02410,0.00008,0.97573,0.00009
58.47794,0.48529,0.02945,0.00019,0.97018,0.00018
58.58088,0.48529,0.03050,0.00019,0.96915,0.00016
58.68382,0.48529,0.03597,0.00024,0.96357,0.00022
58.78677,0.48529,0.03342,0.00017,0.96622,0.00019
58.88971,0.48529,0.03438,0.00023,0.96517,0.00022
58.99265,0.48529,0.03060,0.00017,0.96905,0.00018
59.09559,0.48529,0.02837,0.00013,0.97135,0.00015
59.19853,0.48529,0.02798,0.00011,0.97179,0.00013
59.30147,0.48529,0.02193,0.00007,0.97790,0.00010
59.40441,0.48529,0.03188,0.00021,0.96770,0.00022
59.50735,0.48529,0.04064,0.00022,0.95889,0.00025
59.61029,0.48529,0.03401,0.00019,0.96559,0.00022
59.71323,0.48529,0.03288,0.00024,0.96666,0.00021
59.81618,0.48529,0.02978,0.00017,0.96990,0.00016
59.91912,0.48529,0.02508,0.00013,0.97466,0.00012
60.02206,0.48529,0.02597,0.00007,0.97389,0.00008
60.12500,0.48529,0.02491,0.00010,0.97490,0.00010
60.22794,0.48529,0.03252,0.00016,0.96717,0.00015
60.33088,0.48529,0.03024,0.00018,0.96943,0.00015
60.43382,0.48529,0.03667,0.00021,0.96288,0.00024
60.53677,0.48529,0.03763,0.00027,0.96187,0.00023
60.63971,0.48529,0.03440,0.00020,0.96523,0.00018
60.74265,0.48529,0.03329,0.00021,0.96632,0.00018
60.84559,0.48529,0.02857,0.00011,0.97118,0.00014
60.94853,0.48529,0.02456,0.00009,0.97525,0.00010
61.05147,0.48529,0.03150,0.00020,0.96812,0.00018
61.15441,0.48529,0.03365,0.00023,0.96593,0.00019
61.25735,0.48529,0.03628,0.00023,0.96325,0.00024
61.36029,0.48529,0.03331,0.00018,0.96632,0.00019
61.46323,0.48529,0.03177,0.00016,0.96789,0.00017
61.56618,0.48529,0.03773,0.00027,0.96175,0.00024
61.66912,0.48529,0.02567,0.00012,0.97407,0.00015
61.77206,0.48529,0.02351,0.00007,0.97631,0.00010
61.87500,0.48529,0.02908,0.00015,0.97065,0.00012
61.97794,0.48529,0.03032,0.00016,0.96938,0.00013
62.08088,0.48529,0.03644,0.00024,0.96306,0.00026
62.18382,0.48529,0.03774,0.00024,0.96176,0.00026
62.28677,0.48529,0.02961,0.00016,0.97008,0.00015
62.38971,0.48529,0.03063,0.00020,0.96897,0.00019
62.49265,0.48529,0.03028,0.00013,0.96945,0.00015
62.59559,0.48529,0.02622,0.00010,0.97356,0.00013
62.69853,0.48529,0.02256,0.00010,0.97721,0.00013
62.80147,0.48529,0.03190,0.00021,0.96767,0.00022
62.90441,0.48529,0.02672,0.00013,0.97299,0.00016
63.00735,0.48529,0.02886,0.00018,0.97076,0.00020
63.11029,0.48529,0.03937,0.00022,0.96018,0.00022
63.21323,0.48529,0.03536,0.00021,0.96424,0.00020
63.31618,0.48529,0.03320,0.00013,0.96649,0.00017
63.41912,0.48529,0.02723,0.00011,0.97253,0.00014
63.52206,0.48529,0.02549,0.00008,0.97432,0.00010
63.62500,0.48529,0.02762,0.00015,0.97210,0.00013
63.72794,0.48529,0.03237,0.00018,0.96728,0.00016
63.83088,0.48529,0.03126,0.00015,0.96840,0.00019
63.93382,0.48530,0.03405,0.00022,0.96554,0.00020
64.03677,0.48529,0.03441,0.00019,0.96521,0.00019
64.13971,0.48529,0.03103,0.00019,0.96861,0.00018
64.24265,0.48530,0.02693,0.00008,0.97287,0.00013
64.34559,0.48529,0.02833,0.00015,0.97140,0.00012
64.44853,0.48529,0.02920,0.00015,0.97051,0.00014
64.55147,0.48530,0.02869,0.00018,0.97097,0.00016
64.65441,0.48530,0.03476,0.00021,0.96480,0.00023
64.75735,0.48529,0.03293,0.00020,0.96669,0.00018
64.86029,0.48530,0.03570,0.00015,0.96397,0.00019
64.96323,0.48530,0.03384,0.00018,0.96576,0.00022
65.06618,0.48529,0.02576,0.00010,0.97402,0.00013
65.16912,0.48529,0.02900,0.00014,0.97073,0.00013
65.27206,0.48530,0.02370,0.00010,0.97609,0.00012
65.37500,0.48529,0.03062,0.00018,0.96899,0.00021
65.47794,0.48529,0.03488,0.00024,0.96467,0.00020
65.58088,0.48530,0.03227,0.00021,0.96731,0.00022
65.68382,0.48530,0.03239,0.00021,0.96719,0.00021
65.78677,0.48529,0.03209,0.00018,0.96754,0.00019
65.88971,0.48529,0.03031,0.00012,0.96943,0.00015
65.99265,0.48530,0.02682,0.00010,0.97296,0.00012
66.09559,0.48529,0.02458,0.00012,0.97518,0.00012
66.19853,0.48529,0.02836,0.00013,0.97138,0.00013
66.30147,0.48530,0.03430,0.00024,0.96525,0.00021
66.40441,0.48530,0.03501,0.00023,0.96453,0.00022
66.50735,0.48529,0.03434,0.00026,0.96518,0.00022
66.61029,0.48530,0.03197,0.00021,0.96764,0.00018
66.71323,0.48530,0.03573,0.00017,0.96394,0.00016
66.81618,0.48529,0.03052,0.00016,0.96917,0.00015
66.91912,0.48529,0.02833,0.00013,0.97139,0.00015
67.02206,0.48530,0.03175,0.00019,0.96786,0.00020
67.12500,0.48529,0.03609,0.00026,0.96345,0.00020
67.22794,0.48529,0.03608,0.00026,0.96343,0.00023
67.33088,0.48530,0.03429,0.00022,0.96529,0.00020
67.43382,0.48530,0.03373,0.00021,0.96586,0.00020
67.53677,0.48529,0.02966,0.00017,0.97001,0.00016
67.63971,0.48529,0.02467,0.00010,0.97512,0.00011
67.74265,0.48530,0.02641,0.00013,0.97332,0.00013
67.84559,0.48529,0.02970,0.00013,0.97005,0.00011
67.94853,0.48529,0.02960,0.00015,0.97010,0.00014
68.05147,0.48530,0.03831,0.00025,0.96119,0.00025
68.15441,0.48530,0.03773,0.00029,0.96174,0.00024
68.25735,0.48529,0.03490,0.00017,0.96471,0.00022
68.36029,0.48530,0.03236,0.00017,0.96729,0.00017
68.46323,0.48530,0.02824,0.00013,0.97149,0.00015
68.56618,0.48529,0.02761,0.00015,0.97207,0.00017
68.66912,0.48529,0.02265,0.00008,0.97718,0.00010
68.77206,0.48530,0.02703,0.00015,0.97267,0.00015
68.87500,0.48529,0.03398,0.00025,0.96556,0.00020
68.97794,0.48529,0.03196,0.00021,0.96764,0.00019
69.08088,0.48530,0.03635,0.00024,0.96318,0.00022
69.18382,0.48530,0.03465,0.00018,0.96498,0.00019
69.28677,0.48529,0.03253,0.00021,0.96705,0.00021
69.38971,0.48529,0.03454,0.00015,0.96514,0.00017
69.49265,0.48530,0.02445,0.00011,0.97532,0.00012
69.59559,0.48529,0.03023,0.00014,0.96949,0.00014
69.69853,0.48529,0.03135,0.00020,0.96829,0.00017
69.80147,0.48530,0.03901,0.00022,0.96056,0.00021
69.90441,0.48530,0.03395,0.00023,0.96561,0.00020
70.00735,0.48529,0.03547,0.00017,0.96419,0.00017
70.11029,0.48530,0.03074,0.00013,0.96899,0.00014
70.21323,0.48530,0.02981,0.00017,0.96985,0.00016
70.31618,0.48529,0.02163,0.00007,0.97819,0.00010
70.41912,0.48529,0.02637,0.00012,0.97340,0.00011
70.52206,0.48530,0.03527,0.00021,0.96433,0.00018
70.62500,0.48529,0.03611,0.00028,0.96342,0.00020
70.72794,0.48529,0.03228,0.00017,0.96733,0.00021
70.83088,0.48530,0.03657,0.00021,0.96300,0.00021
70.93382,0.48530,0.03485,0.00020,0.96478,0.00018
71.03677,0.48529,0.02647,0.00011,0.97330,0.00012
71.13971,0.48529,0.02835,0.00014,0.97137,0.00014
71.24265,0.48530,0.02489,0.00009,0.97492,0.00010
71.34559,0.48529,0.02949,0.00012,0.97022,0.00017
71.44853,0.48529,0.03448,0.00020,0.96513,0.00019
71.55147,0.48530,0.03910,0.00023,0.96044,0.00023
71.65441,0.48530,0.03213,0.00020,0.96747,0.00020
71.75735,0.48529,0.03488,0.00017,0.96476,0.00018
71.86029,0.48530,0.02534,0.00013,0.97441,0.00013
71.96323,0.48530,0.03110,0.00017,0.96858,0.00016
72.06618,0.48529,0.02685,0.00013,0.97289,0.00013
72.16912,0.48529,0.02879,0.00016,0.97088,0.00017
72.27206,0.48530,0.03128,0.00023,0.96830,0.00020
72.37500,0.48529,0.03433,0.00024,0.96521,0.00022
72.47794,0.48529,0.03457,0.00022,0.96499,0.00023
72.58088,0.48530,0.02817,0.00019,0.97147,0.00016
72.68382,0.48530,0.02693,0.00011,0.97284,0.00012
72.78677,0.48529,0.02747,0.00009,0.97232,0.00012
72.88971,0.48529,0.02824,0.00009,0.97156,0.00012
72.99265,0.48530,0.02149,0.00008,0.97833,0.00010
73.09559,0.48529,0.02858,0.00012,0.97116,0.00013
73.19853,0.48529,0.03470,0.00023,0.96486,0.00021
73.30147,0.48530,0.03768,0.00022,0.96189,0.00021
73.40441,0.48530,0.03296,0.00022,0.96662,0.00021
73.50735,0.48529,0.03170,0.00022,0.96788,0.00020
73.61029,0.48530,0.02862,0.00014,0.97109,0.00015
73.71323,0.48530,0.02913,0.00006,0.97071,0.00010
73.81618,0.48529,0.02486,0.00009,0.97495,0.00010
73.91912,0.48529,0.02897,0.00016,0.97068,0.00019
74.02206,0.48530,0.02801,0.00013,0.97172,0.00013
74.12500,0.48529,0.03133,0.00018,0.96831,0.00017
74.22794,0.48529,0.03854,0.00022,0.96101,0.00023
74.33088,0.48530,0.03282,0.00023,0.96675,0.00020
74.43382,0.48530,0.02929,0.00014,0.97044,0.00014
74.53677,0.48529,0.03208,0.00013,0.96764,0.00015
74.63971,0.48529,0.02476,0.00010,0.97505,0.00009
74.74265,0.48530,0.02447,0.00009,0.97532,0.00012
74.84559,0.48529,0.03421,0.00017,0.96545,0.00016
74.94853,0.48529,0.03416,0.00018,0.96544,0.00021
75.05147,0.48530,0.03541,0.00022,0.96416,0.00021
75.15441,0.48530,0.03562,0.00027,0.96388,0.00022
75.25735,0.48529,0.03123,0.00017,0.96843,0.00016
75.36029,0.48530,0.03518,0.00022,0.96443,0.00017
75.46323,0.48530,0.02733,0.00013,0.97239,0.00015
75.56618,0.48529,0.02384,0.00010,0.97596,0.00010
75.66912,0.48529,0.03057,0.00021,0.96903,0.00019
75.77206,0.48530,0.03490,0.00025,0.96464,0.00022
75.87500,0.48529,0.03625,0.00020,0.96330,0.00025
75.97794,0.48529,0.03233,0.00018,0.96733,0.00017
76.08088,0.48530,0.03241,0.00020,0.96720,0.00018
76.18382,0.48530,0.02962,0.00014,0.97009,0.00016
76.28677,0.48529,0.02704,0.00010,0.97273,0.00013
76.38971,0.48529,0.02524,0.00009,0.97454,0.00012
76.49265,0.48530,0.02694,0.00014,0.97280,0.00012
76.59559,0.48529,0.03600,0.00021,0.96357,0.00022
76.69853,0.48529,0.03712,0.00027,0.96234,0.00027
76.80147,0.48530,0.03344,0.00021,0.96616,0.00019
76.90441,0.48530,0.03326,0.00025,0.96629,0.00020
77.00735,0.48529,0.03123,0.00014,0.96845,0.00017
77.11029,0.48530,0.02904,0.00010,0.97073,0.00013
77.21323,0.48530,0.02614,0.00011,0.97362,0.00013
77.31618,0.48529,0.02800,0.00013,0.97173,0.00014
77.41912,0.48529,0.03631,0.00023,0.96321,0.00025
77.52206,0.48530,0.03854,0.00029,0.96095,0.00022
77.62500,0.48529,0.03882,0.00027,0.96068,0.00024
77.72794,0.48529,0.03230,0.00023,0.96727,0.00020
77.83088,0.48530,0.03176,0.00021,0.96788,0.00016
77.93382,0.48530,0.03250,0.00014,0.96716,0.00019
78.03677,0.48529,0.03154,0.00016,0.96814,0.00016
78.13971,0.48529,0.02405,0.00008,0.97576,0.00011
78.24265,0.48530,0.02968,0.00017,0.97000,0.00015
78.34559,0.48529,0.03595,0.00023,0.96359,0.00023
78.44853,0.48529,0.03201,0.00018,0.96760,0.00021
78.55147,0.48530,0.03251,0.00019,0.96712,0.00018
78.65441,0.48530,0.03344,0.00021,0.96617,0.00018
78.75735,0.48529,0.02687,0.00009,0.97294,0.00011
78.86029,0.48530,0.02531,0.00008,0.97450,0.00011
78.96323,0.48530,0.02584,0.00009,0.97397,0.00010
79.06618,0.48529,0.03224,0.00021,0.96738,0.00017
79.16912,0.48529,0.03509,0.00023,0.96445,0.00023
79.27206,0.48530,0.03231,0.00022,0.96725,0.00022
79.37500,0.48529,0.03072,0.00017,0.96894,0.00017
79.47794,0.48529,0.02955,0.00016,0.97014,0.00015
79.58088,0.48530,0.03126,0.00016,0.96841,0.00018
79.68382,0.48530,0.02979,0.00013,0.96992,0.00016
79.78677,0.48529,0.02507,0.00009,0.97473,0.00011
79.88971,0.48529,0.02772,0.00014,0.97201,0.00013
79.99265,0.48530,0.03400,0.00025,0.96553,0.00022
80.09559,0.48529,0.03920,0.00028,0.96028,0.00024
80.19853,0.48529,0.03320,0.00023,0.96637,0.00020
80.30147,0.48530,0.03301,0.00024,0.96657,0.00018
80.40441,0.48530,0.03426,0.00026,0.96528,0.00020
80.50735,0.48529,0.03023,0.00016,0.96944,0.00017
80.61029,0.48530,0.02522,0.00013,0.97453,0.00013
80.71323,0.48530,0.02721,0.00011,0.97255,0.00013
80.81618,0.48529,0.03299,0.00023,0.96659,0.00020
80.91912,0.48529,0.03493,0.00021,0.96465,0.00021
81.02206,0.48530,0.03797,0.00025,0.96151,0.00028
81.12500,0.48529,0.03084,0.00019,0.96882,0.00015
81.22794,0.48529,0.03345,0.00020,0.96617,0.00018
81.33088,0.48530,0.03407,0.00022,0.96548,0.00022
81.43382,0.48530,0.02531,0.00008,0.97450,0.00011
81.53677,0.48529,0.02531,0.00011,0.97447,0.00011
81.63971,0.48529,0.03249,0.00021,0.96712,0.00018
81.74265,0.48530,0.03813,0.00025,0.96140,0.00022
81.84559,0.48529,0.03278,0.00021,0.96681,0.00020
81.94853,0.48529,0.03592,0.00021,0.96363,0.00024
82.05147,0.48530,0.03283,0.00020,0.96679,0.00018
82.15441,0.48530,0.03087,0.00012,0.96886,0.00015
82.25735,0.48529,0.02497,0.00008,0.97485,0.00010
82.36029,0.48530,0.02727,0.00011,0.97252,0.00011
82.46323,0.48530,0.03339,0.00021,0.96625,0.00016
82.56618,0.48529,0.02903,0.00017,0.97066,0.00014
82.66912,0.48529,0.03423,0.00019,0.96533,0.00025
82.77206,0.48530,0.04053,0.00032,0.95890,0.00025
82.87500,0.48529,0.03446,0.00018,0.96517,0.00019
82.97794,0.48529,0.03512,0.00027,0.96438,0.00023
83.08088,0.48530,0.03428,0.00017,0.96536,0.00019
83.18382,0.48530,0.02676,0.00010,0.97301,0.00012
83.28677,0.48529,0.02783,0.00014,0.97189,0.00014
83.38971,0.48529,0.03190,0.00022,0.96771,0.00017
83.49265,0.48530,0.03279,0.00019,0.96683,0.00019
83.59559,0.48529,0.03202,0.00021,0.96753,0.00023
83.69853,0.48529,0.03874,0.00028,0.96074,0.00024
83.80147,0.48530,0.03692,0.00021,0.96266,0.00020
83.90441,0.48530,0.03171,0.00015,0.96798,0.00016
84.00735,0.48529,0.02705,0.00012,0.97270,0.00012
84.11029,0.48530,0.02788,0.00014,0.97184,0.00013
84.21323,0.48530,0.03259,0.00021,0.96702,0.00019
84.31618,0.48529,0.03609,0.00024,0.96346,0.00021
84.41912,0.48529,0.03633,0.00023,0.96321,0.00023
84.52206,0.48530,0.03171,0.00019,0.96794,0.00017
84.62500,0.48529,0.03925,0.00018,0.96037,0.00021
84.72794,0.48529,0.02771,0.00013,0.97202,0.00014
84.83088,0.48530,0.03089,0.00013,0.96885,0.00014
84.93382,0.48530,0.02891,0.00014,0.97080,0.00015
85.03677,0.48529,0.02710,0.00014,0.97263,0.00014
85.13971,0.48529,0.03224,0.00023,0.96736,0.00017
85.24265,0.48530,0.03421,0.00019,0.96539,0.00022
85.34559,0.48529,0.03544,0.00019,0.96418,0.00019
85.44853,0.48529,0.03119,0.00014,0.96851,0.00016
85.55147,0.48530,0.03236,0.00017,0.96728,0.00019
85.65441,0.48530,0.02617,0.00010,0.97360,0.00013
85.75735,0.48529,0.02499,0.00008,0.97483,0.00010
85.86029,0.48530,0.02710,0.00012,0.97265,0.00012
85.96323,0.48530,0.03147,0.00020,0.96816,0.00016
86.06618,0.48529,0.03379,0.00019,0.96582,0.00020
86.16912,0.48529,0.03892,0.00027,0.96058,0.00022
86.27206,0.48530,0.03871,0.00020,0.96086,0.00022
86.37500,0.48529,0.03580,0.00023,0.96371,0.00025
86.47794,0.48529,0.02920,0.00010,0.97056,0.00014
86.58088,0.48530,0.02482,0.00011,0.97496,0.00011
86.68382,0.48530,0.02396,0.00011,0.97582,0.00011
86.78677,0.48529,0.03053,0.00018,0.96912,0.00017
86.88971,0.48529,0.03484,0.00028,0.96467,0.00021
86.99265,0.48530,0.03441,0.00019,0.96520,0.00020
87.09559,0.48529,0.03460,0.00024,0.96493,0.00023
87.19853,0.48529,0.03706,0.00021,0.96249,0.00024
87.30147,0.48530,0.03072,0.00014,0.96898,0.00016
87.40441,0.48530,0.02412,0.00009,0.97567,0.00011
87.50735,0.48529,0.02495,0.00008,0.97487,0.00010
87.61029,0.48530,0.03399,0.00020,0.96566,0.00015
87.71323,0.48530,0.03053,0.00016,0.96916,0.00015
87.81618,0.48529,0.03190,0.00018,0.96770,0.00022
87.91912,0.48529,0.03627,0.00022,0.96330,0.00022
88.02206,0.48530,0.03017,0.00014,0.96956,0.00014
88.12500,0.48529,0.03230,0.00013,0.96742,0.00015
88.22794,0.48529,0.02577,0.00009,0.97401,0.00013
88.33088,0.48530,0.02531,0.00009,0.97447,0.00013
88.43382,0.48530,0.02698,0.00011,0.97278,0.00013
88.53677,0.48529,0.03289,0.00023,0.96670,0.00019
88.63971,0.48529,0.03586,0.00023,0.96372,0.00019
88.74265,0.48530,0.03461,0.00021,0.96497,0.00021
88.84559,0.48529,0.03076,0.00018,0.96887,0.00019
88.94853,0.48529,0.03060,0.00019,0.96903,0.00018
89.05147,0.48530,0.02770,0.00010,0.97207,0.00013
89.15441,0.48530,0.02473,0.00009,0.97508,0.00010
89.25735,0.48529,0.02525,0.00012,0.97451,0.00012
89.36029,0.48530,0.02924,0.00017,0.97044,0.00015
89.46323,0.48530,0.03691,0.00029,0.96257,0.00023
89.56618,0.48529,0.03296,0.00022,0.96663,0.00019
89.66912,0.48529,0.03316,0.00020,0.96646,0.00018
89.77206,0.48530,0.03387,0.00019,0.96576,0.00018
89.87500,0.48529,0.03105,0.00018,0.96857,0.00020
89.97794,0.48529,0.02888,0.00013,0.97084,0.00016
90.08088,0.48530,0.02555,0.00010,0.97425,0.00010
90.18382,0.48530,0.03104,0.00019,0.96863,0.00015
90.28677,0.48529,0.04002,0.00028,0.95944,0.00025
90.38971,0.48529,0.03568,0.00022,0.96386,0.00024
90.49265,0.48530,0.03521,0.00024,0.96434,0.00021
90.59559,0.48529,0.03590,0.00025,0.96366,0.00020
90.69853,0.48529,0.03539,0.00023,0.96417,0.00021
90.80147,0.48530,0.02956,0.00012,0.97018,0.00013
90.90441,0.48530,0.02724,0.00013,0.97248,0.00016
91.00735,0.48529,0.02587,0.00010,0.97391,0.00012
91.11029,0.48530,0.03356,0.00022,0.96605,0.00017
91.21323,0.48530,0.03892,0.00029,0.96058,0.00021
91.31618,0.48529,0.03887,0.00027,0.96059,0.00027
91.41912,0.48529,0.03322,0.00020,0.96638,0.00019
91.52206,0.48530,0.02994,0.00016,0.96976,0.00014
91.62500,0.48529,0.02889,0.00010,0.97088,0.00013
91.72794,0.48529,0.02871,0.00009,0.97108,0.00012
91.83088,0.48530,0.02610,0.00009,0.97371,0.00010
91.93382,0.48530,0.02719,0.00013,0.97253,0.00015
92.03677,0.48529,0.03628,0.00024,0.96329,0.00019
92.13971,0.48529,0.04016,0.00027,0.95931,0.00026
92.24265,0.48530,0.04456,0.00034,0.95481,0.00029
92.34559,0.48529,0.03014,0.00017,0.96953,0.00016
92.44853,0.48529,0.03189,0.00020,0.96775,0.00016
92.55147,0.48530,0.03454,0.00016,0.96512,0.00018
92.65441,0.48530,0.02811,0.00013,0.97162,0.00014
92.75735,0.48529,0.02602,0.00010,0.97377,0.00011
92.86029,0.48530,0.03478,0.00022,0.96480,0.00020
92.96323,0.48530,0.03642,0.00020,0.96318,0.00020
93.06618,0.48529,0.03345,0.00016,0.96618,0.00021
93.16912,0.48529,0.03634,0.00025,0.96318,0.00023
93.27206,0.48530,0.03412,0.00019,0.96551,0.00018
93.37500,0.48529,0.02725,0.00007,0.97258,0.00010
93.47794,0.48529,0.02703,0.00011,0.97275,0.00011
93.58088,0.48530,0.02800,0.00009,0.97182,0.00009
93.68382,0.48530,0.02824,0.00015,0.97148,0.00013
93.78677,0.48529,0.03171,0.00018,0.96792,0.00019
93.88971,0.48529,0.03546,0.00023,0.96411,0.00020
93.99265,0.48530,0.03669,0.00021,0.96290,0.00020
94.09559,0.48529,0.03966,0.00027,0.95984,0.00023
94.19853,0.48529,0.02855,0.00012,0.97119,0.00013
94.30147,0.48530,0.02470,0.00007,0.97513,0.00010
94.40441,0.48530,0.02485,0.00012,0.97491,0.00012
94.50735,0.48529,0.03030,0.00017,0.96940,0.00013
94.61029,0.48530,0.03206,0.00022,0.96755,0.00017
94.71323,0.48530,0.03582,0.00018,0.96376,0.00023
94.81618,0.48529,0.03723,0.00029,0.96224,0.00023
94.91912,0.48529,0.03065,0.00019,0.96899,0.00018
95.02206,0.48530,0.03435,0.00021,0.96523,0.00020
95.12500,0.48529,0.02817,0.00012,0.97157,0.00014
95.22794,0.48529,0.02596,0.00011,0.97380,0.00013
95.33088,0.48530,0.02724,0.00013,0.97246,0.00017
95.43382,0.48530,0.03385,0.00024,0.96570,0.00020
95.53677,0.48529,0.03718,0.00020,0.96240,0.00023
95.63971,0.48529,0.03932,0.00027,0.96015,0.00026
95.74265,0.48530,0.03188,0.00020,0.96772,0.00020
95.84559,0.48529,0.03105,0.00020,0.96859,0.00016
95.94853,0.48529,0.03053,0.00011,0.96919,0.00016
96.05147,0.48530,0.02720,0.00010,0.97259,0.00011
96.15441,0.48530,0.02367,0.00008,0.97614,0.00012
96.25735,0.48529,0.03443,0.00022,0.96515,0.00020
96.36029,0.48530,0.03420,0.00022,0.96534,0.00023
96.46323,0.48530,0.03389,0.00018,0.96574,0.00019
96.56618,0.48529,0.03474,0.00023,0.96482,0.00022
96.66912,0.48529,0.03830,0.00028,0.96118,0.00023
96.77206,0.48530,0.02569,0.00008,0.97414,0.00009
96.87500,0.48529,0.02512,0.00009,0.97468,0.00010
96.97794,0.48529,0.02267,0.00007,0.97716,0.00010
97.08088,0.48530,0.03111,0.00018,0.96858,0.00014
97.18382,0.48530,0.03166,0.00024,0.96789,0.00020
97.28677,0.48529,0.03154,0.00017,0.96814,0.00015
97.38971,0.48529,0.03589,0.00023,0.96365,0.00022
97.49265,0.48530,0.03846,0.00025,0.96105,0.00023
97.59559,0.48529,0.02933,0.00015,0.97037,0.00015
97.69853,0.48529,0.02798,0.00011,0.97177,0.00013
97.80147,0.48530,0.03021,0.00015,0.96948,0.00016
97.90441,0.48530,0.02590,0.00011,0.97388,0.00011
98.00735,0.48529,0.02826,0.00017,0.97141,0.00016
98.11029,0.48530,0.03611,0.00025,0.96343,0.00020
98.21323,0.48530,0.03588,0.00022,0.96364,0.00026
98.31618,0.48529,0.03352,0.00022,0.96608,0.00018
98.41912,0.48529,0.03229,0.00017,0.96738,0.00017
98.52206,0.48530,0.03507,0.00019,0.96456,0.00018
98.62500,0.48529,0.02513,0.00009,0.97467,0.00011
98.72794,0.48529,0.02826,0.00014,0.97146,0.00014
98.83088,0.48530,0.02982,0.00014,0.96990,0.00013
98.93382,0.48530,0.03747,0.00026,0.96201,0.00025
99.03677,0.48529,0.03491,0.00019,0.96470,0.00020
99.13971,0.48529,0.03293,0.00023,0.96664,0.00021
99.24265,0.48530,0.03190,0.00019,0.96773,0.00018
99.34559,0.48529,0.03270,0.00015,0.96698,0.00017
99.44853,0.48529,0.02839,0.00012,0.97135,0.00014
99.55147,0.48530,0.02410,0.00009,0.97571,0.00010
99.65441,0.48530,0.03145,0.00017,0.96819,0.00019
99.75735,0.48529,0.03296,0.00022,0.96664,0.00018
99.86029,0.48530,0.03535,0.00020,0.96423,0.00022
99.96323,0.48530,0.03111,0.00017,0.96855,0.00017
100.06618,0.48529,0.03204,0.00021,0.96754,0.00021
100.16912,0.48529,0.02776,0.00015,0.97192,0.00017
100.27206,0.48530,0.02986,0.00009,0.96991,0.00013
100.37500,0.48529,0.02830,0.00010,0.97148,0.00011
100.47794,0.48529,0.02802,0.00016,0.97169,0.00013
100.58088,0.48530,0.02738,0.00015,0.97233,0.00015
100.68382,0.48530,0.03347,0.00023,0.96611,0.00019
100.78677,0.48529,0.02920,0.00014,0.97050,0.00016
100.88971,0.48529,0.03429,0.00024,0.96525,0.00022
100.99265,0.48530,0.03801,0.00013,0.96169,0.00016
101.09559,0.48529,0.03067,0.00016,0.96902,0.00016
101.19853,0.48529,0.02815,0.00012,0.97158,0.00015
101.30147,0.48530,0.02663,0.00012,0.97312,0.00012
101.40441,0.48530,0.02381,0.00013,0.97594,0.00012
101.50735,0.48529,0.03274,0.00023,0.96684,0.00020
101.61029,0.48530,0.03398,0.00022,0.96560,0.00020
101.71323,0.48530,0.03503,0.00023,0.96451,0.00024
101.81618,0.48529,0.03701,0.00029,0.96246,0.00023
101.91912,0.48529,0.02549,0.00009,0.97430,0.00012
102.02206,0.48530,0.02636,0.00009,0.97345,0.00011
102.12500,0.48529,0.02633,0.00010,0.97344,0.00013
102.22794,0.48529,0.02435,0.00010,0.97545,0.00011
102.33088,0.48530,0.02963,0.00017,0.97004,0.00016
102.43382,0.48530,0.03633,0.00023,0.96324,0.00021
102.53677,0.48529,0.04204,0.00034,0.95734,0.00028
102.63971,0.48529,0.03952,0.00031,0.95991,0.00026
102.74265,0.48530,0.02663,0.00012,0.97314,0.00011
102.84559,0.48529,0.02782,0.00009,0.97197,0.00011
102.94853,0.48529,0.02842,0.00014,0.97129,0.00015
103.05147,0.48530,0.02520,0.00008,0.97463,0.00009
103.15441,0.48530,0.02919,0.00018,0.97045,0.00018
103.25735,0.48529,0.03857,0.00021,0.96100,0.00023
103.36029,0.48530,0.03374,0.00023,0.96580,0.00023
103.46323,0.48530,0.03272,0.00018,0.96693,0.00018
103.56618,0.48529,0.03046,0.00021,0.96915,0.00019
103.66912,0.48529,0.02956,0.00012,0.97019,0.00012
103.77206,0.48530,0.02113,0.00008,0.97868,0.00011
103.87500,0.48529,0.02344,0.00010,0.97633,0.00013
103.97794,0.48529,0.02693,0.00013,0.97280,0.00013
104.08088,0.48530,0.03089,0.00018,0.96875,0.00018
104.18382,0.48530,0.03695,0.00028,0.96254,0.00023
104.28677,0.48529,0.03278,0.00020,0.96681,0.00021
104.38971,0.48529,0.03082,0.00019,0.96881,0.00017
104.49265,0.48530,0.02471,0.00008,0.97511,0.00011
104.59559,0.48529,0.02418,0.00009,0.97560,0.00012
104.69853,0.48529,0.01996,0.00006,0.97990,0.00008
104.80147,0.48530,0.02430,0.00009,0.97551,0.00010
104.90441,0.48530,0.03439,0.00023,0.96519,0.00018
105.00735,0.48529,0.02955,0.00015,0.97011,0.00020
105.11029,0.48530,0.03280,0.00019,0.96681,0.00020
105.21323,0.48530,0.03453,0.00016,0.96513,0.00019
105.31618,0.48529,0.03242,0.00019,0.96722,0.00018
105.41912,0.48529,0.02466,0.00008,0.97516,0.00010
105.52206,0.48530,0.02421,0.00009,0.97556,0.00013
105.62500,0.48529,0.02174,0.00006,0.97811,0.00009
105.72794,0.48529,0.02958,0.00017,0.97008,0.00016
105.83088,0.48530,0.03449,0.00024,0.96510,0.00018
105.93382,0.48530,0.03754,0.00023,0.96200,0.00024
106.03677,0.48529,0.03647,0.00026,0.96303,0.00024
106.13971,0.48529,0.02660,0.00012,0.97316,0.00012
106.24265,0.48530,0.02561,0.00011,0.97416,0.00012
106.34559,0.48529,0.02968,0.00017,0.96996,0.00018
106.44853,0.48529,0.02678,0.00012,0.97299,0.00011
106.55147,0.48530,0.02571,0.00011,0.97405,0.00013
106.65441,0.48530,0.03638,0.00026,0.96316,0.00021
106.75735,0.48529,0.03534,0.00022,0.96422,0.00022
106.86029,0.48530,0.03226,0.00018,0.96738,0.00017
106.96323,0.48530,0.03345,0.00022,0.96613,0.00020
107.06618,0.48529,0.03193,0.00018,0.96772,0.00016
107.16912,0.48529,0.03235,0.00017,0.96730,0.00018
107.27206,0.48530,0.02572,0.00010,0.97407,0.00012
107.37500,0.48529,0.02452,0.00008,0.97528,0.00011
107.47794,0.48529,0.02750,0.00016,0.97222,0.00013
107.58088,0.48530,0.03804,0.00026,0.96149,0.00020
107.68382,0.48530,0.03431,0.00023,0.96527,0.00020
107.78677,0.48529,0.02734,0.00015,0.97236,0.00016
107.88971,0.48529,0.03385,0.00019,0.96576,0.00019
107.99265,0.48530,0.03215,0.00014,0.96755,0.00016
108.09559,0.48529,0.02532,0.00012,0.97445,0.00011
108.19853,0.48529,0.02512,0.00008,0.97469,0.00011
108.30147,0.48530,0.03007,0.00017,0.96961,0.00016
108.40441,0.48530,0.03119,0.00021,0.96842,0.00018
108.50735,0.48529,0.03810,0.00026,0.96139,0.00026
108.61029,0.48530,0.03107,0.00016,0.96861,0.00016
108.71323,0.48530,0.03023,0.00017,0.96939,0.00020
108.81618,0.48529,0.02680,0.00012,0.97292,0.00016
108.91912,0.48529,0.02737,0.00011,0.97238,0.00014
109.02206,0.48530,0.02356,0.00010,0.97623,0.00011
109.12500,0.48529,0.02703,0.00012,0.97270,0.00014
109.22794,0.48529,0.03017,0.00021,0.96947,0.00016
109.33088,0.48530,0.03320,0.00018,0.96640,0.00022
109.43382,0.48530,0.03367,0.00019,0.96594,0.00020
109.53677,0.48529,0.02972,0.00018,0.96991,0.00019
109.63971,0.48529,0.02875,0.00013,0.97097,0.00015
109.74265,0.48530,0.03150,0.00012,0.96822,0.00016
109.84559,0.48529,0.02891,0.00010,0.97087,0.00012
109.94853,0.48529,0.02376,0.00008,0.97607,0.00010
110.05147,0.48530,0.02938,0.00015,0.97032,0.00015
110.15441,0.48530,0.03524,0.00022,0.96433,0.00020
110.25735,0.48529,0.03669,0.00022,0.96284,0.00025
110.36029,0.48530,0.03343,0.00023,0.96613,0.00021
110.46323,0.48530,0.02770,0.00012,0.97204,0.00014
110.56618,0.48529,0.02887,0.00010,0.97092,0.00012
110.66912,0.48529,0.02263,0.00005,0.97725,0.00007
110.77206,0.48530,0.02198,0.00007,0.97785,0.00009
110.87500,0.48529,0.02617,0.00010,0.97363,0.00009
110.97794,0.48529,0.03183,0.00020,0.96778,0.00019
111.08088,0.48530,0.04335,0.00023,0.95612,0.00029
111.18382,0.48530,0.03073,0.00017,0.96892,0.00018
111.28677,0.48529,0.03430,0.00022,0.96529,0.00019
111.38971,0.48529,0.03246,0.00017,0.96718,0.00019
111.49265,0.48530,0.02777,0.00012,0.97198,0.00013
111.59559,0.48529,0.02601,0.00013,0.97376,0.00011
111.69853,0.48529,0.02777,0.00014,0.97194,0.00014
111.80147,0.48530,0.03280,0.00023,0.96680,0.00017
111.90441,0.48530,0.03502,0.00027,0.96449,0.00023
112.00735,0.48529,0.03096,0.00017,0.96869,0.00018
112.11029,0.48530,0.03148,0.00018,0.96818,0.00016
112.21323,0.48530,0.02962,0.00017,0.97004,0.00017
112.31618,0.48529,0.02795,0.00011,0.97178,0.00016
112.41912,0.48529,0.02265,0.00007,0.97719,0.00009
112.52206,0.48530,0.02654,0.00014,0.97319,0.00013
112.62500,0.48529,0.03164,0.00017,0.96804,0.00016
112.72794,0.48529,0.03027,0.00015,0.96940,0.00018
112.83088,0.48530,0.03223,0.00019,0.96739,0.00019
112.93382,0.48530,0.03451,0.00023,0.96503,0.00023
113.03677,0.48529,0.03024,0.00015,0.96946,0.00016
113.13971,0.48529,0.02986,0.00009,0.96993,0.00012
113.24265,0.48530,0.02383,0.00009,0.97597,0.00011
113.34559,0.48529,0.02000,0.00005,0.97986,0.00009
113.44853,0.48529,0.02820,0.00013,0.97155,0.00012
113.55147,0.48530,0.03064,0.00020,0.96899,0.00017
113.65441,0.48530,0.03346,0.00016,0.96621,0.00018
113.75735,0.48529,0.03578,0.00029,0.96368,0.00025
113.86029,0.48530,0.03589,0.00018,0.96373,0.00019
113.96323,0.48530,0.02546,0.00012,0.97432,0.00011
114.06618,0.48529,0.02439,0.00007,0.97544,0.00009
114.16912,0.48529,0.02435,0.00008,0.97547,0.00010
114.27206,0.48530,0.02954,0.00011,0.97026,0.00010
114.37500,0.48529,0.02553,0.00016,0.97416,0.00015
114.47794,0.48529,0.03232,0.00017,0.96733,0.00018
114.58088,0.48530,0.03221,0.00020,0.96740,0.00020
114.68382,0.48530,0.03467,0.00019,0.96492,0.00022
114.78677,0.48529,0.03007,0.00019,0.96953,0.00021
114.88971,0.48529,0.03197,0.00017,0.96769,0.00018
114.99265,0.48530,0.02951,0.00012,0.97023,0.00014
115.09559,0.48529,0.02442,0.00011,0.97536,0.00012
115.19853,0.48529,0.02853,0.00015,0.97116,0.00016
115.30147,0.48530,0.03534,0.00027,0.96421,0.00019
115.40441,0.48530,0.03377,0.00020,0.96583,0.00020
115.50735,0.48529,0.03181,0.00021,0.96780,0.00018
115.61029,0.48530,0.04042,0.00023,0.95913,0.00022
115.71323,0.48530,0.02824,0.00012,0.97150,0.00014
115.81618,0.48529,0.02965,0.00016,0.97004,0.00016
115.91912,0.48529,0.02798,0.00012,0.97178,0.00012
116.02206,0.48530,0.02746,0.00016,0.97224,0.00014
116.12500,0.48529,0.03150,0.00022,0.96805,0.00022
116.22794,0.48529,0.03453,0.00026,0.96497,0.00023
116.33088,0.48530,0.03442,0.00022,0.96518,0.00018
116.43382,0.48530,0.02927,0.00018,0.97040,0.00016
116.53677,0.48529,0.03048,0.00020,0.96915,0.00017
116.63971,0.48529,0.02351,0.00009,0.97628,0.00012
116.74265,0.48530,0.02617,0.00010,0.97362,0.00011
116.84559,0.48529,0.02498,0.00010,0.97481,0.00011
116.94853,0.48529,0.02828,0.00018,0.97138,0.00016
117.05147,0.48530,0.03474,0.00030,0.96476,0.00020
117.15441,0.48530,0.03727,0.00025,0.96225,0.00024
117.25735,0.48529,0.02998,0.00015,0.96971,0.00016
117.36029,0.48530,0.02849,0.00017,0.97117,0.00016
117.46323,0.48530,0.02353,0.00009,0.97625,0.00013
117.56618,0.48529,0.02695,0.00009,0.97284,0.00012
117.66912,0.48529,0.02541,0.00009,0.97441,0.00009
117.77206,0.48530,0.02393,0.00010,0.97585,0.00012
117.87500,0.48529,0.03238,0.00020,0.96725,0.00017
117.97794,0.48529,0.03791,0.00022,0.96163,0.00024
118.08088,0.48530,0.03371,0.00019,0.96591,0.00019
118.18382,0.48530,0.02778,0.00015,0.97192,0.00014
118.28677,0.48529,0.02407,0.00011,0.97570,0.00013
118.38971,0.48529,0.02574,0.00010,0.97401,0.00014
118.49265,0.48530,0.02336,0.00008,0.97646,0.00009
118.59559,0.48529,0.02462,0.00012,0.97516,0.00011
118.69853,0.48529,0.03113,0.00020,0.96851,0.00017
118.80147,0.48530,0.03384,0.00021,0.96575,0.00020
118.90441,0.48530,0.03766,0.00023,0.96184,0.00027
119.00735,0.48529,0.03219,0.00017,0.96747,0.00017
119.11029,0.48530,0.02834,0.00016,0.97134,0.00016
119.21323,0.48530,0.02909,0.00013,0.97063,0.00014
119.31618,0.48529,0.02536,0.00009,0.97442,0.00012
119.41912,0.48529,0.02298,0.00007,0.97686,0.00009
119.52206,0.48530,0.02524,0.00012,0.97453,0.00011
119.62500,0.48529,0.03336,0.00020,0.96626,0.00018
119.72794,0.48529,0.03940,0.00031,0.96002,0.00027
119.83088,0.48530,0.02992,0.00012,0.96980,0.00015
119.93382,0.48530,0.03130,0.00015,0.96840,0.00014
120.03677,0.48529,0.02354,0.00007,0.97629,0.00010
120.13971,0.48529,0.02618,0.00008,0.97361,0.00012
120.24265,0.48530,0.02303,0.00008,0.97680,0.00009
120.34559,0.48529,0.02616,0.00014,0.97355,0.00014
120.44853,0.48529,0.03200,0.00020,0.96764,0.00016
120.55147,0.48530,0.03289,0.00020,0.96672,0.00019
120.65441,0.48530,0.03595,0.00019,0.96366,0.00020
