Time (seconds), Duration (seconds),pred_unlabelled,pred_Dry,pred_Wet,pred_Touch
0.00735,0.48529,0.05061,0.93516,0.01097,0.00326
0.11029,0.48529,0.05061,0.93516,0.01097,0.00326
0.21324,0.48529,0.05061,0.93516,0.01097,0.00326
0.31618,0.48529,0.05061,0.93516,0.01097,0.00326
0.41912,0.48529,0.05061,0.93516,0.01097,0.00326
0.52206,0.48529,0.05061,0.93516,0.01097,0.00326
0.62500,0.48529,0.05061,0.93516,0.01097,0.00326
0.72794,0.48529,0.05061,0.93516,0.01097,0.00326
0.83088,0.48529,0.05061,0.93516,0.01097,0.00326
0.93382,0.48529,0.05061,0.93516,0.01097,0.00326
1.03676,0.48529,0.05061,0.93516,0.01097,0.00326
1.13971,0.48529,0.05061,0.93516,0.01097,0.00326
1.24265,0.48529,0.05061,0.93516,0.01097,0.00326
1.34559,0.48529,0.05061,0.93516,0.01097,0.00326
1.44853,0.48529,0.05061,0.93516,0.01097,0.00326
1.55147,0.48529,0.05061,0.93516,0.01097,0.00326
1.65441,0.48529,0.05061,0.93516,0.01097,0.00326
1.75735,0.48529,0.05061,0.93516,0.01097,0.00326
1.86029,0.48529,0.05061,0.93516,0.01097,0.00326
1.96324,0.48529,0.05061,0.93516,0.01097,0.00326
2.06618,0.48529,0.05061,0.93516,0.01097,0.00326
2.16912,0.48529,0.60835,0.13077,0.24794,0.01294
2.27206,0.48529,0.87295,0.01049,0.11586,0.00070
2.37500,0.48529,0.98051,0.00773,0.01160,0.00015
2.47794,0.48529,0.99621,0.00053,0.00264,0.00062
2.58088,0.48529,0.98961,0.00816,0.00092,0.00131
2.68382,0.48529,0.65960,0.02156,0.00679,0.31205
2.78676,0.48529,0.15447,0.00144,0.01406,0.83003
2.88971,0.48529,0.99944,0.00013,0.00034,0.00010
2.99265,0.48529,0.98361,0.00017,0.01619,0.00004
3.09559,0.48529,0.98152,0.01141,0.00376,0.00331
3.19853,0.48529,0.98363,0.00341,0.01005,0.00292
3.30147,0.48529,0.73825,0.11342,0.12893,0.01940
3.40441,0.48529,0.05061,0.93516,0.01097,0.00326
3.50735,0.48529,0.22984,0.64121,0.11440,0.01455
3.61029,0.48529,0.78554,0.05726,0.15024,0.00696
3.71324,0.48529,0.92279,0.00709,0.06961,0.00051
3.81618,0.48529,0.93124,0.01018,0.05806,0.00052
3.91912,0.48529,0.98965,0.00080,0.00734,0.00221
4.02206,0.48529,0.97998,0.01357,0.00196,0.00449
4.12500,0.48529,0.36606,0.01196,0.01282,0.60916
4.22794,0.48529,0.12669,0.00085,0.00917,0.86330
4.33088,0.48529,0.99921,0.00022,0.00051,0.00006
4.43382,0.48529,0.98929,0.00037,0.01031,0.00003
4.53676,0.48529,0.99612,0.00209,0.00087,0.00092
4.63971,0.48529,0.99547,0.00228,0.00174,0.00052
4.74265,0.48529,0.87043,0.04584,0.07130,0.01242
4.84559,0.48529,0.35952,0.51712,0.10415,0.01921
4.94853,0.48529,0.05061,0.93516,0.01097,0.00326
5.05147,0.48529,0.54494,0.12243,0.31849,0.01415
5.15441,0.48529,0.83385,0.02242,0.14146,0.00228
5.25735,0.48529,0.97075,0.00807,0.02089,0.00029
5.36029,0.48529,0.99484,0.00197,0.00084,0.00235
5.46324,0.48529,0.98724,0.00463,0.00696,0.00118
5.56618,0.48529,0.97013,0.00505,0.00411,0.02071
5.66912,0.48529,0.06344,0.00013,0.00052,0.93591
5.77206,0.48529,0.99401,0.00006,0.00085,0.00508
5.87500,0.48529,0.99613,0.00003,0.00379,0.00005
5.97794,0.48529,0.99061,0.00008,0.00917,0.00015
6.08088,0.48529,0.99534,0.00275,0.00138,0.00053
6.18382,0.48529,0.98080,0.00424,0.01341,0.00156
6.28676,0.48529,0.84000,0.04199,0.09593,0.02208
6.38971,0.48529,0.05061,0.93516,0.01097,0.00326
6.49265,0.48529,0.65949,0.05957,0.27073,0.01021
6.59559,0.48529,0.84205,0.01816,0.13789,0.00190
6.69853,0.48529,0.96071,0.00868,0.03019,0.00043
6.80147,0.48529,0.99463,0.00028,0.00395,0.00114
6.90441,0.48529,0.99711,0.00041,0.00221,0.00028
7.00735,0.48529,0.98627,0.00472,0.00271,0.00630
7.11029,0.48529,0.03369,0.00016,0.00059,0.96557
7.21324,0.48529,0.99410,0.00004,0.00111,0.00475
7.31618,0.48529,0.99695,0.00001,0.00301,0.00003
7.41912,0.48529,0.99505,0.00001,0.00492,0.00002
7.52206,0.48529,0.99109,0.00383,0.00389,0.00119
7.62500,0.48529,0.99330,0.00166,0.00475,0.00029
7.72794,0.48529,0.83865,0.07170,0.06715,0.02249
7.83088,0.48529,0.94472,0.00761,0.04585,0.00182
7.93382,0.48529,0.92235,0.00239,0.07499,0.00027
8.03677,0.48529,0.98188,0.00659,0.01131,0.00022
8.13971,0.48529,0.99751,0.00022,0.00086,0.00140
8.24265,0.48529,0.99164,0.00178,0.00482,0.00176
8.34559,0.48529,0.92402,0.00909,0.01521,0.05168
8.44853,0.48529,0.10236,0.00011,0.00028,0.89724
8.55147,0.48529,0.99049,0.00006,0.00143,0.00802
8.65441,0.48529,0.99633,0.00001,0.00363,0.00003
8.75735,0.48529,0.99551,0.00002,0.00443,0.00004
8.86029,0.48529,0.99747,0.00042,0.00162,0.00048
8.96323,0.48529,0.99793,0.00068,0.00130,0.00009
9.06618,0.48529,0.99136,0.00333,0.00392,0.00138
9.16912,0.48529,0.97007,0.00504,0.02205,0.00284
9.27206,0.48529,0.98621,0.00066,0.01310,0.00003
9.37500,0.48529,0.99944,0.00020,0.00030,0.00006
9.47794,0.48529,0.99906,0.00004,0.00036,0.00054
9.58088,0.48529,0.99078,0.00049,0.00499,0.00374
9.68382,0.48529,0.41695,0.00076,0.00207,0.58022
9.78677,0.48529,0.52728,0.00011,0.00199,0.47062
9.88971,0.48529,0.99673,0.00002,0.00193,0.00131
9.99265,0.48529,0.99344,0.00006,0.00648,0.00003
10.09559,0.48529,0.99080,0.00084,0.00728,0.00108
10.19853,0.48529,0.99551,0.00161,0.00208,0.00080
10.30147,0.48529,0.97538,0.00288,0.01973,0.00201
10.40441,0.48529,0.73876,0.07355,0.16856,0.01912
10.50735,0.48529,0.83878,0.01018,0.14841,0.00263
10.61029,0.48529,0.93935,0.01026,0.05006,0.00032
10.71323,0.48529,0.99285,0.00083,0.00606,0.00027
10.81618,0.48529,0.99519,0.00024,0.00327,0.00130
10.91912,0.48529,0.97985,0.00087,0.01558,0.00370
11.02206,0.48529,0.28711,0.00037,0.00274,0.70978
11.12500,0.48529,0.75627,0.00019,0.00705,0.23649
11.22794,0.48529,0.99906,0.00001,0.00088,0.00005
11.33088,0.48529,0.99248,0.00004,0.00747,0.00001
11.43382,0.48529,0.99020,0.00487,0.00234,0.00259
11.53677,0.48529,0.98490,0.00415,0.00986,0.00109
11.63971,0.48529,0.89551,0.02531,0.06650,0.01268
11.74265,0.48529,0.52571,0.26257,0.18403,0.02769
11.84559,0.48529,0.66933,0.17511,0.14096,0.01461
11.94853,0.48529,0.88721,0.00952,0.10254,0.00073
12.05147,0.48529,0.97443,0.00760,0.01780,0.00017
12.15441,0.48529,0.99521,0.00025,0.00303,0.00151
12.25735,0.48529,0.99647,0.00198,0.00100,0.00055
12.36029,0.48529,0.95082,0.00806,0.01357,0.02756
12.46323,0.48529,0.07029,0.00033,0.00104,0.92834
12.56618,0.48529,0.99745,0.00006,0.00094,0.00156
12.66912,0.48529,0.99645,0.00012,0.00340,0.00004
12.77206,0.48529,0.99344,0.00033,0.00594,0.00029
12.87500,0.48529,0.99750,0.00106,0.00113,0.00032
12.97794,0.48529,0.99048,0.00230,0.00542,0.00180
13.08088,0.48529,0.76783,0.11147,0.09653,0.02417
13.18382,0.48529,0.05061,0.93516,0.01097,0.00326
13.28677,0.48529,0.76625,0.04846,0.17815,0.00714
13.38971,0.48529,0.85267,0.00881,0.13790,0.00062
13.49265,0.48529,0.95916,0.00890,0.03162,0.00032
13.59559,0.48529,0.99703,0.00007,0.00123,0.00167
13.69853,0.48529,0.99794,0.00056,0.00088,0.00062
13.80147,0.48529,0.80771,0.00163,0.00365,0.18702
13.90441,0.48529,0.19772,0.00064,0.00307,0.79857
14.00735,0.48529,0.99946,0.00003,0.00033,0.00017
14.11029,0.48529,0.98479,0.00004,0.01513,0.00003
14.21323,0.48529,0.99139,0.00545,0.00129,0.00187
14.31618,0.48529,0.99468,0.00126,0.00318,0.00088
14.41912,0.48529,0.89262,0.04008,0.05555,0.01174
14.52206,0.48529,0.33542,0.57289,0.08040,0.01129
14.62500,0.48529,0.52765,0.20211,0.25037,0.01987
14.72794,0.48529,0.80421,0.01583,0.17843,0.00153
14.83088,0.48529,0.95103,0.01041,0.03822,0.00034
14.93382,0.48529,0.99673,0.00206,0.00061,0.00060
15.03677,0.48529,0.99751,0.00088,0.00043,0.00118
15.13971,0.48529,0.97742,0.00283,0.00513,0.01462
15.24265,0.48529,0.03088,0.00003,0.00032,0.96877
15.34559,0.48529,0.99315,0.00005,0.00141,0.00539
15.44853,0.48529,0.99769,0.00006,0.00217,0.00007
15.55147,0.48529,0.98283,0.00018,0.01676,0.00023
15.65441,0.48529,0.99134,0.00598,0.00149,0.00119
15.75735,0.48529,0.97165,0.00713,0.01743,0.00379
15.86029,0.48529,0.61436,0.18962,0.17079,0.02523
15.96323,0.48530,0.05061,0.93516,0.01097,0.00326
16.06618,0.48529,0.68541,0.05606,0.24936,0.00917
16.16912,0.48529,0.90696,0.00983,0.08265,0.00057
16.27206,0.48529,0.99934,0.00010,0.00049,0.00008
16.37500,0.48529,0.99514,0.00100,0.00048,0.00338
16.47794,0.48529,0.99286,0.00231,0.00096,0.00386
16.58088,0.48529,0.20232,0.00045,0.00464,0.79259
16.68382,0.48529,0.71749,0.00018,0.00882,0.27351
16.78676,0.48529,0.99898,0.00002,0.00092,0.00008
16.88971,0.48529,0.99206,0.00011,0.00781,0.00002
16.99265,0.48529,0.99786,0.00095,0.00055,0.00063
17.09559,0.48529,0.98774,0.00376,0.00514,0.00336
17.19853,0.48529,0.89504,0.03356,0.06145,0.00994
17.30147,0.48529,0.05061,0.93516,0.01097,0.00326
17.40441,0.48529,0.05061,0.93516,0.01097,0.00326
17.50735,0.48529,0.69981,0.04455,0.24711,0.00853
17.61029,0.48529,0.92021,0.01009,0.06897,0.00072
17.71324,0.48529,0.96990,0.00663,0.02309,0.00038
17.81618,0.48529,0.99832,0.00018,0.00058,0.00091
17.91912,0.48529,0.99526,0.00120,0.00185,0.00169
18.02206,0.48529,0.98075,0.00479,0.00355,0.01091
18.12500,0.48529,0.07627,0.00021,0.00045,0.92307
18.22794,0.48529,0.97928,0.00014,0.00331,0.01727
18.33088,0.48529,0.99831,0.00001,0.00164,0.00005
18.43382,0.48529,0.99808,0.00003,0.00188,0.00002
18.53676,0.48529,0.99243,0.00369,0.00175,0.00213
18.63971,0.48529,0.99336,0.00384,0.00224,0.00056
18.74265,0.48529,0.85054,0.04875,0.08240,0.01831
18.84559,0.48529,0.61235,0.11868,0.25669,0.01228
18.94853,0.48529,0.89376,0.01210,0.09349,0.00065
19.05147,0.48529,0.99824,0.00042,0.00126,0.00007
19.15441,0.48529,0.99191,0.00256,0.00153,0.00400
19.25735,0.48529,0.99226,0.00452,0.00085,0.00237
19.36029,0.48529,0.85822,0.01029,0.00461,0.12688
19.46324,0.48529,0.06353,0.00022,0.00089,0.93536
19.56618,0.48529,0.95430,0.00166,0.00099,0.04304
19.66912,0.48529,0.99808,0.00093,0.00079,0.00020
19.77206,0.48529,0.98508,0.00016,0.01472,0.00004
19.87500,0.48529,0.98696,0.01047,0.00112,0.00146
19.97794,0.48529,0.97995,0.00814,0.00926,0.00266
20.08088,0.48529,0.65457,0.19185,0.12956,0.02402
20.18382,0.48529,0.58358,0.16330,0.23283,0.02029
20.28676,0.48529,0.78992,0.01769,0.19073,0.00166
20.38971,0.48529,0.94570,0.00972,0.04411,0.00046
20.49265,0.48529,0.97016,0.00072,0.02455,0.00457
20.59559,0.48529,0.99418,0.00254,0.00219,0.00109
20.69853,0.48529,0.98421,0.00498,0.00444,0.00637
20.80147,0.48529,0.82151,0.00427,0.00048,0.17374
20.90441,0.48529,0.03926,0.00232,0.00089,0.95753
21.00735,0.48529,0.79054,0.01022,0.00296,0.19628
21.11029,0.48529,0.99858,0.00084,0.00039,0.00019
21.21324,0.48529,0.98473,0.00018,0.01501,0.00008
21.31618,0.48529,0.96742,0.02649,0.00328,0.00281
21.41912,0.48529,0.96415,0.00845,0.02135,0.00605
21.52206,0.48529,0.35334,0.47399,0.15537,0.01730
21.62500,0.48529,0.05061,0.93516,0.01097,0.00326
21.72794,0.48529,0.05061,0.93516,0.01097,0.00326
21.83088,0.48529,0.57721,0.15442,0.24850,0.01988
21.93382,0.48529,0.94007,0.00569,0.05379,0.00044
22.03676,0.48529,0.99829,0.00046,0.00123,0.00002
22.13971,0.48529,0.98990,0.00110,0.00150,0.00750
22.24265,0.48529,0.99264,0.00132,0.00231,0.00373
22.34559,0.48529,0.86417,0.00303,0.00135,0.13146
22.44853,0.48529,0.16454,0.00053,0.00811,0.82682
22.55147,0.48529,0.08343,0.00911,0.00836,0.89910
22.65441,0.48529,0.05139,0.00779,0.00265,0.93817
22.75735,0.48529,0.91644,0.00596,0.00115,0.07646
22.86029,0.48529,0.99915,0.00021,0.00061,0.00003
22.96324,0.48529,0.97327,0.00061,0.02607,0.00005
23.06618,0.48529,0.99442,0.00347,0.00074,0.00137
23.16912,0.48529,0.99116,0.00122,0.00625,0.00136
23.27206,0.48529,0.78321,0.10213,0.10401,0.01065
23.37500,0.48529,0.70139,0.23527,0.04610,0.01724
23.47794,0.48529,0.55275,0.17997,0.24675,0.02054
23.58088,0.48529,0.90133,0.00949,0.08826,0.00093
23.68382,0.48529,0.97088,0.00174,0.02728,0.00010
23.78676,0.48529,0.95735,0.00610,0.03551,0.00105
23.88971,0.48529,0.99527,0.00014,0.00395,0.00064
23.99265,0.48529,0.98918,0.00147,0.00805,0.00129
24.09559,0.48529,0.99104,0.00165,0.00311,0.00420
24.19853,0.48529,0.04084,0.00023,0.00025,0.95869
24.30147,0.48529,0.86590,0.00150,0.00170,0.13091
24.40441,0.48529,0.99898,0.00005,0.00082,0.00015
24.50735,0.48529,0.99381,0.00006,0.00610,0.00003
24.61029,0.48529,0.99218,0.00424,0.00122,0.00236
24.71324,0.48529,0.98953,0.00576,0.00370,0.00100
24.81618,0.48529,0.93921,0.01413,0.03547,0.01119
24.91912,0.48529,0.05061,0.93516,0.01097,0.00326
25.02206,0.48529,0.05061,0.93516,0.01097,0.00326
25.12500,0.48529,0.05061,0.93516,0.01097,0.00326
25.22794,0.48529,0.05061,0.93516,0.01097,0.00326
25.33088,0.48529,0.05061,0.93516,0.01097,0.00326
25.43382,0.48529,0.05061,0.93516,0.01097,0.00326
25.53676,0.48529,0.05061,0.93516,0.01097,0.00326
25.63971,0.48529,0.68023,0.15948,0.14579,0.01450
25.74265,0.48529,0.95264,0.00888,0.03744,0.00104
25.84559,0.48529,0.99283,0.00197,0.00334,0.00187
25.94853,0.48529,0.99179,0.00235,0.00497,0.00090
26.05147,0.48529,0.97297,0.01157,0.00172,0.01375
26.15441,0.48529,0.07085,0.00046,0.00257,0.92612
26.25735,0.48529,0.99903,0.00018,0.00007,0.00073
26.36029,0.48529,0.99769,0.00023,0.00203,0.00005
26.46324,0.48529,0.99591,0.00091,0.00286,0.00031
26.56618,0.48529,0.98170,0.00983,0.00594,0.00254
26.66912,0.48529,0.94925,0.01642,0.02196,0.01237
26.77206,0.48529,0.05061,0.93516,0.01097,0.00326
26.87500,0.48529,0.05061,0.93516,0.01097,0.00326
26.97794,0.48529,0.05061,0.93516,0.01097,0.00326
27.08088,0.48529,0.05061,0.93516,0.01097,0.00326
27.18382,0.48529,0.05061,0.93516,0.01097,0.00326
27.28676,0.48529,0.05061,0.93516,0.01097,0.00326
27.38971,0.48529,0.66987,0.16947,0.14559,0.01507
27.49265,0.48529,0.92890,0.00749,0.06297,0.00065
27.59559,0.48529,0.98575,0.00572,0.00738,0.00114
27.69853,0.48529,0.99798,0.00022,0.00157,0.00024
27.80147,0.48529,0.92662,0.01052,0.00747,0.05539
27.90441,0.48529,0.11184,0.00117,0.00649,0.88051
28.00735,0.48529,0.99950,0.00017,0.00025,0.00007
28.11029,0.48529,0.98998,0.00045,0.00951,0.00005
28.21324,0.48529,0.98733,0.01117,0.00097,0.00053
28.31618,0.48529,0.97326,0.00799,0.01447,0.00428
28.41912,0.48529,0.63696,0.19679,0.14079,0.02546
28.52206,0.48529,0.05061,0.93516,0.01097,0.00326
28.62500,0.48529,0.05061,0.93516,0.01097,0.00326
28.72794,0.48529,0.69956,0.06849,0.22143,0.01052
28.83088,0.48529,0.90974,0.00712,0.08264,0.00050
28.93382,0.48529,0.99317,0.00192,0.00477,0.00014
29.03676,0.48529,0.99635,0.00042,0.00095,0.00227
29.13971,0.48529,0.99000,0.00429,0.00254,0.00317
29.24265,0.48529,0.96768,0.00355,0.00403,0.02474
29.34559,0.48529,0.08209,0.00022,0.00044,0.91725
29.44853,0.48529,0.99039,0.00011,0.00116,0.00834
29.55147,0.48529,0.99702,0.00001,0.00294,0.00003
29.65441,0.48529,0.97712,0.00005,0.02276,0.00007
29.75735,0.48529,0.99683,0.00037,0.00199,0.00081
29.86029,0.48529,0.99745,0.00010,0.00220,0.00024
29.96324,0.48529,0.99389,0.00046,0.00554,0.00010
30.06618,0.48529,0.96992,0.00270,0.02667,0.00070
30.16912,0.48529,0.78991,0.00329,0.20637,0.00043
30.27206,0.48529,0.75755,0.00746,0.23464,0.00035
30.37500,0.48529,0.99564,0.00011,0.00416,0.00009
30.47794,0.48529,0.99826,0.00009,0.00122,0.00043
30.58088,0.48529,0.98641,0.00058,0.00731,0.00570
30.68382,0.48529,0.18664,0.00022,0.00510,0.80804
30.78676,0.48529,0.58326,0.00052,0.01287,0.40334
30.88971,0.48529,0.99918,0.00001,0.00077,0.00004
30.99265,0.48529,0.99042,0.00012,0.00944,0.00002
31.09559,0.48529,0.99290,0.00413,0.00114,0.00182
31.19853,0.48529,0.98744,0.00277,0.00804,0.00175
31.30147,0.48529,0.85966,0.03538,0.09211,0.01285
31.40441,0.48529,0.37466,0.45142,0.15886,0.01506
31.50735,0.48529,0.05061,0.93516,0.01097,0.00326
31.61029,0.48529,0.05061,0.93516,0.01097,0.00326
31.71324,0.48529,0.05061,0.93516,0.01097,0.00326
31.81618,0.48529,0.56544,0.10549,0.31585,0.01322
31.91912,0.48529,0.88653,0.01893,0.09292,0.00162
32.02206,0.48529,0.99665,0.00133,0.00198,0.00005
32.12500,0.48529,0.98925,0.00182,0.00590,0.00304
32.22794,0.48529,0.89326,0.00343,0.02075,0.08255
32.33088,0.48529,0.12967,0.00287,0.01721,0.85025
32.43382,0.48529,0.99404,0.00028,0.00369,0.00198
32.53677,0.48529,0.98454,0.00036,0.01498,0.00012
32.63971,0.48529,0.95162,0.04296,0.00170,0.00372
32.74265,0.48529,0.97082,0.00685,0.01826,0.00407
32.84559,0.48529,0.45354,0.40668,0.11697,0.02281
32.94853,0.48529,0.05061,0.93516,0.01097,0.00326
33.05147,0.48529,0.05061,0.93516,0.01097,0.00326
33.15441,0.48529,0.63390,0.10631,0.24770,0.01208
33.25735,0.48529,0.86559,0.01142,0.12209,0.00090
33.36029,0.48529,0.99446,0.00387,0.00142,0.00025
33.46323,0.48529,0.99288,0.00377,0.00179,0.00156
33.56618,0.48529,0.93478,0.00712,0.01077,0.04733
33.66912,0.48529,0.07979,0.00085,0.00722,0.91215
33.77206,0.48529,0.99925,0.00013,0.00037,0.00024
33.87500,0.48529,0.98677,0.00015,0.01305,0.00003
33.97794,0.48529,0.96414,0.02767,0.00445,0.00375
34.08088,0.48529,0.98295,0.00723,0.00752,0.00230
34.18382,0.48529,0.73605,0.12468,0.11573,0.02354
34.28677,0.48529,0.05061,0.93516,0.01097,0.00326
34.38971,0.48529,0.05061,0.93516,0.01097,0.00326
34.49265,0.48529,0.79692,0.02233,0.17764,0.00311
34.59559,0.48529,0.95392,0.01083,0.03484,0.00041
34.69853,0.48529,0.98782,0.00238,0.00812,0.00168
34.80147,0.48529,0.98849,0.00584,0.00324,0.00242
34.90441,0.48529,0.98161,0.00310,0.00697,0.00833
35.00735,0.48529,0.15841,0.00182,0.00076,0.83902
35.11029,0.48529,0.85766,0.00236,0.00258,0.13740
35.21323,0.48529,0.99974,0.00005,0.00019,0.00003
35.31618,0.48529,0.99167,0.00020,0.00811,0.00001
35.41912,0.48529,0.98346,0.00717,0.00535,0.00402
35.52206,0.48529,0.99664,0.00113,0.00179,0.00045
35.62500,0.48529,0.95029,0.00906,0.03698,0.00367
35.72794,0.48529,0.97420,0.00177,0.02389,0.00015
35.83088,0.48529,0.97226,0.00202,0.02548,0.00024
35.93382,0.48529,0.91156,0.00663,0.08032,0.00150
36.03677,0.48529,0.99931,0.00001,0.00057,0.00012
36.13971,0.48529,0.99726,0.00030,0.00211,0.00033
36.24265,0.48529,0.99118,0.00019,0.00661,0.00203
36.34559,0.48529,0.11563,0.00058,0.00440,0.87939
36.44853,0.48529,0.84655,0.00004,0.00200,0.15142
36.55147,0.48529,0.99763,0.00016,0.00214,0.00007
36.65441,0.48529,0.97675,0.00012,0.02295,0.00018
36.75735,0.48529,0.98246,0.01386,0.00123,0.00245
36.86029,0.48529,0.94954,0.00823,0.03641,0.00582
36.96323,0.48529,0.50224,0.35126,0.12198,0.02452
37.06618,0.48529,0.05061,0.93516,0.01097,0.00326
37.16912,0.48529,0.05061,0.93516,0.01097,0.00326
37.27206,0.48529,0.22984,0.64121,0.11440,0.01455
37.37500,0.48529,0.71167,0.09239,0.19015,0.00578
37.47794,0.48529,0.87780,0.00555,0.11620,0.00045
37.58088,0.48529,0.89120,0.00471,0.10374,0.00035
37.68382,0.48529,0.82590,0.01230,0.16010,0.00171
37.78677,0.48529,0.99317,0.00006,0.00660,0.00017
37.88971,0.48529,0.99835,0.00017,0.00078,0.00070
37.99265,0.48529,0.96601,0.00210,0.01878,0.01312
38.09559,0.48529,0.04790,0.00042,0.00661,0.94506
38.19853,0.48529,0.99313,0.00004,0.00195,0.00488
38.30147,0.48529,0.99827,0.00006,0.00164,0.00004
38.40441,0.48529,0.98142,0.00079,0.01621,0.00159
38.50735,0.48529,0.99344,0.00479,0.00119,0.00058
38.61029,0.48529,0.90606,0.02675,0.05134,0.01585
38.71323,0.48529,0.05061,0.93516,0.01097,0.00326
38.81618,0.48529,0.05061,0.93516,0.01097,0.00326
38.91912,0.48529,0.05061,0.93516,0.01097,0.00326
39.02206,0.48529,0.22197,0.65508,0.10877,0.01418
39.12500,0.48529,0.81911,0.03346,0.14350,0.00393
39.22794,0.48529,0.93819,0.00675,0.05482,0.00023
39.33088,0.48529,0.99592,0.00110,0.00269,0.00028
39.43382,0.48529,0.99575,0.00082,0.00012,0.00331
39.53677,0.48529,0.98761,0.00526,0.00192,0.00521
39.63971,0.48529,0.31479,0.00129,0.00160,0.68232
39.74265,0.48529,0.57958,0.00337,0.00377,0.41328
39.84559,0.48529,0.99808,0.00001,0.00133,0.00059
39.94853,0.48529,0.98589,0.00007,0.01399,0.00005
40.05147,0.48529,0.98397,0.00152,0.01271,0.00179
40.15441,0.48529,0.99191,0.00274,0.00357,0.00177
40.25735,0.48529,0.95688,0.01438,0.02300,0.00574
40.36029,0.48529,0.52856,0.28377,0.16528,0.02240
40.46323,0.48529,0.05061,0.93516,0.01097,0.00326
40.56618,0.48529,0.05061,0.93516,0.01097,0.00326
40.66912,0.48529,0.58449,0.08748,0.31455,0.01348
40.77206,0.48529,0.93146,0.00791,0.05968,0.00095
40.87500,0.48529,0.99920,0.00052,0.00015,0.00013
40.97794,0.48529,0.99923,0.00008,0.00037,0.00031
41.08088,0.48529,0.99487,0.00045,0.00235,0.00233
41.18382,0.48529,0.58083,0.00453,0.00878,0.40586
41.28677,0.48529,0.24886,0.00008,0.00029,0.75077
41.38971,0.48529,0.99410,0.00003,0.00238,0.00349
41.49265,0.48529,0.99686,0.00012,0.00297,0.00005
41.59559,0.48529,0.99071,0.00026,0.00860,0.00044
41.69853,0.48529,0.98774,0.00622,0.00345,0.00259
41.80147,0.48529,0.98169,0.00532,0.01113,0.00186
41.90441,0.48529,0.77596,0.15140,0.05287,0.01977
42.00735,0.48529,0.05061,0.93516,0.01097,0.00326
42.11029,0.48529,0.05061,0.93516,0.01097,0.00326
42.21323,0.48529,0.79657,0.02665,0.17319,0.00359
42.31618,0.48529,0.93554,0.01252,0.05152,0.00041
42.41912,0.48529,0.99793,0.00057,0.00141,0.00009
42.52206,0.48529,0.99509,0.00288,0.00008,0.00194
42.62500,0.48529,0.98464,0.00336,0.00620,0.00580
42.72794,0.48529,0.59141,0.00203,0.00302,0.40354
42.83088,0.48529,0.13576,0.00076,0.00119,0.86228
42.93382,0.48529,0.99071,0.00014,0.00137,0.00778
43.03677,0.48529,0.99848,0.00030,0.00116,0.00007
43.13971,0.48529,0.99049,0.00008,0.00939,0.00003
43.24265,0.48529,0.98877,0.00892,0.00092,0.00139
43.34559,0.48529,0.98557,0.00460,0.00744,0.00238
43.44853,0.48529,0.69075,0.15690,0.12687,0.02548
43.55147,0.48529,0.05061,0.93516,0.01097,0.00326
43.65441,0.48529,0.05061,0.93516,0.01097,0.00326
43.75735,0.48529,0.70034,0.07024,0.22149,0.00793
43.86029,0.48529,0.76602,0.00938,0.22400,0.00060
43.96323,0.48529,0.94509,0.02085,0.03381,0.00025
44.06618,0.48529,0.99124,0.00243,0.00585,0.00047
44.16912,0.48529,0.99785,0.00090,0.00066,0.00059
44.27206,0.48529,0.97325,0.00354,0.01125,0.01195
44.37500,0.48529,0.26513,0.00144,0.00153,0.73190
44.47794,0.48529,0.39303,0.00268,0.00872,0.59557
44.58088,0.48529,0.99803,0.00011,0.00081,0.00106
44.68382,0.48529,0.99616,0.00020,0.00361,0.00003
44.78677,0.48529,0.99099,0.00184,0.00542,0.00175
44.88971,0.48529,0.99131,0.00444,0.00163,0.00262
44.99265,0.48529,0.95453,0.01386,0.02608,0.00552
45.09559,0.48529,0.05061,0.93516,0.01097,0.00326
45.19853,0.48529,0.05061,0.93516,0.01097,0.00326
45.30147,0.48529,0.05061,0.93516,0.01097,0.00326
45.40441,0.48529,0.25356,0.59818,0.13262,0.01564
45.50735,0.48529,0.82876,0.01397,0.15446,0.00280
45.61029,0.48529,0.97731,0.00672,0.01554,0.00042
45.71323,0.48529,0.99833,0.00015,0.00100,0.00052
45.81618,0.48529,0.97858,0.00880,0.01117,0.00145
45.91912,0.48529,0.95742,0.00403,0.00387,0.03468
46.02206,0.48529,0.03753,0.00018,0.00016,0.96213
46.12500,0.48529,0.72239,0.00353,0.00378,0.27030
46.22794,0.48529,0.99937,0.00004,0.00041,0.00018
46.33088,0.48529,0.98685,0.00012,0.01299,0.00004
46.43382,0.48529,0.97346,0.01326,0.00643,0.00684
46.53677,0.48529,0.98696,0.00557,0.00612,0.00135
46.63971,0.48529,0.88987,0.02848,0.06473,0.01693
46.74265,0.48529,0.05061,0.93516,0.01097,0.00326
46.84559,0.48529,0.05061,0.93516,0.01097,0.00326
46.94853,0.48529,0.05061,0.93516,0.01097,0.00326
47.05147,0.48529,0.65892,0.17695,0.14936,0.01478
47.15441,0.48529,0.86449,0.02227,0.11202,0.00123
47.25735,0.48529,0.99915,0.00055,0.00023,0.00008
47.36029,0.48529,0.99995,0.00001,0.00001,0.00003
47.46323,0.48529,0.99667,0.00046,0.00169,0.00118
47.56618,0.48529,0.88492,0.00692,0.00192,0.10624
47.66912,0.48529,0.03953,0.00060,0.00030,0.95957
47.77206,0.48529,0.20026,0.00300,0.00279,0.79394
47.87500,0.48529,0.99402,0.00037,0.00111,0.00450
47.97794,0.48529,0.99205,0.00084,0.00691,0.00019
48.08088,0.48529,0.98750,0.00198,0.00960,0.00093
48.18382,0.48529,0.99014,0.00676,0.00128,0.00182
48.28677,0.48529,0.75311,0.09600,0.12784,0.02305
48.38971,0.48529,0.05061,0.93516,0.01097,0.00326
48.49265,0.48529,0.05061,0.93516,0.01097,0.00326
48.59559,0.48529,0.05061,0.93516,0.01097,0.00326
48.69853,0.48529,0.74915,0.03050,0.21517,0.00518
48.80147,0.48529,0.98767,0.00547,0.00649,0.00037
48.90441,0.48529,0.99657,0.00062,0.00210,0.00071
49.00735,0.48529,0.97448,0.00888,0.01192,0.00471
49.11029,0.48529,0.92080,0.01096,0.00635,0.06188
49.21323,0.48529,0.03562,0.00012,0.00017,0.96409
49.31618,0.48529,0.96228,0.00186,0.00121,0.03465
49.41912,0.48529,0.99835,0.00019,0.00129,0.00016
49.52206,0.48529,0.97646,0.00019,0.02327,0.00008
49.62500,0.48529,0.97058,0.02545,0.00095,0.00301
49.72794,0.48529,0.97200,0.00920,0.01645,0.00234
49.83088,0.48529,0.71788,0.19845,0.06481,0.01886
49.93382,0.48529,0.05061,0.93516,0.01097,0.00326
50.03677,0.48529,0.05061,0.93516,0.01097,0.00326
50.13971,0.48529,0.05061,0.93516,0.01097,0.00326
50.24265,0.48529,0.67281,0.07361,0.24302,0.01055
50.34559,0.48529,0.91924,0.01239,0.06739,0.00098
50.44853,0.48529,0.99002,0.00349,0.00426,0.00223
50.55147,0.48529,0.99728,0.00090,0.00131,0.00051
50.65441,0.48529,0.99487,0.00310,0.00050,0.00152
50.75735,0.48529,0.70380,0.00230,0.00035,0.29355
50.86029,0.48529,0.03427,0.00116,0.00051,0.96406
50.96323,0.48529,0.87138,0.00346,0.00327,0.12189
51.06618,0.48529,0.99911,0.00022,0.00054,0.00013
51.16912,0.48529,0.98460,0.00004,0.01533,0.00003
51.27206,0.48529,0.94525,0.04070,0.00745,0.00660
51.37500,0.48529,0.98703,0.00530,0.00588,0.00178
51.47794,0.48529,0.78346,0.09862,0.09027,0.02766
51.58088,0.48529,0.05061,0.93516,0.01097,0.00326
51.68382,0.48529,0.05061,0.93516,0.01097,0.00326
51.78677,0.48529,0.23778,0.62709,0.12021,0.01491
51.88971,0.48529,0.81090,0.04303,0.14188,0.00419
51.99265,0.48529,0.99879,0.00077,0.00037,0.00008
52.09559,0.48529,0.99466,0.00125,0.00120,0.00290
52.19853,0.48529,0.99642,0.00137,0.00045,0.00176
52.30147,0.48529,0.94250,0.00954,0.00144,0.04652
52.40441,0.48529,0.08364,0.00085,0.00073,0.91478
52.50735,0.48529,0.11424,0.00300,0.00169,0.88107
52.61029,0.48529,0.99673,0.00005,0.00074,0.00248
52.71323,0.48529,0.99729,0.00045,0.00219,0.00006
52.81618,0.48529,0.98889,0.00069,0.01005,0.00037
52.91912,0.48529,0.99444,0.00412,0.00072,0.00072
53.02206,0.48529,0.92326,0.01999,0.04722,0.00954
53.12500,0.48529,0.48858,0.32285,0.17374,0.01484
53.22794,0.48529,0.05061,0.93516,0.01097,0.00326
53.33088,0.48529,0.61914,0.19037,0.17205,0.01843
53.43382,0.48529,0.89900,0.02163,0.07721,0.00216
53.53677,0.48529,0.97266,0.00181,0.02547,0.00006
53.63971,0.48529,0.99799,0.00056,0.00140,0.00004
53.74265,0.48529,0.99661,0.00067,0.00086,0.00186
53.84559,0.48529,0.99198,0.00132,0.00429,0.00242
53.94853,0.48529,0.86742,0.00487,0.00165,0.12605
54.05147,0.48529,0.12027,0.00096,0.00764,0.87113
54.15441,0.48529,0.04901,0.00687,0.00352,0.94059
54.25735,0.48529,0.87158,0.00557,0.00231,0.12053
54.36029,0.48529,0.99968,0.00013,0.00019,0.00001
54.46323,0.48529,0.99094,0.00007,0.00899,0.00000
54.56618,0.48529,0.96852,0.00064,0.03023,0.00061
54.66912,0.48529,0.97770,0.00058,0.02060,0.00112
54.77206,0.48529,0.98908,0.00045,0.01025,0.00021
54.87500,0.48529,0.96960,0.00097,0.02892,0.00051
54.97794,0.48529,0.96424,0.00112,0.03425,0.00039
55.08088,0.48529,0.94177,0.00225,0.05583,0.00015
55.18382,0.48529,0.99902,0.00002,0.00054,0.00042
55.28677,0.48529,0.99906,0.00012,0.00053,0.00029
55.38971,0.48529,0.99653,0.00076,0.00047,0.00225
55.49265,0.48529,0.59216,0.00120,0.00071,0.40592
55.59559,0.48529,0.03724,0.00083,0.00002,0.96191
55.69853,0.48529,0.97250,0.00003,0.00148,0.02599
55.80147,0.48529,0.99875,0.00000,0.00109,0.00015
55.90441,0.48529,0.99345,0.00002,0.00651,0.00002
56.00735,0.48529,0.99233,0.00384,0.00183,0.00200
56.11029,0.48529,0.98852,0.00290,0.00741,0.00117
56.21323,0.48529,0.94380,0.01438,0.03470,0.00713
56.31618,0.48529,0.60711,0.18817,0.17543,0.02929
56.41912,0.48529,0.05061,0.93516,0.01097,0.00326
56.52206,0.48529,0.05061,0.93516,0.01097,0.00326
56.62500,0.48529,0.05061,0.93516,0.01097,0.00326
56.72794,0.48529,0.05061,0.93516,0.01097,0.00326
56.83088,0.48529,0.05061,0.93516,0.01097,0.00326
56.93382,0.48529,0.05061,0.93516,0.01097,0.00326
57.03677,0.48529,0.05061,0.93516,0.01097,0.00326
57.13971,0.48529,0.67926,0.06327,0.25109,0.00638
57.24265,0.48529,0.92006,0.00352,0.07605,0.00036
57.34559,0.48529,0.99867,0.00039,0.00058,0.00037
57.44853,0.48529,0.99308,0.00061,0.00284,0.00347
57.55147,0.48529,0.99307,0.00069,0.00434,0.00190
57.65441,0.48529,0.92948,0.00168,0.00105,0.06779
57.75735,0.48529,0.05812,0.00064,0.00043,0.94082
57.86029,0.48529,0.29948,0.00216,0.00219,0.69616
57.96323,0.48529,0.95181,0.00013,0.00368,0.04439
58.06618,0.48529,0.99919,0.00002,0.00070,0.00009
58.16912,0.48529,0.99599,0.00009,0.00391,0.00001
58.27206,0.48529,0.99210,0.00065,0.00570,0.00155
58.37500,0.48529,0.98945,0.00296,0.00594,0.00165
58.47794,0.48529,0.99132,0.00212,0.00579,0.00076
58.58088,0.48529,0.78073,0.08110,0.09707,0.04110
58.68382,0.48529,0.95532,0.01235,0.03092,0.00141
58.78677,0.48529,0.91964,0.00415,0.07588,0.00033
58.88971,0.48529,0.86724,0.00403,0.12815,0.00059
58.99265,0.48529,0.99035,0.00129,0.00795,0.00040
59.09559,0.48529,0.99156,0.00066,0.00653,0.00124
59.19853,0.48529,0.99413,0.00090,0.00285,0.00212
59.30147,0.48529,0.60936,0.00863,0.00873,0.37329
59.40441,0.48529,0.17201,0.00037,0.00458,0.82304
59.50735,0.48529,0.99833,0.00021,0.00037,0.00109
59.61029,0.48529,0.99666,0.00044,0.00287,0.00004
59.71323,0.48529,0.99082,0.00175,0.00573,0.00170
59.81618,0.48529,0.98410,0.00748,0.00565,0.00277
59.91912,0.48529,0.93057,0.01164,0.05014,0.00765
60.02206,0.48529,0.34832,0.53111,0.10176,0.01881
60.12500,0.48529,0.05061,0.93516,0.01097,0.00326
60.22794,0.48529,0.05061,0.93516,0.01097,0.00326
60.33088,0.48529,0.69399,0.16191,0.12975,0.01434
60.43382,0.48529,0.87152,0.00794,0.11987,0.00066
60.53677,0.48529,0.97670,0.00420,0.01900,0.00009
60.63971,0.48529,0.99386,0.00087,0.00465,0.00062
60.74265,0.48529,0.99915,0.00029,0.00027,0.00029
60.84559,0.48529,0.94720,0.00189,0.01841,0.03250
60.94853,0.48529,0.05915,0.00056,0.00535,0.93495
61.05147,0.48529,0.99930,0.00028,0.00029,0.00013
61.15441,0.48529,0.98743,0.00046,0.01208,0.00003
61.25735,0.48529,0.98367,0.01113,0.00311,0.00210
61.36029,0.48529,0.98067,0.00743,0.00827,0.00362
61.46323,0.48529,0.73266,0.11462,0.12918,0.02354
61.56618,0.48529,0.05061,0.93516,0.01097,0.00326
61.66912,0.48529,0.05061,0.93516,0.01097,0.00326
61.77206,0.48529,0.05061,0.93516,0.01097,0.00326
61.87500,0.48529,0.05061,0.93516,0.01097,0.00326
61.97794,0.48529,0.76881,0.03826,0.18540,0.00753
62.08088,0.48529,0.94537,0.01396,0.03917,0.00150
62.18382,0.48529,0.99608,0.00069,0.00290,0.00032
62.28677,0.48529,0.99263,0.00356,0.00240,0.00141
62.38971,0.48529,0.81998,0.03208,0.02262,0.12532
62.49265,0.48529,0.10682,0.00060,0.00506,0.88753
62.59559,0.48529,0.99925,0.00012,0.00018,0.00045
62.69853,0.48529,0.99592,0.00043,0.00361,0.00003
62.80147,0.48529,0.99610,0.00024,0.00342,0.00024
62.90441,0.48529,0.98918,0.00472,0.00490,0.00120
63.00735,0.48529,0.97369,0.00911,0.01319,0.00400
63.11029,0.48529,0.70063,0.15259,0.11754,0.02924
63.21323,0.48529,0.05061,0.93516,0.01097,0.00326
63.31618,0.48529,0.05061,0.93516,0.01097,0.00326
63.41912,0.48529,0.05061,0.93516,0.01097,0.00326
63.52206,0.48529,0.34492,0.43098,0.20537,0.01873
63.62500,0.48529,0.90042,0.01321,0.08486,0.00151
63.72794,0.48529,0.98211,0.01005,0.00765,0.00019
63.83088,0.48529,0.98563,0.00055,0.01237,0.00145
63.93382,0.48530,0.99632,0.00084,0.00041,0.00243
64.03677,0.48529,0.86477,0.02713,0.00418,0.10391
64.13971,0.48529,0.11221,0.00100,0.00622,0.88057
64.24265,0.48530,0.99852,0.00033,0.00030,0.00084
64.34559,0.48529,0.99603,0.00037,0.00356,0.00004
64.44853,0.48529,0.99131,0.00151,0.00587,0.00130
64.55147,0.48530,0.99576,0.00149,0.00161,0.00114
64.65441,0.48530,0.96076,0.01912,0.01665,0.00346
64.75735,0.48529,0.76987,0.12190,0.08767,0.02056
64.86029,0.48530,0.79010,0.02640,0.17928,0.00422
64.96323,0.48530,0.92459,0.00776,0.06742,0.00024
65.06618,0.48529,0.92298,0.02325,0.05311,0.00066
65.16912,0.48529,0.99976,0.00005,0.00011,0.00008
65.27206,0.48530,0.99892,0.00010,0.00032,0.00066
65.37500,0.48529,0.98853,0.00050,0.00409,0.00687
65.47794,0.48529,0.06521,0.00014,0.00086,0.93379
65.58088,0.48530,0.85795,0.00038,0.00427,0.13740
65.68382,0.48530,0.99669,0.00003,0.00278,0.00050
65.78677,0.48529,0.99220,0.00003,0.00775,0.00002
65.88971,0.48529,0.97299,0.01356,0.00656,0.00689
65.99265,0.48530,0.98885,0.00300,0.00634,0.00181
66.09559,0.48529,0.93829,0.01986,0.03457,0.00728
66.19853,0.48529,0.61257,0.20344,0.15909,0.02490
66.30147,0.48530,0.05061,0.93516,0.01097,0.00326
66.40441,0.48530,0.68148,0.06990,0.23819,0.01042
66.50735,0.48529,0.89246,0.01093,0.09594,0.00066
66.61029,0.48530,0.97286,0.00925,0.01761,0.00028
66.71323,0.48530,0.99738,0.00010,0.00179,0.00073
66.81618,0.48529,0.99738,0.00164,0.00065,0.00033
66.91912,0.48529,0.99505,0.00142,0.00074,0.00279
67.02206,0.48530,0.02245,0.00009,0.00010,0.97736
67.12500,0.48529,0.97054,0.00021,0.00076,0.02850
67.22794,0.48529,0.99853,0.00010,0.00105,0.00032
67.33088,0.48530,0.97781,0.00010,0.02201,0.00007
67.43382,0.48530,0.99308,0.00351,0.00087,0.00254
67.53677,0.48529,0.98495,0.00790,0.00456,0.00259
67.63971,0.48529,0.80343,0.07354,0.10111,0.02191
67.74265,0.48530,0.05061,0.93516,0.01097,0.00326
67.84559,0.48529,0.05061,0.93516,0.01097,0.00326
67.94853,0.48529,0.05061,0.93516,0.01097,0.00326
68.05147,0.48530,0.05061,0.93516,0.01097,0.00326
68.15441,0.48530,0.60244,0.15572,0.22170,0.02013
68.25735,0.48529,0.92151,0.00804,0.06965,0.00079
68.36029,0.48530,0.99445,0.00148,0.00389,0.00018
68.46323,0.48530,0.99711,0.00027,0.00074,0.00188
68.56618,0.48529,0.98369,0.01059,0.00331,0.00242
68.66912,0.48529,0.91744,0.00213,0.00554,0.07490
68.77206,0.48530,0.08872,0.00046,0.00051,0.91031
68.87500,0.48529,0.96447,0.00013,0.00145,0.03394
68.97794,0.48529,0.99924,0.00006,0.00048,0.00022
69.08088,0.48530,0.99079,0.00007,0.00911,0.00003
69.18382,0.48530,0.99443,0.00381,0.00094,0.00082
69.28677,0.48529,0.98829,0.00418,0.00461,0.00292
69.38971,0.48529,0.75128,0.10109,0.12600,0.02163
69.49265,0.48530,0.05061,0.93516,0.01097,0.00326
69.59559,0.48529,0.05061,0.93516,0.01097,0.00326
69.69853,0.48529,0.05061,0.93516,0.01097,0.00326
69.80147,0.48530,0.05061,0.93516,0.01097,0.00326
69.90441,0.48530,0.59270,0.16174,0.22551,0.02006
70.00735,0.48529,0.86787,0.01595,0.11497,0.00121
70.11029,0.48530,0.96143,0.01033,0.02797,0.00027
70.21323,0.48530,0.99982,0.00001,0.00008,0.00008
70.31618,0.48529,0.99918,0.00029,0.00008,0.00044
70.41912,0.48529,0.98031,0.00043,0.01041,0.00885
70.52206,0.48530,0.16143,0.00017,0.00569,0.83270
70.62500,0.48529,0.67908,0.00005,0.00370,0.31717
70.72794,0.48529,0.99907,0.00005,0.00076,0.00012
70.83088,0.48530,0.99225,0.00009,0.00764,0.00003
70.93382,0.48530,0.99504,0.00306,0.00133,0.00057
71.03677,0.48529,0.98133,0.00737,0.00776,0.00355
71.13971,0.48529,0.82741,0.06589,0.08705,0.01964
71.24265,0.48530,0.05061,0.93516,0.01097,0.00326
71.34559,0.48529,0.05061,0.93516,0.01097,0.00326
71.44853,0.48529,0.05061,0.93516,0.01097,0.00326
71.55147,0.48530,0.05061,0.93516,0.01097,0.00326
71.65441,0.48530,0.81039,0.01688,0.17055,0.00217
71.75735,0.48529,0.95782,0.00925,0.03263,0.00031
71.86029,0.48530,0.98119,0.00638,0.01215,0.00028
71.96323,0.48530,0.99784,0.00042,0.00096,0.00077
72.06618,0.48529,0.99241,0.00073,0.00432,0.00255
72.16912,0.48529,0.89972,0.00281,0.00409,0.09338
72.27206,0.48530,0.32826,0.00052,0.00157,0.66965
72.37500,0.48529,0.99356,0.00008,0.00391,0.00244
72.47794,0.48529,0.99445,0.00008,0.00543,0.00003
72.58088,0.48530,0.99603,0.00019,0.00361,0.00017
72.68382,0.48530,0.99298,0.00303,0.00304,0.00096
72.78677,0.48529,0.98369,0.00631,0.00758,0.00242
72.88971,0.48529,0.77304,0.10056,0.10061,0.02579
72.99265,0.48530,0.05061,0.93516,0.01097,0.00326
73.09559,0.48529,0.24796,0.66523,0.07391,0.01290
73.19853,0.48529,0.79316,0.04811,0.15521,0.00353
73.30147,0.48530,0.94705,0.00637,0.04632,0.00026
73.40441,0.48530,0.96869,0.00862,0.02228,0.00040
73.50735,0.48529,0.99475,0.00058,0.00411,0.00056
73.61029,0.48530,0.99776,0.00031,0.00149,0.00044
73.71323,0.48530,0.97214,0.00394,0.00448,0.01945
73.81618,0.48529,0.05473,0.00041,0.00217,0.94269
73.91912,0.48529,0.99400,0.00010,0.00272,0.00317
74.02206,0.48530,0.99674,0.00012,0.00308,0.00005
74.12500,0.48529,0.98264,0.00065,0.01612,0.00060
74.22794,0.48529,0.99062,0.00569,0.00285,0.00083
74.33088,0.48530,0.96789,0.00815,0.01889,0.00507
74.43382,0.48530,0.70593,0.12569,0.14167,0.02671
74.53677,0.48529,0.05061,0.93516,0.01097,0.00326
74.63971,0.48529,0.05061,0.93516,0.01097,0.00326
74.74265,0.48530,0.61660,0.19321,0.17182,0.01837
74.84559,0.48529,0.94900,0.00563,0.04450,0.00087
74.94853,0.48529,0.98870,0.00412,0.00706,0.00012
75.05147,0.48530,0.99795,0.00013,0.00103,0.00088
75.15441,0.48530,0.99695,0.00085,0.00100,0.00120
75.25735,0.48529,0.92569,0.00261,0.00819,0.06352
75.36029,0.48530,0.08975,0.00036,0.00124,0.90865
75.46323,0.48530,0.99562,0.00015,0.00140,0.00283
75.56618,0.48529,0.99473,0.00009,0.00514,0.00004
75.66912,0.48529,0.98598,0.00128,0.01010,0.00265
75.77206,0.48530,0.99236,0.00465,0.00165,0.00134
75.87500,0.48529,0.91824,0.02031,0.05160,0.00986
75.97794,0.48529,0.35866,0.46930,0.15655,0.01550
76.08088,0.48530,0.05061,0.93516,0.01097,0.00326
76.18382,0.48530,0.70165,0.04485,0.24466,0.00884
76.28677,0.48529,0.90998,0.01283,0.07628,0.00092
76.38971,0.48529,0.99241,0.00208,0.00534,0.00017
76.49265,0.48530,0.99640,0.00074,0.00181,0.00104
76.59559,0.48529,0.99336,0.00199,0.00251,0.00213
76.69853,0.48529,0.22008,0.00191,0.00185,0.77615
76.80147,0.48530,0.62851,0.00085,0.00380,0.36684
76.90441,0.48530,0.99781,0.00188,0.00021,0.00010
77.00735,0.48529,0.98978,0.00050,0.00969,0.00002
77.11029,0.48530,0.98023,0.01181,0.00426,0.00370
77.21323,0.48530,0.98847,0.00589,0.00377,0.00186
77.31618,0.48529,0.75476,0.10697,0.11645,0.02182
77.41912,0.48529,0.05061,0.93516,0.01097,0.00326
77.52206,0.48530,0.05061,0.93516,0.01097,0.00326
77.62500,0.48529,0.05061,0.93516,0.01097,0.00326
77.72794,0.48529,0.25561,0.65475,0.07646,0.01319
77.83088,0.48530,0.80969,0.04564,0.14118,0.00348
77.93382,0.48530,0.98645,0.00308,0.01032,0.00016
78.03677,0.48529,0.99659,0.00026,0.00268,0.00047
78.13971,0.48529,0.99424,0.00219,0.00281,0.00076
78.24265,0.48530,0.81162,0.08063,0.00711,0.10063
78.34559,0.48529,0.10270,0.00063,0.00573,0.89093
78.44853,0.48529,0.99890,0.00028,0.00018,0.00063
78.55147,0.48530,0.99829,0.00027,0.00142,0.00002
78.65441,0.48530,0.99634,0.00062,0.00272,0.00031
78.75735,0.48529,0.99838,0.00069,0.00083,0.00011
78.86029,0.48530,0.98987,0.00275,0.00452,0.00286
78.96323,0.48530,0.76224,0.13575,0.08167,0.02034
79.06618,0.48529,0.05061,0.93516,0.01097,0.00326
79.16912,0.48529,0.66368,0.05957,0.26570,0.01106
79.27206,0.48530,0.77190,0.02645,0.19922,0.00243
79.37500,0.48529,0.92956,0.00461,0.06550,0.00032
79.47794,0.48529,0.99013,0.00094,0.00875,0.00017
79.58088,0.48530,0.99692,0.00016,0.00240,0.00052
79.68382,0.48530,0.99708,0.00035,0.00146,0.00112
79.78677,0.48529,0.91874,0.00498,0.00265,0.07363
79.88971,0.48529,0.09952,0.00066,0.00360,0.89622
79.99265,0.48530,0.99758,0.00057,0.00015,0.00169
80.09559,0.48529,0.99794,0.00040,0.00163,0.00003
80.19853,0.48529,0.99633,0.00073,0.00267,0.00027
80.30147,0.48530,0.99952,0.00021,0.00016,0.00011
80.40441,0.48530,0.99242,0.00306,0.00359,0.00093
80.50735,0.48529,0.84389,0.09439,0.04910,0.01262
80.61029,0.48530,0.32527,0.56084,0.09596,0.01793
80.71323,0.48530,0.77652,0.02929,0.18946,0.00473
80.81618,0.48529,0.93388,0.00459,0.06125,0.00028
80.91912,0.48529,0.96854,0.02207,0.00543,0.00396
81.02206,0.48530,0.98848,0.00257,0.00732,0.00163
81.12500,0.48529,0.98920,0.00255,0.00101,0.00724
81.22794,0.48529,0.58831,0.00784,0.00080,0.40306
81.33088,0.48530,0.33269,0.00407,0.00078,0.66246
81.43382,0.48530,0.99533,0.00266,0.00021,0.00180
81.53677,0.48529,0.99463,0.00123,0.00409,0.00006
81.63971,0.48529,0.98866,0.00322,0.00696,0.00116
81.74265,0.48530,0.98868,0.00706,0.00202,0.00224
81.84559,0.48529,0.79185,0.08142,0.10489,0.02184
81.94853,0.48529,0.05061,0.93516,0.01097,0.00326
82.05147,0.48530,0.05061,0.93516,0.01097,0.00326
82.15441,0.48530,0.05061,0.93516,0.01097,0.00326
82.25735,0.48529,0.78535,0.02954,0.18093,0.00417
82.36029,0.48530,0.95714,0.00403,0.03861,0.00022
82.46323,0.48530,0.98437,0.00757,0.00670,0.00135
82.56618,0.48529,0.99671,0.00066,0.00173,0.00090
82.66912,0.48529,0.98108,0.00258,0.00794,0.00840
82.77206,0.48530,0.72405,0.00214,0.00073,0.27309
82.87500,0.48529,0.08249,0.00191,0.00147,0.91413
82.97794,0.48529,0.99116,0.00111,0.00040,0.00733
83.08088,0.48530,0.99822,0.00062,0.00112,0.00004
83.18382,0.48530,0.98775,0.00077,0.01103,0.00045
83.28677,0.48529,0.99153,0.00585,0.00121,0.00140
83.38971,0.48529,0.92173,0.01643,0.05457,0.00727
83.49265,0.48530,0.43568,0.42756,0.11470,0.02206
83.59559,0.48529,0.05061,0.93516,0.01097,0.00326
83.69853,0.48529,0.05061,0.93516,0.01097,0.00326
83.80147,0.48530,0.05061,0.93516,0.01097,0.00326
83.90441,0.48530,0.81507,0.02790,0.15342,0.00361
84.00735,0.48529,0.94438,0.00768,0.04763,0.00031
84.11029,0.48530,0.98391,0.00857,0.00688,0.00063
84.21323,0.48530,0.99690,0.00094,0.00155,0.00061
84.31618,0.48529,0.98863,0.00305,0.00249,0.00583
84.41912,0.48529,0.31166,0.00314,0.00194,0.68326
84.52206,0.48530,0.37586,0.00370,0.00760,0.61284
84.62500,0.48529,0.99952,0.00023,0.00012,0.00012
84.72794,0.48529,0.99828,0.00083,0.00087,0.00002
84.83088,0.48530,0.99220,0.00194,0.00474,0.00112
84.93382,0.48530,0.99132,0.00382,0.00342,0.00144
85.03677,0.48529,0.94139,0.01237,0.03690,0.00934
85.13971,0.48529,0.41013,0.40434,0.16798,0.01755
85.24265,0.48530,0.05061,0.93516,0.01097,0.00326
85.34559,0.48529,0.75620,0.03559,0.20213,0.00609
85.44853,0.48529,0.88652,0.00665,0.10651,0.00032
85.55147,0.48530,0.99101,0.00294,0.00595,0.00011
85.65441,0.48530,0.98849,0.00729,0.00044,0.00378
85.75735,0.48529,0.98824,0.00415,0.00393,0.00368
85.86029,0.48530,0.76100,0.00624,0.00162,0.23114
85.96323,0.48530,0.08263,0.00108,0.00279,0.91350
86.06618,0.48529,0.98395,0.00083,0.00105,0.01417
86.16912,0.48529,0.99908,0.00017,0.00073,0.00003
86.27206,0.48530,0.99531,0.00054,0.00410,0.00005
86.37500,0.48529,0.99681,0.00279,0.00026,0.00014
86.47794,0.48529,0.98744,0.00346,0.00598,0.00312
86.58088,0.48530,0.77373,0.12367,0.08655,0.01605
86.68382,0.48530,0.05061,0.93516,0.01097,0.00326
86.78677,0.48529,0.22984,0.64121,0.11440,0.01455
86.88971,0.48529,0.85321,0.02020,0.12333,0.00326
86.99265,0.48530,0.93799,0.00419,0.05763,0.00019
87.09559,0.48529,0.99478,0.00053,0.00463,0.00007
87.19853,0.48529,0.98757,0.00399,0.00068,0.00776
87.30147,0.48530,0.98958,0.00183,0.00359,0.00501
87.40441,0.48530,0.57983,0.00647,0.00303,0.41067
87.50735,0.48529,0.20038,0.00086,0.00484,0.79392
87.61029,0.48530,0.99563,0.00019,0.00075,0.00344
87.71323,0.48530,0.99808,0.00022,0.00166,0.00004
87.81618,0.48529,0.96859,0.00133,0.02976,0.00032
87.91912,0.48529,0.99747,0.00063,0.00131,0.00058
88.02206,0.48530,0.99018,0.00142,0.00680,0.00160
88.12500,0.48529,0.91317,0.03895,0.04268,0.00520
88.22794,0.48529,0.90831,0.05297,0.02582,0.01290
88.33088,0.48530,0.80969,0.01099,0.17829,0.00103
88.43382,0.48530,0.94235,0.00477,0.05270,0.00017
88.53677,0.48529,0.93836,0.00624,0.05522,0.00018
88.63971,0.48529,0.99849,0.00044,0.00101,0.00007
88.74265,0.48530,0.99656,0.00094,0.00160,0.00090
88.84559,0.48529,0.99083,0.00051,0.00538,0.00328
88.94853,0.48529,0.31525,0.00325,0.00127,0.68023
89.05147,0.48530,0.47236,0.00117,0.00484,0.52163
89.15441,0.48530,0.99826,0.00005,0.00088,0.00080
89.25735,0.48529,0.99501,0.00013,0.00483,0.00003
89.36029,0.48530,0.98801,0.00134,0.00853,0.00212
89.46323,0.48530,0.99270,0.00317,0.00251,0.00162
89.56618,0.48529,0.89688,0.03413,0.06289,0.00610
89.66912,0.48529,0.61621,0.28120,0.08191,0.02068
89.77206,0.48530,0.05061,0.93516,0.01097,0.00326
89.87500,0.48529,0.05061,0.93516,0.01097,0.00326
89.97794,0.48529,0.68125,0.06063,0.24832,0.00979
90.08088,0.48530,0.89328,0.01858,0.08719,0.00095
90.18382,0.48530,0.99636,0.00119,0.00234,0.00010
90.28677,0.48529,0.99441,0.00213,0.00149,0.00196
90.38971,0.48529,0.99180,0.00235,0.00335,0.00250
90.49265,0.48530,0.11699,0.00181,0.00040,0.88080
90.59559,0.48529,0.80981,0.00109,0.00320,0.18590
90.69853,0.48529,0.99814,0.00125,0.00047,0.00014
90.80147,0.48530,0.97438,0.00026,0.02529,0.00007
90.90441,0.48530,0.93440,0.05499,0.00324,0.00737
91.00735,0.48529,0.97884,0.00634,0.01245,0.00237
91.11029,0.48530,0.66704,0.23360,0.07803,0.02134
91.21323,0.48530,0.05061,0.93516,0.01097,0.00326
91.31618,0.48529,0.05061,0.93516,0.01097,0.00326
91.41912,0.48529,0.55984,0.18451,0.23564,0.02002
91.52206,0.48530,0.83675,0.01928,0.14242,0.00155
91.62500,0.48529,0.95527,0.00691,0.03734,0.00048
91.72794,0.48529,0.98930,0.00033,0.00911,0.00126
91.83088,0.48530,0.99677,0.00149,0.00123,0.00051
91.93382,0.48530,0.94742,0.01846,0.00359,0.03054
92.03677,0.48529,0.07131,0.00048,0.00344,0.92477
92.13971,0.48529,0.99755,0.00050,0.00017,0.00177
92.24265,0.48530,0.99784,0.00080,0.00130,0.00006
92.34559,0.48529,0.99295,0.00082,0.00566,0.00057
92.44853,0.48529,0.98484,0.00839,0.00341,0.00337
92.55147,0.48530,0.94118,0.01552,0.03548,0.00782
92.65441,0.48530,0.05061,0.93516,0.01097,0.00326
92.75735,0.48529,0.05061,0.93516,0.01097,0.00326
92.86029,0.48530,0.05061,0.93516,0.01097,0.00326
92.96323,0.48530,0.05061,0.93516,0.01097,0.00326
93.06618,0.48529,0.77877,0.03015,0.18674,0.00434
93.16912,0.48529,0.98681,0.00482,0.00804,0.00033
93.27206,0.48530,0.99720,0.00017,0.00233,0.00030
93.37500,0.48529,0.98283,0.00727,0.00680,0.00311
93.47794,0.48529,0.33215,0.00646,0.01024,0.65115
93.58088,0.48530,0.21652,0.00039,0.00639,0.77670
93.68382,0.48530,0.99819,0.00081,0.00073,0.00026
93.78677,0.48529,0.99217,0.00011,0.00770,0.00002
93.88971,0.48529,0.97222,0.02094,0.00257,0.00427
93.99265,0.48530,0.98630,0.00658,0.00573,0.00140
94.09559,0.48529,0.69156,0.22384,0.06578,0.01883
94.19853,0.48529,0.05061,0.93516,0.01097,0.00326
94.30147,0.48530,0.05061,0.93516,0.01097,0.00326
94.40441,0.48530,0.05061,0.93516,0.01097,0.00326
94.50735,0.48529,0.85690,0.01603,0.12172,0.00535
94.61029,0.48530,0.95232,0.01124,0.03551,0.00093
94.71323,0.48530,0.99733,0.00128,0.00067,0.00072
94.81618,0.48529,0.98993,0.00661,0.00207,0.00139
94.91912,0.48529,0.96206,0.01450,0.00221,0.02123
95.02206,0.48530,0.06603,0.00032,0.00093,0.93272
95.12500,0.48529,0.99632,0.00016,0.00041,0.00311
95.22794,0.48529,0.99678,0.00032,0.00279,0.00011
95.33088,0.48530,0.98365,0.00104,0.01432,0.00099
95.43382,0.48530,0.99246,0.00566,0.00110,0.00078
95.53677,0.48529,0.93921,0.01596,0.03412,0.01071
95.63971,0.48529,0.05061,0.93516,0.01097,0.00326
95.74265,0.48530,0.05061,0.93516,0.01097,0.00326
95.84559,0.48529,0.80691,0.02380,0.16292,0.00637
95.94853,0.48529,0.99150,0.00532,0.00229,0.00088
96.05147,0.48530,0.99746,0.00075,0.00062,0.00118
96.15441,0.48530,0.99248,0.00404,0.00148,0.00200
96.25735,0.48529,0.93733,0.01507,0.00191,0.04569
96.36029,0.48530,0.03699,0.00008,0.00012,0.96282
96.46323,0.48530,0.99316,0.00050,0.00037,0.00597
96.56618,0.48529,0.99832,0.00035,0.00121,0.00012
96.66912,0.48529,0.98118,0.00027,0.01842,0.00013
96.77206,0.48530,0.97955,0.01649,0.00141,0.00255
96.87500,0.48529,0.94172,0.01131,0.04020,0.00676
96.97794,0.48529,0.37078,0.50309,0.10651,0.01962
97.08088,0.48530,0.05061,0.93516,0.01097,0.00326
97.18382,0.48530,0.69921,0.05097,0.23955,0.01027
97.28677,0.48529,0.87429,0.01720,0.10706,0.00146
97.38971,0.48529,0.99957,0.00008,0.00022,0.00014
97.49265,0.48530,0.99491,0.00162,0.00132,0.00215
97.59559,0.48529,0.99715,0.00047,0.00155,0.00082
97.69853,0.48529,0.24561,0.00429,0.00400,0.74610
97.80147,0.48530,0.32002,0.00016,0.00383,0.67599
97.90441,0.48530,0.99821,0.00012,0.00158,0.00009
98.00735,0.48529,0.98470,0.00017,0.01510,0.00003
98.11029,0.48530,0.97894,0.01530,0.00225,0.00351
98.21323,0.48530,0.98921,0.00261,0.00711,0.00107
98.31618,0.48529,0.80836,0.06214,0.10613,0.02337
98.41912,0.48529,0.39651,0.42469,0.16356,0.01523
98.52206,0.48530,0.05061,0.93516,0.01097,0.00326
98.62500,0.48529,0.86397,0.01883,0.11438,0.00282
98.72794,0.48529,0.97086,0.00755,0.02109,0.00051
98.83088,0.48530,0.99737,0.00038,0.00165,0.00060
98.93382,0.48530,0.96816,0.02561,0.00464,0.00158
99.03677,0.48529,0.74628,0.03451,0.01940,0.19981
99.13971,0.48529,0.15511,0.00030,0.00223,0.84236
99.24265,0.48530,0.99905,0.00003,0.00037,0.00055
99.34559,0.48529,0.99336,0.00025,0.00632,0.00007
99.44853,0.48529,0.99388,0.00058,0.00492,0.00063
99.55147,0.48530,0.98475,0.00536,0.00768,0.00221
99.65441,0.48530,0.89149,0.01814,0.07951,0.01086
99.75735,0.48529,0.39884,0.46967,0.11083,0.02066
99.86029,0.48530,0.05061,0.93516,0.01097,0.00326
99.96323,0.48530,0.05061,0.93516,0.01097,0.00326
100.06618,0.48529,0.78145,0.02647,0.18881,0.00327
100.16912,0.48529,0.92295,0.00971,0.06700,0.00034
100.27206,0.48530,0.99893,0.00025,0.00050,0.00031
100.37500,0.48529,0.99451,0.00181,0.00187,0.00181
100.47794,0.48529,0.99741,0.00025,0.00144,0.00090
100.58088,0.48530,0.79960,0.00797,0.00571,0.18672
100.68382,0.48530,0.10270,0.00011,0.00059,0.89660
100.78677,0.48529,0.99883,0.00003,0.00055,0.00059
100.88971,0.48529,0.99567,0.00038,0.00391,0.00004
100.99265,0.48530,0.98828,0.00107,0.00930,0.00135
101.09559,0.48529,0.99286,0.00380,0.00191,0.00142
101.19853,0.48529,0.91025,0.02059,0.05925,0.00991
101.30147,0.48530,0.36836,0.46282,0.15447,0.01436
101.40441,0.48530,0.05061,0.93516,0.01097,0.00326
101.50735,0.48529,0.82710,0.02660,0.14128,0.00501
101.61029,0.48530,0.91107,0.00728,0.08124,0.00042
101.71323,0.48530,0.99856,0.00075,0.00042,0.00026
101.81618,0.48529,0.99717,0.00028,0.00077,0.00178
101.91912,0.48529,0.99508,0.00043,0.00253,0.00196
102.02206,0.48530,0.23063,0.00177,0.00387,0.76374
102.12500,0.48529,0.46602,0.00020,0.00501,0.52877
102.22794,0.48529,0.99907,0.00011,0.00072,0.00010
102.33088,0.48530,0.98452,0.00019,0.01527,0.00003
102.43382,0.48530,0.99138,0.00476,0.00120,0.00265
102.53677,0.48529,0.98598,0.00338,0.00908,0.00156
102.63971,0.48529,0.86678,0.03606,0.08609,0.01107
102.74265,0.48530,0.39000,0.47996,0.10972,0.02032
102.84559,0.48529,0.05061,0.93516,0.01097,0.00326
102.94853,0.48529,0.05061,0.93516,0.01097,0.00326
103.05147,0.48530,0.80209,0.01505,0.17872,0.00414
103.15441,0.48530,0.96424,0.00592,0.02954,0.00031
103.25735,0.48529,0.99374,0.00140,0.00316,0.00169
103.36029,0.48530,0.99806,0.00075,0.00070,0.00050
103.46323,0.48530,0.99134,0.00300,0.00214,0.00352
103.56618,0.48529,0.03463,0.00018,0.00007,0.96511
103.66912,0.48529,0.91783,0.00260,0.00078,0.07879
103.77206,0.48530,0.99950,0.00004,0.00042,0.00004
103.87500,0.48529,0.98753,0.00013,0.01232,0.00003
103.97794,0.48529,0.97755,0.01718,0.00168,0.00359
104.08088,0.48530,0.98936,0.00428,0.00540,0.00095
104.18382,0.48530,0.90335,0.02397,0.05649,0.01618
104.28677,0.48529,0.05061,0.93516,0.01097,0.00326
104.38971,0.48529,0.05061,0.93516,0.01097,0.00326
104.49265,0.48530,0.05061,0.93516,0.01097,0.00326
104.59559,0.48529,0.80919,0.04067,0.14509,0.00505
104.69853,0.48529,0.96170,0.00713,0.03066,0.00051
104.80147,0.48530,0.99467,0.00069,0.00358,0.00106
104.90441,0.48530,0.97979,0.01305,0.00466,0.00250
105.00735,0.48529,0.85569,0.02636,0.01147,0.10648
105.11029,0.48530,0.09072,0.00023,0.00101,0.90804
105.21323,0.48530,0.99063,0.00028,0.00097,0.00812
105.31618,0.48529,0.99858,0.00009,0.00129,0.00004
105.41912,0.48529,0.98968,0.00024,0.00995,0.00013
105.52206,0.48530,0.99474,0.00293,0.00170,0.00063
105.62500,0.48529,0.97156,0.00815,0.01697,0.00332
105.72794,0.48529,0.74851,0.08867,0.14283,0.01999
105.83088,0.48530,0.05061,0.93516,0.01097,0.00326
105.93382,0.48530,0.05061,0.93516,0.01097,0.00326
106.03677,0.48529,0.82176,0.02486,0.15023,0.00315
106.13971,0.48529,0.94212,0.00570,0.05196,0.00022
106.24265,0.48530,0.99546,0.00223,0.00216,0.00014
106.34559,0.48529,0.98686,0.01006,0.00059,0.00249
106.44853,0.48529,0.98589,0.00361,0.00471,0.00579
106.55147,0.48530,0.03093,0.00030,0.00057,0.96820
106.65441,0.48530,0.96729,0.00032,0.00635,0.02603
106.75735,0.48529,0.99949,0.00009,0.00038,0.00004
106.86029,0.48530,0.98715,0.00038,0.01240,0.00007
106.96323,0.48530,0.99060,0.00705,0.00130,0.00105
107.06618,0.48529,0.97637,0.00509,0.01417,0.00437
107.16912,0.48529,0.69849,0.13254,0.14397,0.02500
107.27206,0.48530,0.05061,0.93516,0.01097,0.00326
107.37500,0.48529,0.24578,0.61274,0.12621,0.01527
107.47794,0.48529,0.74191,0.02876,0.22506,0.00426
107.58088,0.48530,0.89555,0.01238,0.09173,0.00034
107.68382,0.48530,0.91119,0.01271,0.07559,0.00050
107.78677,0.48529,0.98851,0.00073,0.00952,0.00123
107.88971,0.48529,0.99589,0.00061,0.00275,0.00075
107.99265,0.48530,0.98218,0.00163,0.00783,0.00837
108.09559,0.48529,0.02896,0.00016,0.00033,0.97055
108.19853,0.48529,0.98839,0.00025,0.00130,0.01006
108.30147,0.48530,0.99895,0.00007,0.00094,0.00004
108.40441,0.48530,0.99215,0.00020,0.00763,0.00002
108.50735,0.48529,0.99721,0.00071,0.00125,0.00084
108.61029,0.48530,0.99044,0.00202,0.00610,0.00143
108.71323,0.48530,0.88372,0.04550,0.06224,0.00854
108.81618,0.48529,0.69513,0.23976,0.04774,0.01737
108.91912,0.48529,0.55935,0.11313,0.31364,0.01388
109.02206,0.48530,0.84950,0.02071,0.12743,0.00237
109.12500,0.48529,0.93629,0.00551,0.05787,0.00032
109.22794,0.48529,0.90915,0.00574,0.08459,0.00052
109.33088,0.48530,0.99237,0.00096,0.00504,0.00163
109.43382,0.48530,0.98418,0.00304,0.01168,0.00110
109.53677,0.48529,0.98139,0.00306,0.00598,0.00957
109.63971,0.48529,0.06019,0.00033,0.00038,0.93910
109.74265,0.48530,0.87403,0.00129,0.00359,0.12108
109.84559,0.48529,0.99930,0.00010,0.00043,0.00016
109.94853,0.48529,0.99466,0.00016,0.00516,0.00001
110.05147,0.48530,0.99199,0.00075,0.00635,0.00092
110.15441,0.48530,0.98682,0.00491,0.00688,0.00139
110.25735,0.48529,0.96370,0.01193,0.01880,0.00557
110.36029,0.48530,0.60242,0.23182,0.13906,0.02670
110.46323,0.48530,0.05061,0.93516,0.01097,0.00326
110.56618,0.48529,0.60705,0.13384,0.24646,0.01265
110.66912,0.48529,0.88392,0.01221,0.10289,0.00098
110.77206,0.48530,0.99673,0.00110,0.00211,0.00006
110.87500,0.48529,0.99658,0.00122,0.00011,0.00209
110.97794,0.48529,0.99369,0.00396,0.00096,0.00138
111.08088,0.48530,0.25188,0.00317,0.00162,0.74332
111.18382,0.48530,0.40058,0.00149,0.00881,0.58911
111.28677,0.48529,0.99886,0.00010,0.00041,0.00063
111.38971,0.48529,0.99410,0.00020,0.00568,0.00003
111.49265,0.48530,0.99024,0.00235,0.00540,0.00201
111.59559,0.48529,0.98318,0.00697,0.00722,0.00263
111.69853,0.48529,0.93197,0.01470,0.04390,0.00943
111.80147,0.48530,0.32527,0.56084,0.09596,0.01793
111.90441,0.48530,0.05061,0.93516,0.01097,0.00326
112.00735,0.48529,0.05061,0.93516,0.01097,0.00326
112.11029,0.48530,0.80799,0.03128,0.15623,0.00449
112.21323,0.48530,0.99597,0.00201,0.00177,0.00025
112.31618,0.48529,0.99186,0.00176,0.00278,0.00360
112.41912,0.48529,0.98980,0.00451,0.00215,0.00354
112.52206,0.48530,0.89712,0.01785,0.00217,0.08285
112.62500,0.48529,0.05719,0.00022,0.00063,0.94196
112.72794,0.48529,0.98876,0.00038,0.00088,0.00998
112.83088,0.48530,0.99849,0.00042,0.00105,0.00004
112.93382,0.48530,0.98744,0.00057,0.01170,0.00030
113.03677,0.48529,0.98817,0.00918,0.00124,0.00141
113.13971,0.48529,0.93698,0.01091,0.04344,0.00867
113.24265,0.48530,0.31288,0.53180,0.14056,0.01475
113.34559,0.48529,0.05061,0.93516,0.01097,0.00326
113.44853,0.48529,0.05061,0.93516,0.01097,0.00326
113.55147,0.48530,0.27561,0.55668,0.15111,0.01661
113.65441,0.48530,0.85939,0.01787,0.12010,0.00264
113.75735,0.48529,0.95416,0.00933,0.03620,0.00030
113.86029,0.48530,0.98790,0.00185,0.00914,0.00111
113.96323,0.48530,0.99618,0.00110,0.00152,0.00121
114.06618,0.48529,0.94819,0.01077,0.02165,0.01938
114.16912,0.48529,0.04316,0.00049,0.00240,0.95395
114.27206,0.48530,0.99702,0.00010,0.00078,0.00210
114.37500,0.48529,0.99768,0.00076,0.00149,0.00007
114.47794,0.48529,0.98771,0.00045,0.01126,0.00058
114.58088,0.48530,0.98856,0.00641,0.00262,0.00241
114.68382,0.48530,0.95999,0.01325,0.02261,0.00415
114.78677,0.48529,0.65879,0.23826,0.08111,0.02185
114.88971,0.48529,0.05061,0.93516,0.01097,0.00326
114.99265,0.48530,0.05061,0.93516,0.01097,0.00326
115.09559,0.48529,0.57336,0.09962,0.31412,0.01290
115.19853,0.48529,0.88547,0.01732,0.09565,0.00157
115.30147,0.48530,0.99422,0.00196,0.00370,0.00012
115.40441,0.48530,0.98909,0.00072,0.00799,0.00220
115.50735,0.48529,0.99539,0.00099,0.00228,0.00133
115.61029,0.48530,0.84575,0.02834,0.00358,0.12234
115.71323,0.48530,0.10830,0.00051,0.00487,0.88632
115.81618,0.48529,0.99890,0.00030,0.00024,0.00056
115.91912,0.48529,0.99780,0.00072,0.00144,0.00003
116.02206,0.48530,0.99074,0.00110,0.00721,0.00095
116.12500,0.48529,0.99334,0.00356,0.00228,0.00081
116.22794,0.48529,0.92907,0.01234,0.04756,0.01103
116.33088,0.48530,0.38178,0.43885,0.16260,0.01678
116.43382,0.48530,0.05061,0.93516,0.01097,0.00326
116.53677,0.48529,0.05061,0.93516,0.01097,0.00326
116.63971,0.48529,0.58988,0.09024,0.30715,0.01273
116.74265,0.48530,0.89780,0.01635,0.08468,0.00117
116.84559,0.48529,0.99727,0.00123,0.00127,0.00022
116.94853,0.48529,0.99139,0.00139,0.00373,0.00350
117.05147,0.48530,0.98983,0.00339,0.00385,0.00294
117.15441,0.48530,0.66094,0.01693,0.00790,0.31423
117.25735,0.48529,0.12453,0.00030,0.00218,0.87299
117.36029,0.48530,0.99899,0.00004,0.00030,0.00067
117.46323,0.48530,0.99369,0.00041,0.00581,0.00009
117.56618,0.48529,0.99210,0.00055,0.00672,0.00064
117.66912,0.48529,0.99442,0.00290,0.00153,0.00116
117.77206,0.48530,0.92504,0.02228,0.04763,0.00505
117.87500,0.48529,0.61585,0.28465,0.08000,0.01951
117.97794,0.48529,0.05061,0.93516,0.01097,0.00326
118.08088,0.48530,0.05061,0.93516,0.01097,0.00326
118.18382,0.48530,0.72741,0.04263,0.22163,0.00833
118.28677,0.48529,0.92469,0.01258,0.06191,0.00082
118.38971,0.48529,0.99593,0.00186,0.00209,0.00012
118.49265,0.48530,0.99375,0.00324,0.00054,0.00247
118.59559,0.48529,0.98342,0.00567,0.00578,0.00513
118.69853,0.48529,0.11854,0.00083,0.00078,0.87985
118.80147,0.48530,0.79037,0.00197,0.00979,0.19787
118.90441,0.48530,0.99914,0.00008,0.00072,0.00006
119.00735,0.48529,0.99633,0.00011,0.00355,0.00001
119.11029,0.48530,0.99399,0.00358,0.00102,0.00142
119.21323,0.48530,0.99346,0.00271,0.00288,0.00094
119.31618,0.48529,0.91253,0.01716,0.05993,0.01038
119.41912,0.48529,0.40769,0.45940,0.11191,0.02100
119.52206,0.48530,0.05061,0.93516,0.01097,0.00326
119.62500,0.48529,0.73688,0.06349,0.18655,0.01309
119.72794,0.48529,0.93557,0.00842,0.05531,0.00071
119.83088,0.48530,0.99954,0.00027,0.00012,0.00006
119.93382,0.48530,0.99643,0.00074,0.00074,0.00210
120.03677,0.48529,0.99444,0.00064,0.00368,0.00125
120.13971,0.48529,0.42797,0.00928,0.00276,0.55998
120.24265,0.48530,0.15128,0.00023,0.00476,0.84373
120.34559,0.48529,0.99950,0.00013,0.00029,0.00008
120.44853,0.48529,0.99135,0.00013,0.00850,0.00002
120.55147,0.48530,0.95835,0.02401,0.00686,0.01078
120.65441,0.48530,0.98868,0.00421,0.00597,0.00114
120.75735,0.48529,0.89322,0.03057,0.05981,0.01639
120.86029,0.48530,0.05061,0.93516,0.01097,0.00326
120.96323,0.48530,0.05061,0.93516,0.01097,0.00326
121.06618,0.48529,0.05061,0.93516,0.01097,0.00326
121.16912,0.48529,0.79332,0.02262,0.18098,0.00308
121.27206,0.48530,0.95824,0.00748,0.03382,0.00045
121.37500,0.48529,0.98430,0.00663,0.00548,0.00359
121.47794,0.48529,0.98837,0.00668,0.00345,0.00150
121.58088,0.48530,0.94503,0.00783,0.01696,0.03018
121.68382,0.48530,0.05633,0.00030,0.00118,0.94219
121.78677,0.48529,0.99873,0.00009,0.00013,0.00105
121.88971,0.48529,0.99574,0.00073,0.00342,0.00012
121.99265,0.48530,0.99514,0.00033,0.00424,0.00030
122.09559,0.48529,0.98488,0.00888,0.00273,0.00351
122.19853,0.48529,0.93749,0.01627,0.03934,0.00690
