# Time (seconds),Ganged_LF_Sns0_DiffCount,Ganged_HF_Sns0_DiffCount
0.0073529,0,0
0.022058782352941175,0,0
0.036764664705882355,0,0
0.05147054705882353,0,0
0.0661764294117647,0,0
0.08088231176470588,0,0
0.09558819411764705,0,0
0.11029407647058823,0,0
0.1249999588235294,0,0
0.13970584117647059,0,0
0.15441172352941177,0,0
0.16911760588235294,0,0
0.1838234882352941,0,0
0.19852937058823528,0,0
0.21323525294117646,0,0
0.22794113529411764,0,0
0.24264701764705882,0,0
0.2573529,0,0
0.2720587823529412,0,0
0.28676466470588236,0,0
0.30147054705882353,0,0
0.3161764294117647,0,0
0.3308823117647059,0,0
0.3455881941176471,0,0
0.3602940764705882,0,0
0.3749999588235294,0,0
0.38970584117647056,0,0
0.40441172352941174,0,0
0.4191176058823529,0,0
0.4338234882352941,0,0
0.4485293705882353,0,0
0.46323525294117646,0,0
0.47794113529411764,0,0
0.4926470176470588,0,0
0.5073529,0,0
0.5220587823529411,0,0
0.5367646647058824,0,0
0.5514705470588235,0,0
0.5661764294117647,0,0
0.5808823117647058,0,0
0.5955881941176471,0,0
0.6102940764705882,0,0
0.6249999588235294,0,0
0.6397058411764706,0,0
0.6544117235294118,0,0
0.6691176058823529,0,0
0.6838234882352942,0,0
0.6985293705882353,0,0
0.7132352529411764,0,0
0.7279411352941176,0,0
0.7426470176470588,0,0
0.7573529,0,0
0.7720587823529411,0,0
0.7867646647058824,0,0
0.8014705470588235,0,0
0.8161764294117647,0,0
0.8308823117647058,0,0
0.8455881941176471,0,0
0.8602940764705882,0,0
0.8749999588235294,0,0
0.8897058411764706,0,0
0.9044117235294118,0,0
0.9191176058823529,0,0
0.9338234882352942,0,0
0.9485293705882353,0,0
0.9632352529411764,0,0
0.9779411352941176,0,0
0.9926470176470588,0,0
1.0073529,0,0
1.0220587823529412,0,0
1.0367646647058824,0,0
1.0514705470588237,0,0
1.0661764294117648,0,0
1.080882311764706,0,0
1.095588194117647,0,0
1.1102940764705884,0,0
1.1249999588235295,0,0
1.1397058411764707,0,0
1.1544117235294118,0,0
1.1691176058823531,0,0
1.1838234882352943,0,0
1.1985293705882354,0,0
1.2132352529411765,0,0
1.2279411352941176,0,0
1.242647017647059,0,0
1.2573529,0,0
1.2720587823529412,0,0
1.2867646647058824,0,0
1.3014705470588237,0,0
1.3161764294117648,0,0
1.330882311764706,0,0
1.345588194117647,0,0
1.3602940764705884,0,0
1.3749999588235295,0,0
1.3897058411764707,0,0
1.4044117235294118,0,0
1.419117605882353,0,0
1.4338234882352943,0,0
1.4485293705882354,0,0
1.4632352529411765,0,0
1.4779411352941176,0,0
1.492647017647059,0,0
1.5073529,0,0
1.5220587823529412,0,0
1.5367646647058824,0,0
1.5514705470588237,0,0
1.5661764294117648,0,0
1.580882311764706,0,0
1.595588194117647,0,0
1.6102940764705884,0,0
1.6249999588235295,0,0
1.6397058411764707,0,0
1.6544117235294118,0,0
1.669117605882353,0,0
1.6838234882352943,0,0
1.6985293705882354,0,0
1.7132352529411765,0,0
1.7279411352941176,0,0
1.742647017647059,0,0
1.7573529,0,0
1.7720587823529412,0,0
1.7867646647058824,0,0
1.8014705470588237,0,0
1.8161764294117648,0,0
1.830882311764706,0,0
1.845588194117647,0,0
1.8602940764705884,0,0
1.8749999588235295,0,0
1.8897058411764707,0,0
1.9044117235294118,0,0
1.919117605882353,0,0
1.9338234882352943,0,0
1.9485293705882354,0,0
1.9632352529411765,0,0
1.9779411352941176,0,0
1.992647017647059,0,0
2.0073529,0,0
2.022058782352941,0,0
2.036764664705882,0,0
2.0514705470588233,0,0
2.0661764294117644,0,0
2.080882311764706,0,0
2.095588194117647,0,0
2.110294076470588,0,0
2.1249999588235293,0,0
2.1397058411764704,0,0
2.1544117235294116,0,0
2.1691176058823527,0,0
2.183823488235294,0,0
2.198529370588235,0,0
2.2132352529411765,0,0
2.2279411352941176,0,0
2.2426470176470588,0,0
2.2573529,0,0
2.272058782352941,0,0
2.286764664705882,0,0
2.3014705470588233,0,0
2.3161764294117644,0,0
2.330882311764706,0,0
2.345588194117647,0,0
2.360294076470588,0,0
2.3749999588235293,0,0
2.3897058411764704,0,0
2.4044117235294116,0,0
2.4191176058823527,0,0
2.433823488235294,0,0
2.448529370588235,0,0
2.4632352529411765,0,0
2.4779411352941176,0,0
2.4926470176470588,0,0
2.5073529,0,0
2.522058782352941,0,0
2.536764664705882,0,0
2.5514705470588233,0,0
2.5661764294117644,0,0
2.580882311764706,0,0
2.595588194117647,0,0
2.610294076470588,0,0
2.6249999588235293,0,0
2.6397058411764704,0,0
2.6544117235294116,0,0
2.6691176058823527,0,0
2.683823488235294,0,0
2.698529370588235,0,0
2.7132352529411765,0,0
2.7279411352941176,0,0
2.7426470176470588,0,0
2.7573529,0,0
2.772058782352941,0,0
2.786764664705882,0,0
2.8014705470588233,0,0
2.8161764294117644,0,0
2.8308823117647055,0,0
2.845588194117647,0,0
2.860294076470588,0,0
2.8749999588235293,0,0
2.8897058411764704,0,0
2.9044117235294116,0,0
2.9191176058823527,0,0
2.933823488235294,0,0
2.948529370588235,0,0
2.9632352529411765,0,0
2.9779411352941176,0,0
2.9926470176470588,0,0
3.0073529,0,0
3.022058782352941,0,0
3.036764664705882,0,0
3.0514705470588233,0,0
3.0661764294117644,0,0
3.0808823117647055,0,0
3.095588194117647,0,0
3.110294076470588,0,0
3.1249999588235293,0,0
3.1397058411764704,0,0
3.1544117235294116,0,0
3.1691176058823527,0,0
3.183823488235294,0,0
3.198529370588235,0,0
3.2132352529411765,0,0
3.2279411352941176,0,0
3.2426470176470588,0,0
3.2573529,0,0
3.272058782352941,0,0
3.286764664705882,0,0
3.3014705470588233,0,0
3.3161764294117644,0,0
3.3308823117647055,0,0
3.345588194117647,0,0
3.360294076470588,58,0
3.3749999588235293,75,0
3.3897058411764704,76,0
3.4044117235294116,94,0
3.4191176058823527,107,0
3.433823488235294,128,0
3.448529370588235,148,0
3.4632352529411765,160,0
3.4779411352941176,185,0
3.4926470176470588,178,0
3.5073529,183,0
3.522058782352941,172,0
3.536764664705882,151,0
3.5514705470588233,141,0
3.5661764294117644,117,0
3.5808823117647055,118,0
3.595588194117647,82,0
3.610294076470588,83,0
3.6249999588235293,81,0
3.6397058411764704,57,0
3.6544117235294116,58,0
3.6691176058823527,49,0
3.683823488235294,42,0
3.698529370588235,0,0
3.7132352529411765,0,0
3.7279411352941176,0,0
3.7426470176470588,0,0
3.7573529,0,0
3.772058782352941,0,0
3.786764664705882,0,0
3.8014705470588233,0,0
3.8161764294117644,0,0
3.8308823117647055,0,0
3.845588194117647,0,0
3.860294076470588,0,0
3.8749999588235293,0,0
3.8897058411764704,0,0
3.9044117235294116,0,0
3.9191176058823527,0,0
3.933823488235294,0,0
3.948529370588235,0,0
3.9632352529411765,0,0
3.9779411352941176,0,0
3.9926470176470588,0,0
4.0073529,0,0
4.022058782352941,0,0
4.036764664705882,0,0
4.051470547058823,0,0
4.066176429411764,0,0
4.0808823117647055,0,0
4.095588194117647,0,0
4.110294076470588,0,0
4.124999958823529,0,0
4.13970584117647,0,0
4.154411723529412,0,0
4.169117605882353,0,0
4.183823488235294,0,0
4.198529370588235,0,0
4.2132352529411765,0,0
4.227941135294118,0,0
4.242647017647059,0,0
4.2573529,0,0
4.272058782352941,0,0
4.286764664705882,0,0
4.301470547058823,0,0
4.316176429411764,0,0
4.3308823117647055,0,0
4.345588194117647,0,0
4.360294076470588,0,0
4.374999958823529,0,0
4.38970584117647,0,0
4.404411723529412,0,0
4.419117605882353,0,0
4.433823488235294,0,0
4.448529370588235,0,0
4.4632352529411765,0,0
4.477941135294118,0,0
4.492647017647059,0,0
4.5073529,0,0
4.522058782352941,0,0
4.536764664705882,0,0
4.551470547058823,0,0
4.566176429411764,0,0
4.5808823117647055,0,0
4.595588194117647,0,0
4.610294076470588,0,0
4.624999958823529,0,0
4.63970584117647,0,0
4.654411723529412,0,0
4.669117605882353,0,0
4.683823488235294,0,0
4.698529370588235,0,0
4.7132352529411765,0,0
4.727941135294118,0,0
4.742647017647059,0,0
4.7573529,0,0
4.772058782352941,0,0
4.786764664705882,0,0
4.801470547058823,0,0
4.816176429411764,0,0
4.8308823117647055,0,0
4.845588194117647,0,0
4.860294076470588,0,0
4.874999958823529,0,0
4.88970584117647,0,0
4.904411723529412,0,0
4.919117605882353,0,0
4.933823488235294,0,0
4.948529370588235,0,0
4.9632352529411765,0,0
4.977941135294118,0,0
4.992647017647059,0,0
5.0073529,0,0
5.022058782352941,0,0
5.036764664705882,0,0
5.051470547058823,0,0
5.066176429411764,0,0
5.0808823117647055,0,0
5.095588194117647,0,0
5.110294076470588,0,0
5.124999958823529,0,0
5.13970584117647,0,0
5.154411723529412,0,0
5.169117605882353,0,0
5.183823488235294,0,0
5.198529370588235,0,0
5.2132352529411765,0,0
5.227941135294118,0,0
5.242647017647059,0,0
5.2573529,0,0
5.272058782352941,0,0
5.286764664705882,0,0
5.301470547058823,0,0
5.316176429411764,0,0
5.3308823117647055,0,0
5.345588194117647,0,0
5.360294076470588,0,0
5.374999958823529,0,0
5.38970584117647,0,0
5.404411723529412,0,0
5.419117605882353,0,0
5.433823488235294,0,0
5.448529370588235,0,0
5.4632352529411765,0,0
5.477941135294118,0,0
5.492647017647059,0,0
5.5073529,0,0
5.522058782352941,0,0
5.536764664705882,0,0
5.551470547058823,0,0
5.566176429411764,0,0
5.5808823117647055,0,0
5.595588194117647,0,0
5.610294076470588,0,0
5.624999958823529,0,0
5.63970584117647,0,0
5.654411723529411,0,0
5.669117605882353,49,0
5.683823488235294,0,0
5.698529370588235,46,0
5.7132352529411765,57,0
5.727941135294118,57,0
5.742647017647059,74,0
5.7573529,66,0
5.772058782352941,85,0
5.786764664705882,94,0
5.801470547058823,97,0
5.816176429411764,107,0
5.8308823117647055,104,0
5.845588194117647,120,0
5.860294076470588,123,0
5.874999958823529,126,0
5.88970584117647,132,0
5.904411723529411,120,0
5.919117605882353,138,0
5.933823488235294,131,0
5.948529370588235,124,0
5.9632352529411765,121,0
5.977941135294118,103,0
5.992647017647059,107,0
6.0073529,101,0
6.022058782352941,83,0
6.036764664705882,82,0
6.051470547058823,65,0
6.066176429411764,67,0
6.0808823117647055,41,0
6.095588194117647,50,0
6.110294076470588,47,0
6.124999958823529,0,0
6.13970584117647,0,0
6.154411723529411,0,0
6.169117605882353,0,0
6.183823488235294,0,0
6.198529370588235,0,0
6.2132352529411765,0,0
6.227941135294118,0,0
6.242647017647059,0,0
6.2573529,0,0
6.272058782352941,0,0
6.286764664705882,0,0
6.301470547058823,0,0
6.316176429411764,0,0
6.3308823117647055,0,0
6.345588194117647,0,0
6.360294076470588,0,0
6.374999958823529,0,0
6.38970584117647,0,0
6.404411723529411,0,0
6.419117605882353,0,0
6.433823488235294,0,0
6.448529370588235,0,0
6.4632352529411765,0,0
6.477941135294118,0,0
6.492647017647059,0,0
6.5073529,0,0
6.522058782352941,0,0
6.536764664705882,0,0
6.551470547058823,0,0
6.566176429411764,0,0
6.5808823117647055,0,0
6.595588194117647,0,0
6.610294076470588,0,0
6.624999958823529,0,0
6.63970584117647,0,0
6.654411723529411,0,0
6.669117605882353,0,0
6.683823488235294,0,0
6.698529370588235,0,0
6.7132352529411765,0,0
6.727941135294118,0,0
6.742647017647059,0,0
6.7573529,0,0
6.772058782352941,0,0
6.786764664705882,0,0
6.801470547058823,0,0
6.816176429411764,0,0
6.8308823117647055,0,0
6.845588194117647,0,0
6.860294076470588,0,0
6.874999958823529,0,0
6.88970584117647,0,0
6.904411723529411,0,0
6.919117605882353,0,0
6.933823488235294,0,0
6.948529370588235,45,0
6.9632352529411765,67,0
6.977941135294118,66,0
6.992647017647059,92,0
7.0073529,93,0
7.022058782352941,104,0
7.036764664705882,129,0
7.051470547058823,113,0
7.066176429411764,142,0
7.0808823117647055,148,0
7.095588194117647,136,0
7.110294076470588,132,0
7.124999958823529,104,0
7.13970584117647,99,0
7.154411723529411,72,0
7.169117605882353,72,0
7.183823488235294,53,0
7.198529370588235,44,0
7.2132352529411765,42,0
7.227941135294118,0,0
7.242647017647059,0,0
7.2573529,0,0
7.272058782352941,0,0
7.286764664705882,0,0
7.301470547058823,0,0
7.316176429411764,0,0
7.3308823117647055,0,0
7.345588194117647,0,0
7.360294076470588,0,0
7.374999958823529,0,0
7.38970584117647,0,0
7.404411723529411,0,0
7.419117605882353,0,0
7.433823488235294,0,0
7.448529370588235,0,0
7.4632352529411765,0,0
7.477941135294118,0,0
7.492647017647059,0,0
7.5073529,0,0
7.522058782352941,0,0
7.536764664705882,0,0
7.551470547058823,0,0
7.566176429411764,0,0
7.5808823117647055,0,0
7.595588194117647,0,0
7.610294076470588,0,0
7.624999958823529,0,0
7.63970584117647,0,0
7.654411723529411,0,0
7.669117605882353,0,0
7.683823488235294,0,0
7.698529370588235,0,0
7.7132352529411765,0,0
7.727941135294118,0,0
7.742647017647059,0,0
7.7573529,0,0
7.772058782352941,0,0
7.786764664705882,0,0
7.801470547058823,0,0
7.816176429411764,0,0
7.8308823117647055,0,0
7.845588194117647,0,0
7.860294076470588,0,0
7.874999958823529,0,0
7.88970584117647,0,0
7.904411723529411,0,0
7.919117605882353,0,0
7.933823488235294,0,0
7.948529370588235,0,0
7.9632352529411765,0,0
7.977941135294118,0,0
7.992647017647059,0,0
8.0073529,0,0
8.022058782352941,0,0
8.036764664705883,0,0
8.051470547058825,0,0
8.066176429411765,0,0
8.080882311764707,0,0
8.095588194117648,0,0
8.11029407647059,0,0
8.12499995882353,0,0
8.139705841176472,0,0
8.154411723529412,0,0
8.169117605882354,0,0
8.183823488235294,0,0
8.198529370588236,0,0
8.213235252941177,0,0
8.227941135294119,0,0
8.242647017647059,0,0
8.2573529,0,0
8.272058782352941,0,0
8.286764664705883,0,0
8.301470547058825,0,0
8.316176429411765,0,0
8.330882311764707,0,0
8.345588194117648,0,0
8.36029407647059,0,0
8.37499995882353,0,0
8.389705841176472,0,0
8.404411723529412,0,0
8.419117605882354,0,0
8.433823488235294,0,0
8.448529370588236,0,0
8.463235252941177,0,0
8.477941135294119,0,0
8.492647017647059,0,0
8.5073529,0,0
8.522058782352941,0,0
8.536764664705883,0,0
8.551470547058825,0,0
8.566176429411765,0,0
8.580882311764707,0,0
8.595588194117648,0,0
8.61029407647059,0,0
8.62499995882353,0,0
8.639705841176472,0,0
8.654411723529412,0,0
8.669117605882354,0,0
8.683823488235294,0,0
8.698529370588236,0,0
8.713235252941177,0,0
8.727941135294119,0,0
8.742647017647059,0,0
8.7573529,0,0
8.772058782352941,0,0
8.786764664705883,0,0
8.801470547058825,43,0
8.816176429411765,52,0
8.830882311764707,55,0
8.845588194117648,72,0
8.86029407647059,80,0
8.87499995882353,85,0
8.889705841176472,93,0
8.904411723529412,85,0
8.919117605882354,101,0
8.933823488235294,100,0
8.948529370588236,109,0
8.963235252941177,117,0
8.977941135294119,102,0
8.992647017647059,112,0
9.0073529,101,0
9.022058782352941,103,0
9.036764664705883,107,0
9.051470547058825,80,0
9.066176429411765,83,0
9.080882311764707,73,0
9.095588194117648,62,0
9.11029407647059,64,0
9.12499995882353,44,0
9.139705841176472,46,0
9.154411723529412,0,0
9.169117605882354,0,0
9.183823488235294,0,0
9.198529370588236,0,0
9.213235252941177,0,0
9.227941135294119,0,0
9.242647017647059,0,0
9.2573529,0,0
9.272058782352941,0,0
9.286764664705883,0,0
9.301470547058825,0,0
9.316176429411765,0,0
9.330882311764707,0,0
9.345588194117648,0,0
9.36029407647059,0,0
9.37499995882353,0,0
9.389705841176472,0,0
9.404411723529412,0,0
9.419117605882354,0,0
9.433823488235294,0,0
9.448529370588236,0,0
9.463235252941177,0,0
9.477941135294119,0,0
9.492647017647059,0,0
9.5073529,0,0
9.522058782352941,0,0
9.536764664705883,0,0
9.551470547058825,0,0
9.566176429411765,0,0
9.580882311764707,0,0
9.595588194117648,0,0
9.61029407647059,0,0
9.62499995882353,0,0
9.639705841176472,0,0
9.654411723529412,0,0
9.669117605882354,0,0
9.683823488235294,0,0
9.698529370588236,0,0
9.713235252941177,0,0
9.727941135294119,0,0
9.742647017647059,0,0
9.7573529,0,0
9.772058782352941,0,0
9.786764664705883,0,0
9.801470547058825,0,0
9.816176429411765,0,0
9.830882311764707,0,0
9.845588194117648,0,0
9.86029407647059,0,0
9.87499995882353,0,0
9.889705841176472,0,0
9.904411723529412,0,0
9.919117605882354,0,0
9.933823488235294,0,0
9.948529370588236,0,0
9.963235252941177,0,0
9.977941135294119,0,0
9.992647017647059,0,0
10.0073529,0,0
10.022058782352941,0,0
10.036764664705883,0,0
10.051470547058825,0,0
10.066176429411765,0,0
10.080882311764707,0,0
10.095588194117648,0,0
10.11029407647059,0,0
10.12499995882353,0,0
10.139705841176472,0,0
10.154411723529412,0,0
10.169117605882354,0,0
10.183823488235294,0,0
10.198529370588236,0,0
10.213235252941177,0,0
10.227941135294119,0,0
10.242647017647059,0,0
10.2573529,0,0
10.272058782352941,0,0
10.286764664705883,0,0
10.301470547058825,0,0
10.316176429411765,0,0
10.330882311764707,0,0
10.345588194117648,0,0
10.36029407647059,0,0
10.37499995882353,0,0
10.389705841176472,0,0
10.404411723529412,0,0
10.419117605882354,0,0
10.433823488235294,0,0
10.448529370588236,0,0
10.463235252941177,0,0
10.477941135294119,0,0
10.492647017647059,0,0
10.5073529,0,0
10.522058782352941,0,0
10.536764664705883,0,0
10.551470547058825,0,0
10.566176429411765,0,0
10.580882311764707,0,0
10.595588194117648,0,0
10.61029407647059,0,0
10.62499995882353,0,0
10.639705841176472,0,0
10.654411723529412,0,0
10.669117605882354,0,0
10.683823488235294,0,0
10.698529370588236,0,0
10.713235252941177,0,0
10.727941135294119,0,0
10.742647017647059,54,0
10.7573529,55,0
10.772058782352941,78,0
10.786764664705883,89,0
10.801470547058825,85,0
10.816176429411765,104,0
10.830882311764707,119,0
10.845588194117648,146,0
10.86029407647059,165,0
10.87499995882353,185,0
10.889705841176472,209,0
10.904411723529412,224,0
10.919117605882354,255,0
10.933823488235294,307,0
10.948529370588236,336,0
10.963235252941177,403,0
10.977941135294119,427,0
10.992647017647059,490,0
11.0073529,526,0
11.022058782352941,581,0
11.036764664705883,604,0
11.051470547058825,638,0
11.066176429411765,671,0
11.080882311764707,654,0
11.095588194117648,664,0
11.11029407647059,656,0
11.12499995882353,638,0
11.139705841176472,636,0
11.154411723529412,617,0
11.169117605882354,607,0
11.183823488235294,597,0
11.198529370588236,561,0
11.213235252941177,560,0
11.227941135294119,527,0
11.242647017647059,521,0
11.2573529,470,0
11.272058782352941,470,0
11.286764664705883,458,0
11.301470547058823,445,0
11.316176429411765,442,0
11.330882311764707,420,0
11.345588194117648,400,0
11.36029407647059,383,0
11.37499995882353,347,0
11.389705841176472,312,0
11.404411723529412,271,0
11.419117605882354,245,0
11.433823488235294,212,0
11.448529370588236,176,0
11.463235252941177,163,0
11.477941135294119,114,0
11.492647017647059,116,0
11.5073529,103,0
11.522058782352941,94,0
11.536764664705883,86,0
11.551470547058823,68,0
11.566176429411765,78,0
11.580882311764707,56,0
11.595588194117648,53,0
11.61029407647059,53,0
11.62499995882353,0,0
11.639705841176472,44,0
11.654411723529412,0,0
11.669117605882354,0,0
11.683823488235294,0,0
11.698529370588236,0,0
11.713235252941177,0,0
11.727941135294119,0,0
11.742647017647059,0,0
11.7573529,0,0
11.772058782352941,0,0
11.786764664705883,0,0
11.801470547058823,0,0
11.816176429411765,0,0
11.830882311764707,0,0
11.845588194117648,0,0
11.86029407647059,0,0
11.87499995882353,0,0
11.889705841176472,0,0
11.904411723529412,0,0
11.919117605882354,0,0
11.933823488235294,0,0
11.948529370588236,0,0
11.963235252941177,0,0
11.977941135294119,0,0
11.992647017647059,0,0
12.0073529,0,0
12.022058782352941,0,0
12.036764664705883,0,0
12.051470547058823,0,0
12.066176429411765,0,0
12.080882311764707,0,0
12.095588194117648,0,0
12.11029407647059,0,0
12.12499995882353,0,0
12.139705841176472,0,0
12.154411723529412,0,0
12.169117605882354,0,0
12.183823488235294,0,0
12.198529370588236,0,0
12.213235252941177,0,0
12.227941135294119,0,0
12.242647017647059,0,0
12.2573529,0,0
12.272058782352941,0,0
12.286764664705883,0,0
12.301470547058823,0,0
12.316176429411765,0,0
12.330882311764707,0,0
12.345588194117648,0,0
12.36029407647059,0,0
12.37499995882353,0,0
12.389705841176472,0,0
12.404411723529412,0,0
12.419117605882354,0,0
12.433823488235294,0,0
12.448529370588236,0,0
12.463235252941177,0,0
12.477941135294119,0,0
12.492647017647059,0,0
12.5073529,0,0
12.522058782352941,0,0
12.536764664705883,0,0
12.551470547058823,0,0
12.566176429411765,0,0
12.580882311764707,0,0
12.595588194117648,0,0
12.61029407647059,0,0
12.62499995882353,0,0
12.639705841176472,0,0
12.654411723529412,0,0
12.669117605882354,0,0
12.683823488235294,0,0
12.698529370588236,0,0
12.713235252941177,0,0
12.727941135294119,0,0
12.742647017647059,0,0
12.7573529,0,0
12.772058782352941,0,0
12.786764664705883,0,0
12.801470547058823,0,0
12.816176429411765,0,0
12.830882311764707,0,0
12.845588194117648,0,0
12.86029407647059,0,0
12.87499995882353,0,0
12.889705841176472,0,0
12.904411723529412,0,0
12.919117605882354,0,0
12.933823488235294,0,0
12.948529370588236,0,0
12.963235252941177,0,0
12.977941135294119,0,0
12.992647017647059,0,0
13.0073529,0,0
13.022058782352941,0,0
13.036764664705883,0,0
13.051470547058823,0,0
13.066176429411765,0,0
13.080882311764707,0,0
13.095588194117648,0,0
13.11029407647059,0,0
13.12499995882353,0,0
13.139705841176472,0,0
13.154411723529412,0,0
13.169117605882354,0,0
13.183823488235294,0,0
13.198529370588236,0,0
13.213235252941177,0,0
13.227941135294119,0,0
13.242647017647059,0,0
13.2573529,0,0
13.272058782352941,0,0
13.286764664705883,0,0
13.301470547058823,0,0
13.316176429411765,0,0
13.330882311764707,0,0
13.345588194117648,0,0
13.36029407647059,0,0
13.37499995882353,0,0
13.389705841176472,0,0
13.404411723529412,0,0
13.419117605882354,0,0
13.433823488235294,0,0
13.448529370588236,0,0
13.463235252941177,0,0
13.477941135294119,0,0
13.492647017647059,0,0
13.5073529,0,0
13.522058782352941,0,0
13.536764664705883,0,0
13.551470547058823,0,0
13.566176429411765,0,0
13.580882311764707,0,0
13.595588194117648,0,0
13.61029407647059,0,0
13.62499995882353,0,0
13.639705841176472,0,0
13.654411723529412,0,0
13.669117605882354,0,0
13.683823488235294,0,0
13.698529370588236,0,0
13.713235252941177,0,0
13.727941135294119,0,0
13.742647017647059,0,0
13.7573529,0,0
13.772058782352941,0,0
13.786764664705883,0,0
13.801470547058823,0,0
13.816176429411765,0,0
13.830882311764707,0,0
13.845588194117648,0,0
13.86029407647059,0,0
13.87499995882353,0,0
13.889705841176472,0,0
13.904411723529412,0,0
13.919117605882354,0,0
13.933823488235294,0,0
13.948529370588236,0,0
13.963235252941177,0,0
13.977941135294119,0,0
13.992647017647059,0,0
14.0073529,0,0
14.022058782352941,0,0
14.036764664705883,0,0
14.051470547058823,0,0
14.066176429411765,0,0
14.080882311764707,0,0
14.095588194117648,0,0
14.11029407647059,0,0
14.12499995882353,0,0
14.139705841176472,0,0
14.154411723529412,0,0
14.169117605882354,0,0
14.183823488235294,0,0
14.198529370588236,0,0
14.213235252941177,0,0
14.227941135294119,0,0
14.242647017647059,0,0
14.2573529,0,0
14.272058782352941,0,0
14.286764664705883,0,0
14.301470547058823,0,0
14.316176429411765,0,0
14.330882311764707,0,0
14.345588194117648,0,0
14.36029407647059,0,0
14.37499995882353,0,0
14.389705841176472,0,0
14.404411723529412,0,0
14.419117605882354,0,0
14.433823488235294,0,0
14.448529370588236,0,0
14.463235252941177,0,0
14.477941135294119,0,0
14.492647017647059,0,0
14.5073529,0,0
14.522058782352941,0,0
14.536764664705883,0,0
14.551470547058823,0,0
14.566176429411765,0,0
14.580882311764707,0,0
14.595588194117648,0,0
14.61029407647059,0,0
14.62499995882353,0,0
14.639705841176472,0,0
14.654411723529412,0,0
14.669117605882354,0,0
14.683823488235294,0,0
14.698529370588236,0,0
14.713235252941177,0,0
14.727941135294119,0,0
14.742647017647059,0,0
14.7573529,0,0
14.772058782352941,0,0
14.786764664705883,0,0
14.801470547058823,0,0
14.816176429411765,0,0
14.830882311764707,0,0
14.845588194117648,0,0
14.86029407647059,0,0
14.87499995882353,0,0
14.889705841176472,0,0
14.904411723529412,0,0
14.919117605882354,0,0
14.933823488235294,0,0
14.948529370588236,0,0
14.963235252941177,0,0
14.977941135294119,0,0
14.992647017647059,0,0
15.0073529,0,0
15.022058782352941,0,0
15.036764664705883,0,0
15.051470547058823,0,0
15.066176429411765,41,0
15.080882311764707,43,0
15.095588194117648,48,0
15.11029407647059,60,0
15.12499995882353,55,0
15.139705841176472,69,0
15.154411723529412,70,0
15.169117605882354,87,0
15.183823488235294,96,0
15.198529370588236,96,0
15.213235252941177,116,0
15.227941135294119,119,0
15.242647017647059,135,0
15.2573529,149,0
15.272058782352941,147,0
15.286764664705883,152,0
15.301470547058823,128,0
15.316176429411765,135,0
15.330882311764707,119,0
15.345588194117648,97,0
15.36029407647059,89,0
15.37499995882353,69,0
15.389705841176472,70,0
15.404411723529412,56,0
15.419117605882354,46,0
15.433823488235294,41,0
15.448529370588236,0,0
15.463235252941177,0,0
15.477941135294119,0,0
15.492647017647059,0,0
15.5073529,0,0
15.522058782352941,0,0
15.536764664705883,0,0
15.551470547058823,0,0
15.566176429411765,0,0
15.580882311764707,0,0
15.595588194117648,0,0
15.61029407647059,0,0
15.62499995882353,0,0
15.639705841176472,0,0
15.654411723529412,0,0
15.669117605882354,0,0
15.683823488235294,0,0
15.698529370588236,0,0
15.713235252941177,0,0
15.727941135294119,0,0
15.742647017647059,0,0
15.7573529,0,0
15.772058782352941,0,0
15.786764664705883,0,0
15.801470547058823,0,0
15.816176429411765,0,0
15.830882311764707,0,0
15.845588194117648,0,0
15.86029407647059,0,0
15.87499995882353,0,0
15.889705841176472,0,0
15.904411723529412,0,0
15.919117605882354,0,0
15.933823488235294,0,0
15.948529370588236,0,0
15.963235252941177,0,0
15.977941135294119,0,0
15.992647017647059,0,0
16.0073529,0,0
16.022058782352943,0,0
16.03676466470588,0,0
16.051470547058823,0,0
16.066176429411765,0,0
16.080882311764707,0,0
16.09558819411765,0,0
16.110294076470588,0,0
16.12499995882353,0,0
16.139705841176472,0,0
16.154411723529414,0,0
16.169117605882352,0,0
16.183823488235294,0,0
16.198529370588236,0,0
16.21323525294118,0,0
16.227941135294117,0,0
16.24264701764706,0,0
16.2573529,0,0
16.272058782352943,0,0
16.28676466470588,0,0
16.301470547058823,0,0
16.316176429411765,0,0
16.330882311764707,0,0
16.34558819411765,0,0
16.360294076470588,0,0
16.37499995882353,0,0
16.389705841176472,0,0
16.404411723529414,0,0
16.419117605882352,0,0
16.433823488235294,0,0
16.448529370588236,0,0
16.46323525294118,0,0
16.477941135294117,0,0
16.49264701764706,0,0
16.5073529,52,0
16.522058782352943,67,0
16.53676466470588,58,0
16.551470547058823,70,0
16.566176429411765,71,0
16.580882311764707,86,0
16.59558819411765,78,0
16.610294076470588,91,0
16.62499995882353,112,0
16.639705841176472,111,0
16.654411723529414,133,0
16.669117605882352,146,0
16.683823488235294,162,0
16.698529370588236,191,0
16.71323525294118,183,0
16.727941135294117,213,0
16.74264701764706,218,0
16.7573529,237,0
16.772058782352943,247,0
16.78676466470588,241,0
16.801470547058823,249,0
16.816176429411765,238,0
16.830882311764707,245,0
16.84558819411765,243,0
16.860294076470588,244,0
16.87499995882353,257,0
16.889705841176472,237,0
16.904411723529414,253,0
16.919117605882352,249,0
16.933823488235294,247,0
16.948529370588236,252,0
16.96323525294118,228,0
16.977941135294117,226,0
16.99264701764706,209,0
17.0073529,210,0
17.022058782352943,183,0
17.03676466470588,165,0
17.051470547058823,161,0
17.066176429411765,134,0
17.080882311764707,134,0
17.09558819411765,123,0
17.110294076470588,104,0
17.12499995882353,97,0
17.139705841176472,75,0
17.154411723529414,81,0
17.169117605882352,77,0
17.183823488235294,65,0
17.198529370588236,57,0
17.21323525294118,0,0
17.227941135294117,46,0
17.24264701764706,48,0
17.2573529,42,0
17.272058782352943,41,0
17.28676466470588,0,0
17.301470547058823,0,0
17.316176429411765,0,0
17.330882311764707,0,0
17.34558819411765,0,0
17.360294076470588,0,0
17.37499995882353,0,0
17.389705841176472,0,0
17.404411723529414,0,0
17.419117605882352,0,0
17.433823488235294,0,0
17.448529370588236,0,0
17.46323525294118,0,0
17.477941135294117,0,0
17.49264701764706,0,0
17.5073529,0,0
17.522058782352943,0,0
17.53676466470588,0,0
17.551470547058823,0,0
17.566176429411765,0,0
17.580882311764707,0,0
17.59558819411765,0,0
17.610294076470588,0,0
17.62499995882353,0,0
17.639705841176472,0,0
17.654411723529414,0,0
17.669117605882352,0,0
17.683823488235294,0,0
17.698529370588236,0,0
17.71323525294118,0,0
17.727941135294117,0,0
17.74264701764706,0,0
17.7573529,0,0
17.772058782352943,0,0
17.78676466470588,0,0
17.801470547058823,0,0
17.816176429411765,0,0
17.830882311764707,0,0
17.84558819411765,0,0
17.860294076470588,0,0
17.87499995882353,0,0
17.889705841176472,0,0
17.904411723529414,0,0
17.919117605882352,0,0
17.933823488235294,0,0
17.948529370588236,0,0
17.96323525294118,0,0
17.977941135294117,0,0
17.99264701764706,0,0
18.0073529,0,0
18.022058782352943,0,0
18.03676466470588,0,0
18.051470547058823,0,0
18.066176429411765,0,0
18.080882311764707,0,0
18.09558819411765,0,0
18.110294076470588,0,0
18.12499995882353,0,0
18.139705841176472,0,0
18.154411723529414,0,0
18.169117605882352,0,0
18.183823488235294,0,0
18.198529370588236,0,0
18.21323525294118,0,0
18.227941135294117,0,0
18.24264701764706,0,0
18.2573529,0,0
18.272058782352943,0,0
18.28676466470588,0,0
18.301470547058823,0,0
18.316176429411765,0,0
18.330882311764707,0,0
18.34558819411765,0,0
18.360294076470588,0,0
18.37499995882353,0,0
18.389705841176472,0,0
18.404411723529414,0,0
18.419117605882352,0,0
18.433823488235294,0,0
18.448529370588236,0,0
18.46323525294118,0,0
18.477941135294117,0,0
18.49264701764706,0,0
18.5073529,0,0
18.522058782352943,0,0
18.53676466470588,0,0
18.551470547058823,0,0
18.566176429411765,0,0
18.580882311764707,0,0
18.59558819411765,0,0
18.610294076470588,0,0
18.62499995882353,0,0
18.639705841176472,0,0
18.654411723529414,0,0
18.669117605882352,0,0
18.683823488235294,0,0
18.698529370588236,0,0
18.71323525294118,0,0
18.727941135294117,0,0
18.74264701764706,0,0
18.7573529,0,0
18.772058782352943,0,0
18.78676466470588,0,0
18.801470547058823,0,0
18.816176429411765,0,0
18.830882311764707,0,0
18.84558819411765,0,0
18.860294076470588,0,0
18.87499995882353,0,0
18.889705841176472,0,0
18.904411723529414,0,0
18.919117605882352,0,0
18.933823488235294,0,0
18.948529370588236,0,0
18.96323525294118,0,0
18.977941135294117,0,0
18.99264701764706,0,0
19.0073529,0,0
19.022058782352943,0,0
19.03676466470588,0,0
19.051470547058823,0,0
19.066176429411765,0,0
19.080882311764707,0,0
19.09558819411765,43,0
19.110294076470588,0,0
19.12499995882353,45,0
19.139705841176472,57,0
19.154411723529414,58,0
19.169117605882352,74,0
19.183823488235294,77,0
19.198529370588236,93,0
19.21323525294118,107,0
19.227941135294117,118,0
19.24264701764706,128,0
19.2573529,134,0
19.272058782352943,155,0
19.28676466470588,175,0
19.301470547058823,188,0
19.316176429411765,199,0
19.330882311764707,216,0
19.34558819411765,239,0
19.360294076470588,245,0
19.37499995882353,260,0
19.389705841176472,286,0
19.404411723529414,278,0
19.419117605882352,309,0
19.433823488235294,305,0
19.448529370588236,319,0
19.46323525294118,324,0
19.477941135294117,330,0
19.49264701764706,330,0
19.5073529,317,0
19.522058782352943,327,0
19.53676466470588,308,0
19.551470547058823,305,0
19.566176429411765,307,0
19.580882311764707,272,0
19.59558819411765,272,0
19.610294076470588,253,0
19.62499995882353,234,0
19.639705841176472,234,0
19.654411723529414,214,0
19.669117605882352,204,0
19.683823488235294,166,0
19.698529370588236,170,0
19.71323525294118,150,0
19.727941135294117,136,0
19.74264701764706,137,0
19.7573529,113,0
19.772058782352943,115,0
19.78676466470588,99,0
19.801470547058823,87,0
19.816176429411765,99,0
19.830882311764707,74,0
19.84558819411765,77,0
19.860294076470588,67,0
19.87499995882353,66,0
19.889705841176472,61,0
19.904411723529414,41,0
19.919117605882352,60,0
19.933823488235294,48,0
19.948529370588236,44,0
19.96323525294118,50,0
19.977941135294117,0,0
19.99264701764706,0,0
20.0073529,0,0
20.022058782352943,0,0
20.03676466470588,0,0
20.051470547058823,0,0
20.066176429411765,0,0
20.080882311764707,0,0
20.09558819411765,0,0
20.110294076470588,0,0
20.12499995882353,0,0
20.139705841176472,0,0
20.154411723529414,0,0
20.169117605882352,0,0
20.183823488235294,0,0
20.198529370588236,0,0
20.21323525294118,0,0
20.227941135294117,0,0
20.24264701764706,0,0
20.2573529,0,0
20.272058782352943,0,0
20.28676466470588,0,0
20.301470547058823,0,0
20.316176429411765,0,0
20.330882311764707,0,0
20.34558819411765,0,0
20.360294076470588,0,0
20.37499995882353,0,0
20.389705841176472,0,0
20.404411723529414,0,0
20.419117605882352,0,0
20.433823488235294,0,0
20.448529370588236,0,0
20.46323525294118,0,0
20.477941135294117,0,0
20.49264701764706,0,0
20.5073529,0,0
20.522058782352943,0,0
20.53676466470588,0,0
20.551470547058823,0,0
20.566176429411765,0,0
20.580882311764707,0,0
20.59558819411765,0,0
20.610294076470588,0,0
20.62499995882353,0,0
20.639705841176472,0,0
20.654411723529414,0,0
20.669117605882352,0,0
20.683823488235294,0,0
20.698529370588236,0,0
20.71323525294118,0,0
20.727941135294117,0,0
20.74264701764706,0,0
20.7573529,0,0
20.772058782352943,0,0
20.78676466470588,0,0
20.801470547058823,0,0
20.816176429411765,0,0
20.830882311764707,0,0
20.84558819411765,0,0
20.860294076470588,0,0
20.87499995882353,0,0
20.889705841176472,0,0
20.904411723529414,0,0
20.919117605882352,0,0
20.933823488235294,0,0
20.948529370588236,0,0
20.96323525294118,0,0
20.977941135294117,0,0
20.99264701764706,0,0
21.0073529,0,0
21.022058782352943,0,0
21.03676466470588,0,0
21.051470547058823,0,0
21.066176429411765,0,0
21.080882311764707,0,0
21.09558819411765,0,0
21.110294076470588,0,0
21.12499995882353,0,0
21.139705841176472,0,0
21.154411723529414,0,0
21.169117605882352,0,0
21.183823488235294,0,0
21.198529370588236,0,0
21.21323525294118,0,0
21.227941135294117,0,0
21.24264701764706,0,0
21.2573529,0,0
21.272058782352943,0,0
21.28676466470588,0,0
21.301470547058823,0,0
21.316176429411765,0,0
21.330882311764707,0,0
21.34558819411765,0,0
21.360294076470588,0,0
21.37499995882353,0,0
21.389705841176472,0,0
21.404411723529414,0,0
21.419117605882352,0,0
21.433823488235294,0,0
21.448529370588236,0,0
21.46323525294118,0,0
21.477941135294117,0,0
21.49264701764706,0,0
21.5073529,0,0
21.522058782352943,0,0
21.53676466470588,0,0
21.551470547058823,0,0
21.566176429411765,0,0
21.580882311764707,0,0
21.59558819411765,0,0
21.610294076470588,0,0
21.62499995882353,0,0
21.639705841176472,0,0
21.654411723529414,0,0
21.669117605882352,0,0
21.683823488235294,0,0
21.698529370588236,0,0
21.71323525294118,0,0
21.727941135294117,0,0
21.74264701764706,0,0
21.7573529,0,0
21.772058782352943,0,0
21.78676466470588,0,0
21.801470547058823,0,0
21.816176429411765,0,0
21.830882311764707,0,0
21.84558819411765,0,0
21.860294076470588,0,0
21.87499995882353,0,0
21.889705841176472,0,0
21.904411723529414,0,0
21.919117605882352,0,0
21.933823488235294,0,0
21.948529370588236,0,0
21.96323525294118,0,0
21.977941135294117,0,0
21.99264701764706,0,0
22.0073529,0,0
22.022058782352943,0,0
22.03676466470588,0,0
22.051470547058823,0,0
22.066176429411765,0,0
22.080882311764707,0,0
22.09558819411765,0,0
22.110294076470588,0,0
22.12499995882353,0,0
22.139705841176472,0,0
22.154411723529414,0,0
22.169117605882352,0,0
22.183823488235294,41,0
22.198529370588236,42,0
22.21323525294118,0,0
22.227941135294117,52,0
22.24264701764706,51,0
22.2573529,63,0
22.272058782352943,65,0
22.28676466470588,70,0
22.301470547058823,95,0
22.316176429411765,95,0
22.330882311764707,108,0
22.34558819411765,122,0
22.360294076470588,115,0
22.37499995882353,129,0
22.389705841176472,128,0
22.404411723529414,147,0
22.419117605882352,158,0
22.433823488235294,155,0
22.448529370588236,164,0
22.46323525294118,161,0
22.477941135294117,176,0
22.49264701764706,188,0
22.5073529,198,0
22.522058782352943,213,0
22.53676466470588,215,0
22.551470547058823,229,0
22.566176429411765,229,0
22.580882311764707,235,0
22.595588194117646,252,0
22.610294076470588,232,0
22.62499995882353,253,0
22.639705841176472,261,0
22.654411723529414,268,0
22.669117605882352,286,0
22.683823488235294,283,0
22.698529370588236,293,0
22.71323525294118,288,0
22.727941135294117,307,0
22.74264701764706,313,0
22.7573529,311,0
22.772058782352943,327,0
22.78676466470588,316,0
22.801470547058823,319,0
22.816176429411765,317,0
22.830882311764707,312,0
22.845588194117646,307,0
22.860294076470588,280,0
22.87499995882353,275,0
22.889705841176472,245,0
22.904411723529414,245,0
22.919117605882352,221,0
22.933823488235294,197,0
22.948529370588236,183,0
22.96323525294118,165,0
22.977941135294117,154,0
22.99264701764706,146,0
23.0073529,127,0
23.022058782352943,123,0
23.03676466470588,103,0
23.051470547058823,102,0
23.066176429411765,89,0
23.080882311764707,86,0
23.095588194117646,82,0
23.110294076470588,50,0
23.12499995882353,55,0
23.139705841176472,42,0
23.154411723529414,45,0
23.169117605882352,45,0
23.183823488235294,0,0
23.198529370588236,0,0
23.21323525294118,0,0
23.227941135294117,0,0
23.24264701764706,0,0
23.2573529,0,0
23.272058782352943,0,0
23.28676466470588,0,0
23.301470547058823,0,0
23.316176429411765,0,0
23.330882311764707,0,0
23.345588194117646,0,0
23.360294076470588,0,0
23.37499995882353,0,0
23.389705841176472,0,0
23.404411723529414,0,0
23.419117605882352,0,0
23.433823488235294,0,0
23.448529370588236,0,0
23.46323525294118,0,0
23.477941135294117,0,0
23.49264701764706,0,0
23.5073529,0,0
23.522058782352943,0,0
23.53676466470588,0,0
23.551470547058823,0,0
23.566176429411765,0,0
23.580882311764707,0,0
23.595588194117646,0,0
23.610294076470588,0,0
23.62499995882353,0,0
23.639705841176472,0,0
23.654411723529414,0,0
23.669117605882352,0,0
23.683823488235294,0,0
23.698529370588236,0,0
23.71323525294118,0,0
23.727941135294117,0,0
23.74264701764706,0,0
23.7573529,0,0
23.772058782352943,0,0
23.78676466470588,0,0
23.801470547058823,0,0
23.816176429411765,0,0
23.830882311764707,0,0
23.845588194117646,0,0
23.860294076470588,0,0
23.87499995882353,0,0
23.889705841176472,0,0
23.904411723529414,0,0
23.919117605882352,0,0
23.933823488235294,0,0
23.948529370588236,0,0
23.96323525294118,0,0
23.977941135294117,0,0
23.99264701764706,0,0
24.0073529,0,0
24.022058782352943,0,0
24.03676466470588,0,0
24.051470547058823,0,0
24.066176429411765,0,0
24.080882311764707,0,0
24.095588194117646,0,0
24.110294076470588,0,0
24.12499995882353,0,0
24.139705841176472,0,0
24.154411723529414,0,0
24.169117605882352,0,0
24.183823488235294,0,0
24.198529370588236,0,0
24.21323525294118,0,0
24.227941135294117,0,0
24.24264701764706,0,0
24.2573529,0,0
24.272058782352943,0,0
24.28676466470588,0,0
24.301470547058823,0,0
24.316176429411765,0,0
24.330882311764707,0,0
24.345588194117646,0,0
24.360294076470588,0,0
24.37499995882353,0,0
24.389705841176472,0,0
24.404411723529414,0,0
24.419117605882352,0,0
24.433823488235294,0,0
24.448529370588236,0,0
24.46323525294118,0,0
24.477941135294117,0,0
24.49264701764706,0,0
24.5073529,0,0
24.522058782352943,0,0
24.53676466470588,0,0
24.551470547058823,0,0
24.566176429411765,0,0
24.580882311764707,0,0
24.595588194117646,0,0
24.610294076470588,0,0
24.62499995882353,0,0
24.639705841176472,0,0
24.654411723529414,0,0
24.669117605882352,0,0
24.683823488235294,0,0
24.698529370588236,0,0
24.71323525294118,0,0
24.727941135294117,0,0
24.74264701764706,0,0
24.7573529,0,0
24.772058782352943,0,0
24.78676466470588,0,0
24.801470547058823,0,0
24.816176429411765,0,0
24.830882311764707,0,0
24.845588194117646,0,0
24.860294076470588,0,0
24.87499995882353,0,0
24.889705841176472,0,0
24.904411723529414,0,0
24.919117605882352,0,0
24.933823488235294,0,0
24.948529370588236,0,0
24.96323525294118,0,0
24.977941135294117,0,0
24.99264701764706,0,0
25.0073529,0,0
25.022058782352943,0,0
25.03676466470588,0,0
25.051470547058823,0,0
25.066176429411765,0,0
25.080882311764707,0,0
25.095588194117646,0,0
25.110294076470588,0,0
25.12499995882353,0,0
25.139705841176472,0,0
25.154411723529414,0,0
25.169117605882352,44,0
25.183823488235294,53,0
25.198529370588236,44,0
25.21323525294118,67,0
25.227941135294117,64,0
25.24264701764706,84,0
25.2573529,98,0
25.272058782352943,87,0
25.28676466470588,115,0
25.301470547058823,119,0
25.316176429411765,133,0
25.330882311764707,154,0
25.345588194117646,156,0
25.360294076470588,173,0
25.37499995882353,172,0
25.389705841176472,199,0
25.404411723529414,209,0
25.419117605882352,222,0
25.433823488235294,243,0
25.448529370588236,241,0
25.46323525294118,272,0
25.477941135294117,280,0
25.49264701764706,284,0
25.5073529,289,0
25.522058782352943,281,0
25.53676466470588,298,0
25.551470547058823,283,0
25.566176429411765,295,0
25.580882311764707,285,0
25.595588194117646,279,0
25.610294076470588,288,0
25.62499995882353,277,0
25.639705841176472,286,0
25.654411723529414,274,0
25.669117605882352,268,0
25.683823488235294,275,0
25.698529370588236,255,0
25.71323525294118,262,0
25.727941135294117,252,0
25.74264701764706,234,0
25.7573529,227,0
25.772058782352943,214,0
25.78676466470588,208,0
25.801470547058823,188,0
25.816176429411765,181,0
25.830882311764707,176,0
25.845588194117646,159,0
25.860294076470588,159,0
25.87499995882353,135,0
25.889705841176472,133,0
25.904411723529414,129,0
25.919117605882352,116,0
25.933823488235294,117,0
25.948529370588236,88,0
25.96323525294118,93,0
25.977941135294117,84,0
25.99264701764706,85,0
26.0073529,85,0
26.022058782352943,64,0
26.03676466470588,64,0
26.051470547058823,57,0
26.066176429411765,61,0
26.080882311764707,61,0
26.095588194117646,42,0
26.110294076470588,52,0
26.12499995882353,41,0
26.139705841176472,0,0
26.154411723529414,46,0
26.169117605882352,0,0
26.183823488235294,0,0
26.198529370588236,0,0
26.21323525294118,0,0
26.227941135294117,0,0
26.24264701764706,0,0
26.2573529,0,0
26.272058782352943,0,0
26.28676466470588,0,0
26.301470547058823,0,0
26.316176429411765,0,0
26.330882311764707,0,0
26.345588194117646,0,0
26.360294076470588,0,0
26.37499995882353,0,0
26.389705841176472,0,0
26.404411723529414,0,0
26.419117605882352,0,0
26.433823488235294,0,0
26.448529370588236,0,0
26.46323525294118,0,0
26.477941135294117,0,0
26.49264701764706,0,0
26.5073529,0,0
26.522058782352943,0,0
26.53676466470588,0,0
26.551470547058823,0,0
26.566176429411765,0,0
26.580882311764707,0,0
26.595588194117646,0,0
26.610294076470588,0,0
26.62499995882353,0,0
26.639705841176472,0,0
26.654411723529414,0,0
26.669117605882352,0,0
26.683823488235294,0,0
26.698529370588236,0,0
26.71323525294118,0,0
26.727941135294117,0,0
26.74264701764706,0,0
26.7573529,0,0
26.772058782352943,0,0
26.78676466470588,0,0
26.801470547058823,0,0
26.816176429411765,0,0
26.830882311764707,0,0
26.845588194117646,0,0
26.860294076470588,0,0
26.87499995882353,0,0
26.889705841176472,0,0
26.904411723529414,0,0
26.919117605882352,0,0
26.933823488235294,0,0
26.948529370588236,0,0
26.96323525294118,0,0
26.977941135294117,42,0
26.99264701764706,0,0
27.0073529,49,0
27.022058782352943,0,0
27.03676466470588,55,0
27.051470547058823,62,0
27.066176429411765,62,0
27.080882311764707,64,0
27.095588194117646,59,0
27.110294076470588,84,0
27.12499995882353,89,0
27.139705841176472,81,0
27.154411723529414,89,0
27.169117605882352,88,0
27.183823488235294,102,0
27.198529370588236,100,0
27.21323525294118,113,0
27.227941135294117,132,0
27.24264701764706,125,0
27.2573529,145,0
27.272058782352943,147,0
27.28676466470588,162,0
27.301470547058823,173,0
27.316176429411765,184,0
27.330882311764707,198,0
27.345588194117646,192,0
27.360294076470588,212,0
27.37499995882353,220,0
27.389705841176472,214,0
27.404411723529414,224,0
27.419117605882352,221,0
27.433823488235294,239,0
27.448529370588236,239,0
27.46323525294118,232,0
27.477941135294117,234,0
27.49264701764706,224,0
27.5073529,244,0
27.522058782352943,234,0
27.53676466470588,241,0
27.551470547058823,253,0
27.566176429411765,242,0
27.580882311764707,247,0
27.595588194117646,237,0
27.610294076470588,239,0
27.62499995882353,222,0
27.639705841176472,202,0
27.654411723529414,186,0
27.669117605882352,163,0
27.683823488235294,160,0
27.698529370588236,141,0
27.71323525294118,116,0
27.727941135294117,104,0
27.74264701764706,76,0
27.7573529,79,0
27.772058782352943,51,0
27.78676466470588,52,0
27.801470547058823,58,0
27.816176429411765,0,0
27.830882311764707,43,0
27.845588194117646,0,0
27.860294076470588,0,0
27.87499995882353,0,0
27.889705841176472,0,0
27.904411723529414,0,0
27.919117605882352,0,0
27.933823488235294,0,0
27.948529370588236,0,0
27.96323525294118,0,0
27.977941135294117,0,0
27.99264701764706,0,0
28.0073529,0,0
28.022058782352943,0,0
28.03676466470588,0,0
28.051470547058823,0,0
28.066176429411765,0,0
28.080882311764707,0,0
28.095588194117646,0,0
28.110294076470588,0,0
28.12499995882353,0,0
28.139705841176472,0,0
28.154411723529414,0,0
28.169117605882352,0,0
28.183823488235294,0,0
28.198529370588236,0,0
28.21323525294118,0,0
28.227941135294117,0,0
28.24264701764706,0,0
28.2573529,0,0
28.272058782352943,0,0
28.28676466470588,0,0
28.301470547058823,0,0
28.316176429411765,0,0
28.330882311764707,0,0
28.345588194117646,0,0
28.360294076470588,0,0
28.37499995882353,0,0
28.389705841176472,0,0
28.404411723529414,0,0
28.419117605882352,0,0
28.433823488235294,0,0
28.448529370588236,0,0
28.46323525294118,0,0
28.477941135294117,0,0
28.49264701764706,0,0
28.5073529,0,0
28.522058782352943,0,0
28.53676466470588,0,0
28.551470547058823,0,0
28.566176429411765,0,0
28.580882311764707,0,0
28.595588194117646,0,0
28.610294076470588,0,0
28.62499995882353,0,0
28.639705841176472,0,0
28.654411723529414,0,0
28.669117605882352,0,0
28.683823488235294,0,0
28.698529370588236,0,0
28.71323525294118,0,0
28.727941135294117,0,0
28.74264701764706,0,0
28.7573529,0,0
28.772058782352943,0,0
28.78676466470588,0,0
28.801470547058823,0,0
28.816176429411765,0,0
28.830882311764707,0,0
28.845588194117646,0,0
28.860294076470588,0,0
28.87499995882353,46,0
28.889705841176472,0,0
28.904411723529414,52,0
28.919117605882352,70,0
28.933823488235294,62,0
28.948529370588236,79,0
28.96323525294118,86,0
28.977941135294117,94,0
28.99264701764706,115,0
29.0073529,102,0
29.022058782352943,136,0
29.03676466470588,133,0
29.051470547058823,159,0
29.066176429411765,168,0
29.080882311764707,173,0
29.095588194117646,206,0
29.110294076470588,208,0
29.12499995882353,226,0
29.139705841176472,233,0
29.154411723529414,242,0
29.169117605882352,275,0
29.183823488235294,270,0
29.198529370588236,308,0
29.21323525294118,320,0
29.227941135294117,333,0
29.24264701764706,344,0
29.2573529,353,0
29.272058782352943,367,0
29.28676466470588,373,0
29.301470547058823,389,0
29.316176429411765,395,0
29.330882311764707,397,0
29.345588194117646,416,0
29.360294076470588,416,0
29.37499995882353,419,0
29.389705841176472,416,0
29.404411723529414,414,0
29.419117605882352,434,0
29.433823488235294,422,0
29.448529370588236,424,0
29.46323525294118,424,0
29.477941135294117,416,0
29.49264701764706,421,0
29.5073529,413,0
29.522058782352943,411,0
29.53676466470588,395,0
29.551470547058823,393,0
29.566176429411765,393,0
29.580882311764707,374,0
29.595588194117646,378,0
29.610294076470588,357,0
29.62499995882353,342,0
29.639705841176472,322,0
29.654411723529414,301,0
29.669117605882352,299,0
29.683823488235294,264,0
29.698529370588236,259,0
29.71323525294118,243,0
29.727941135294117,235,0
29.74264701764706,223,0
29.7573529,200,0
29.772058782352943,196,0
29.78676466470588,174,0
29.801470547058823,170,0
29.816176429411765,163,0
29.830882311764707,140,0
29.845588194117646,141,0
29.860294076470588,121,0
29.87499995882353,126,0
29.889705841176472,124,0
29.904411723529414,110,0
29.919117605882352,103,0
29.933823488235294,85,0
29.948529370588236,101,0
29.96323525294118,81,0
29.977941135294117,81,0
29.99264701764706,74,0
30.0073529,62,0
30.022058782352943,73,0
30.03676466470588,60,0
30.051470547058823,59,0
30.066176429411765,66,0
30.080882311764707,46,0
30.095588194117646,54,0
30.110294076470588,44,0
30.12499995882353,47,0
30.139705841176472,48,0
30.154411723529414,0,0
30.169117605882352,0,0
30.183823488235294,0,0
30.198529370588236,0,0
30.21323525294118,0,0
30.227941135294117,0,0
30.24264701764706,0,0
30.2573529,0,0
30.272058782352943,0,0
30.28676466470588,0,0
30.301470547058823,0,0
30.316176429411765,0,0
30.330882311764707,0,0
30.345588194117646,0,0
30.360294076470588,0,0
30.37499995882353,0,0
30.389705841176472,0,0
30.404411723529414,0,0
30.419117605882352,0,0
30.433823488235294,0,0
30.448529370588236,0,0
30.46323525294118,0,0
30.477941135294117,0,0
30.49264701764706,0,0
30.5073529,0,0
30.522058782352943,0,0
30.53676466470588,0,0
30.551470547058823,0,0
30.566176429411765,0,0
30.580882311764707,0,0
30.595588194117646,0,0
30.610294076470588,0,0
30.62499995882353,0,0
30.639705841176472,0,0
30.654411723529414,0,0
30.669117605882352,0,0
30.683823488235294,0,0
30.698529370588236,0,0
30.71323525294118,0,0
30.727941135294117,0,0
30.74264701764706,0,0
30.7573529,0,0
30.772058782352943,0,0
30.78676466470588,0,0
30.801470547058823,0,0
30.816176429411765,0,0
30.830882311764707,0,0
30.845588194117646,0,0
30.860294076470588,0,0
30.87499995882353,0,0
30.889705841176472,0,0
30.904411723529414,0,0
30.919117605882352,0,0
30.933823488235294,0,0
30.948529370588236,0,0
30.96323525294118,0,0
30.977941135294117,0,0
30.99264701764706,0,0
31.0073529,0,0
31.022058782352943,0,0
31.03676466470588,0,0
31.051470547058823,0,0
31.066176429411765,0,0
31.080882311764707,0,0
31.095588194117646,0,0
31.110294076470588,0,0
31.12499995882353,0,0
31.139705841176472,0,0
31.154411723529414,0,0
31.169117605882352,0,0
31.183823488235294,0,0
31.198529370588236,0,0
31.21323525294118,0,0
31.227941135294117,0,0
31.24264701764706,0,0
31.2573529,0,0
31.272058782352943,0,0
31.28676466470588,0,0
31.301470547058823,0,0
31.316176429411765,0,0
31.330882311764707,0,0
31.345588194117646,0,0
31.360294076470588,0,0
31.37499995882353,0,0
31.389705841176472,0,0
31.404411723529414,0,0
31.419117605882352,0,0
31.433823488235294,0,0
31.448529370588236,0,0
31.46323525294118,0,0
31.477941135294117,0,0
31.49264701764706,0,0
31.5073529,0,0
31.522058782352943,0,0
31.53676466470588,0,0
31.551470547058823,0,0
31.566176429411765,0,0
31.580882311764707,0,0
31.595588194117646,0,0
31.610294076470588,0,0
31.62499995882353,0,0
31.639705841176472,0,0
31.654411723529414,0,0
31.669117605882352,0,0
31.683823488235294,0,0
31.698529370588236,0,0
31.71323525294118,0,0
31.727941135294117,0,0
31.74264701764706,0,0
31.7573529,0,0
31.772058782352943,0,0
31.78676466470588,0,0
31.801470547058823,0,0
31.816176429411765,0,0
31.830882311764707,0,0
31.845588194117646,0,0
31.860294076470588,0,0
31.87499995882353,0,0
31.889705841176472,0,0
31.904411723529414,0,0
31.919117605882352,0,0
31.933823488235294,0,0
31.948529370588236,0,0
31.96323525294118,0,0
31.977941135294117,0,0
31.99264701764706,0,0
32.0073529,0,0
32.02205878235294,0,0
32.036764664705885,0,0
32.05147054705883,0,0
32.06617642941176,0,0
32.080882311764704,0,0
32.095588194117646,0,0
32.11029407647059,46,0
32.12499995882353,42,0
32.13970584117647,61,0
32.154411723529414,63,0
32.169117605882356,71,0
32.1838234882353,81,0
32.19852937058823,75,0
32.213235252941175,96,0
32.22794113529412,103,0
32.24264701764706,111,0
32.2573529,142,0
32.27205878235294,143,0
32.286764664705885,161,0
32.30147054705883,164,0
32.31617642941176,179,0
32.330882311764704,190,0
32.345588194117646,195,0
32.36029407647059,210,0
32.37499995882353,221,0
32.38970584117647,230,0
32.404411723529414,235,0
32.419117605882356,232,0
32.4338234882353,242,0
32.44852937058823,236,0
32.463235252941175,248,0
32.47794113529412,231,0
32.49264701764706,213,0
32.5073529,197,0
32.52205878235294,170,0
32.536764664705885,149,0
32.55147054705883,125,0
32.56617642941176,108,0
32.580882311764704,98,0
32.595588194117646,67,0
32.61029407647059,65,0
32.62499995882353,43,0
32.63970584117647,49,0
32.654411723529414,0,0
32.669117605882356,0,0
32.6838234882353,0,0
32.69852937058823,0,0
32.713235252941175,0,0
32.72794113529412,0,0
32.74264701764706,0,0
32.7573529,0,0
32.77205878235294,0,0
32.786764664705885,0,0
32.80147054705883,0,0
32.81617642941176,0,0
32.830882311764704,0,0
32.845588194117646,0,0
32.86029407647059,0,0
32.87499995882353,0,0
32.88970584117647,0,0
32.904411723529414,0,0
32.919117605882356,0,0
32.9338234882353,0,0
32.94852937058823,0,0
32.963235252941175,0,0
32.97794113529412,0,0
32.99264701764706,0,0
33.0073529,0,0
33.02205878235294,0,0
33.036764664705885,0,0
33.05147054705883,0,0
33.06617642941176,0,0
33.080882311764704,0,0
33.095588194117646,0,0
33.11029407647059,0,0
33.12499995882353,0,0
33.13970584117647,0,0
33.154411723529414,0,0
33.169117605882356,0,0
33.1838234882353,0,0
33.19852937058823,0,0
33.213235252941175,0,0
33.22794113529412,0,0
33.24264701764706,0,0
33.2573529,0,0
33.27205878235294,0,0
33.286764664705885,0,0
33.30147054705883,0,0
33.31617642941176,0,0
33.330882311764704,0,0
33.345588194117646,0,0
33.36029407647059,0,0
33.37499995882353,0,0
33.38970584117647,0,0
33.404411723529414,0,0
33.419117605882356,0,0
33.4338234882353,0,0
33.44852937058823,0,0
33.463235252941175,0,0
33.47794113529412,0,0
33.49264701764706,0,0
33.5073529,0,0
33.52205878235294,0,0
33.536764664705885,0,0
33.55147054705883,0,0
33.56617642941176,0,0
33.580882311764704,0,0
33.595588194117646,0,0
33.61029407647059,0,0
33.62499995882353,0,0
33.63970584117647,0,0
33.654411723529414,0,0
33.669117605882356,0,0
33.6838234882353,0,0
33.69852937058823,0,0
33.713235252941175,0,0
33.72794113529412,0,0
33.74264701764706,0,0
33.7573529,0,0
33.77205878235294,0,0
33.786764664705885,0,0
33.80147054705883,0,0
33.81617642941176,0,0
33.830882311764704,0,0
33.845588194117646,0,0
33.86029407647059,0,0
33.87499995882353,0,0
33.88970584117647,0,0
33.904411723529414,0,0
33.919117605882356,0,0
33.9338234882353,0,0
33.94852937058823,0,0
33.963235252941175,0,0
33.97794113529412,0,0
33.99264701764706,0,0
34.0073529,0,0
34.02205878235294,0,0
34.036764664705885,0,0
34.05147054705883,0,0
34.06617642941176,0,0
34.080882311764704,0,0
34.095588194117646,0,0
34.11029407647059,0,0
34.12499995882353,0,0
34.13970584117647,0,0
34.154411723529414,0,0
34.169117605882356,0,0
34.1838234882353,0,0
34.19852937058823,0,0
34.213235252941175,0,0
34.22794113529412,0,0
34.24264701764706,45,0
34.2573529,60,0
34.27205878235294,56,0
34.286764664705885,69,0
34.30147054705883,71,0
34.31617642941176,77,0
34.330882311764704,85,0
34.345588194117646,99,0
34.36029407647059,114,0
34.37499995882353,111,0
34.38970584117647,130,0
34.404411723529414,148,0
34.419117605882356,154,0
34.4338234882353,185,0
34.44852937058823,183,0
34.463235252941175,211,0
34.47794113529412,226,0
34.49264701764706,243,0
34.5073529,261,0
34.52205878235294,265,0
34.536764664705885,281,0
34.55147054705883,285,0
34.56617642941176,293,0
34.580882311764704,308,0
34.595588194117646,303,0
34.61029407647059,317,0
34.62499995882353,312,0
34.63970584117647,310,0
34.654411723529414,314,0
34.669117605882356,297,0
34.6838234882353,284,0
34.69852937058823,268,0
34.713235252941175,255,0
34.72794113529412,234,0
34.74264701764706,203,0
34.7573529,191,0
34.77205878235294,150,0
34.786764664705885,147,0
34.80147054705883,116,0
34.81617642941176,113,0
34.830882311764704,105,0
34.845588194117646,75,0
34.86029407647059,88,0
34.87499995882353,73,0
34.88970584117647,69,0
34.904411723529414,68,0
34.919117605882356,46,0
34.9338234882353,57,0
34.94852937058823,44,0
34.963235252941175,46,0
34.97794113529412,49,0
34.99264701764706,0,0
35.0073529,0,0
35.02205878235294,0,0
35.036764664705885,0,0
35.05147054705883,0,0
35.06617642941176,0,0
35.080882311764704,41,0
35.095588194117646,0,0
35.11029407647059,0,0
35.12499995882353,0,0
35.13970584117647,0,0
35.154411723529414,0,0
35.169117605882356,0,0
35.1838234882353,0,0
35.19852937058823,0,0
35.213235252941175,0,0
35.22794113529412,0,0
35.24264701764706,0,0
35.2573529,0,0
35.27205878235294,0,0
35.286764664705885,0,0
35.30147054705883,0,0
35.31617642941176,43,0
35.330882311764704,41,0
35.345588194117646,48,0
35.36029407647059,0,0
35.37499995882353,58,0
35.38970584117647,53,0
35.404411723529414,59,0
35.419117605882356,71,0
35.4338234882353,64,0
35.44852937058823,70,0
35.463235252941175,77,0
35.47794113529412,84,0
35.49264701764706,94,0
35.5073529,101,0
35.52205878235294,115,0
35.536764664705885,112,0
35.55147054705883,116,0
35.56617642941176,122,0
35.580882311764704,113,0
35.595588194117646,122,0
35.61029407647059,123,0
35.62499995882353,133,0
35.63970584117647,148,0
35.654411723529414,146,0
35.669117605882356,148,0
35.6838234882353,144,0
35.69852937058823,154,0
35.713235252941175,155,0
35.72794113529412,147,0
35.74264701764706,149,0
35.7573529,132,0
35.77205878235294,135,0
35.786764664705885,111,0
35.80147054705883,105,0
35.81617642941176,91,0
35.830882311764704,73,0
35.845588194117646,73,0
35.86029407647059,57,0
35.87499995882353,58,0
35.88970584117647,53,0
35.904411723529414,0,0
35.919117605882356,0,0
35.9338234882353,0,0
35.94852937058823,0,0
35.963235252941175,0,0
35.97794113529412,0,0
35.99264701764706,0,0
36.0073529,0,0
36.02205878235294,0,0
36.036764664705885,0,0
36.05147054705883,0,0
36.06617642941176,0,0
36.080882311764704,0,0
36.095588194117646,0,0
36.11029407647059,0,0
36.12499995882353,0,0
36.13970584117647,0,0
36.154411723529414,0,0
36.169117605882356,0,0
36.1838234882353,0,0
36.19852937058823,0,0
36.213235252941175,0,0
36.22794113529412,0,0
36.24264701764706,0,0
36.2573529,0,0
36.27205878235294,0,0
36.286764664705885,0,0
36.30147054705883,0,0
36.31617642941176,0,0
36.330882311764704,0,0
36.345588194117646,0,0
36.36029407647059,0,0
36.37499995882353,0,0
36.38970584117647,0,0
36.404411723529414,0,0
36.419117605882356,0,0
36.4338234882353,0,0
36.44852937058823,0,0
36.463235252941175,0,0
36.47794113529412,0,0
36.49264701764706,0,0
36.5073529,0,0
36.52205878235294,0,0
36.536764664705885,0,0
36.55147054705883,0,0
36.56617642941176,0,0
36.580882311764704,0,0
36.595588194117646,0,0
36.61029407647059,0,0
36.62499995882353,0,0
36.63970584117647,0,0
36.654411723529414,0,0
36.669117605882356,0,0
36.6838234882353,0,0
36.69852937058823,0,0
36.713235252941175,0,0
36.72794113529412,0,0
36.74264701764706,0,0
36.7573529,0,0
36.77205878235294,0,0
36.786764664705885,0,0
36.80147054705883,0,0
36.81617642941176,0,0
36.830882311764704,0,0
36.845588194117646,0,0
36.86029407647059,0,0
36.87499995882353,0,0
36.88970584117647,0,0
36.904411723529414,0,0
36.919117605882356,0,0
36.9338234882353,0,0
36.94852937058823,0,0
36.963235252941175,51,0
36.97794113529412,49,0
36.99264701764706,58,0
37.0073529,68,0
37.02205878235294,71,0
37.036764664705885,90,0
37.05147054705883,105,0
37.06617642941176,126,0
37.080882311764704,142,0
37.095588194117646,163,0
37.11029407647059,178,0
37.12499995882353,197,0
37.13970584117647,218,0
37.154411723529414,239,0
37.169117605882356,252,0
37.1838234882353,292,0
37.19852937058823,288,0
37.213235252941175,315,0
37.22794113529412,328,0
37.24264701764706,350,0
37.2573529,376,0
37.27205878235294,405,0
37.286764664705885,435,0
37.30147054705883,470,0
37.31617642941176,509,0
37.330882311764704,554,0
37.345588194117646,567,0
37.36029407647059,588,0
37.37499995882353,594,0
37.38970584117647,621,0
37.404411723529414,634,0
37.419117605882356,639,0
37.4338234882353,658,0
37.44852937058823,668,0
37.463235252941175,680,0
37.47794113529412,698,0
37.49264701764706,726,0
37.5073529,765,0
37.52205878235294,785,0
37.536764664705885,844,0
37.55147054705883,865,0
37.56617642941176,888,0
37.580882311764704,899,0
37.595588194117646,894,0
37.61029407647059,901,0
37.62499995882353,892,0
37.63970584117647,907,0
37.654411723529414,894,0
37.669117605882356,830,0
37.6838234882353,840,0
37.69852937058823,884,0
37.713235252941175,898,0
37.72794113529412,887,0
37.74264701764706,891,0
37.7573529,906,0
37.77205878235294,900,0
37.786764664705885,911,0
37.80147054705883,904,0
37.81617642941176,907,0
37.830882311764704,912,0
37.845588194117646,890,0
37.86029407647059,884,0
37.87499995882353,849,0
37.88970584117647,843,0
37.904411723529414,831,0
37.919117605882356,829,0
37.9338234882353,834,0
37.94852937058823,811,0
37.963235252941175,807,0
37.97794113529412,805,0
37.99264701764706,802,0
38.0073529,794,0
38.02205878235294,780,0
38.036764664705885,773,0
38.05147054705883,728,0
38.06617642941176,727,0
38.080882311764704,702,0
38.095588194117646,679,0
38.11029407647059,646,0
38.12499995882353,617,0
38.13970584117647,603,0
38.154411723529414,556,0
38.169117605882356,532,0
38.1838234882353,494,0
38.19852937058823,441,0
38.213235252941175,393,0
38.22794113529412,357,0
38.24264701764706,313,0
38.2573529,290,0
38.27205878235294,235,0
38.286764664705885,226,0
38.30147054705883,190,0
38.31617642941176,182,0
38.330882311764704,159,0
38.345588194117646,143,0
38.36029407647059,137,0
38.37499995882353,114,0
38.38970584117647,117,0
38.404411723529414,112,0
38.419117605882356,103,0
38.4338234882353,93,0
38.44852937058823,77,0
38.463235252941175,79,0
38.47794113529412,66,0
38.49264701764706,70,0
38.5073529,70,0
38.52205878235294,46,0
38.536764664705885,50,0
38.55147054705883,44,0
38.56617642941176,51,0
38.580882311764704,45,0
38.595588194117646,0,0
38.61029407647059,0,0
38.62499995882353,0,0
38.63970584117647,0,0
38.654411723529414,0,0
38.669117605882356,0,0
38.6838234882353,0,0
38.69852937058823,0,0
38.713235252941175,0,0
38.72794113529412,0,0
38.74264701764706,0,0
38.7573529,0,0
38.77205878235294,0,0
38.786764664705885,0,0
38.80147054705883,0,0
38.81617642941176,0,0
38.830882311764704,0,0
38.845588194117646,0,0
38.86029407647059,0,0
38.87499995882353,0,0
38.88970584117647,0,0
38.904411723529414,0,0
38.919117605882356,0,0
38.9338234882353,0,0
38.94852937058823,0,0
38.963235252941175,0,0
38.97794113529412,0,0
38.99264701764706,0,0
39.0073529,0,0
39.02205878235294,0,0
39.036764664705885,0,0
39.05147054705883,0,0
39.06617642941176,0,0
39.080882311764704,0,0
39.095588194117646,0,0
39.11029407647059,0,0
39.12499995882353,0,0
39.13970584117647,0,0
39.154411723529414,0,0
39.169117605882356,0,0
39.1838234882353,0,0
39.19852937058823,0,0
39.213235252941175,0,0
39.22794113529412,0,0
39.24264701764706,0,0
39.2573529,0,0
39.27205878235294,0,0
39.286764664705885,0,0
39.30147054705883,0,0
39.31617642941176,0,0
39.330882311764704,0,0
39.345588194117646,0,0
39.36029407647059,0,0
39.37499995882353,0,0
39.38970584117647,0,0
39.404411723529414,0,0
39.419117605882356,0,0
39.4338234882353,0,0
39.44852937058823,0,0
39.463235252941175,0,0
39.47794113529412,0,0
39.49264701764706,0,0
39.5073529,0,0
39.52205878235294,0,0
39.536764664705885,0,0
39.55147054705883,0,0
39.56617642941176,0,0
39.580882311764704,0,0
39.595588194117646,0,0
39.61029407647059,0,0
39.62499995882353,0,0
39.63970584117647,0,0
39.654411723529414,0,0
39.669117605882356,0,0
39.6838234882353,0,0
39.69852937058823,0,0
39.713235252941175,0,0
39.72794113529412,0,0
39.74264701764706,0,0
39.7573529,0,0
39.77205878235294,0,0
39.786764664705885,0,0
39.80147054705883,0,0
39.81617642941176,0,0
39.830882311764704,0,0
39.845588194117646,0,0
39.86029407647059,0,0
39.87499995882353,0,0
39.88970584117647,0,0
39.904411723529414,0,0
39.919117605882356,0,0
39.9338234882353,0,0
39.94852937058823,0,0
39.963235252941175,0,0
39.97794113529412,0,0
39.99264701764706,0,0
40.0073529,0,0
40.02205878235294,0,0
40.036764664705885,0,0
40.05147054705883,0,0
40.06617642941176,0,0
40.080882311764704,0,0
40.095588194117646,0,0
40.11029407647059,0,0
40.12499995882353,0,0
40.13970584117647,0,0
40.154411723529414,0,0
40.169117605882356,0,0
40.1838234882353,0,0
40.19852937058823,0,0
40.213235252941175,42,0
40.22794113529412,42,0
40.24264701764706,58,0
40.2573529,70,0
40.27205878235294,60,0
40.286764664705885,80,0
40.30147054705883,85,0
40.31617642941176,103,0
40.330882311764704,119,0
40.345588194117646,129,0
40.36029407647059,148,0
40.37499995882353,153,0
40.38970584117647,179,0
40.404411723529414,194,0
40.419117605882356,195,0
40.4338234882353,235,0
40.44852937058823,231,0
40.463235252941175,250,0
40.47794113529412,269,0
40.49264701764706,284,0
40.5073529,297,0
40.52205878235294,295,0
40.536764664705885,312,0
40.55147054705883,306,0
40.56617642941176,316,0
40.580882311764704,298,0
40.595588194117646,276,0
40.61029407647059,260,0
40.62499995882353,231,0
40.63970584117647,217,0
40.654411723529414,203,0
40.669117605882356,170,0
40.6838234882353,160,0
40.69852937058823,133,0
40.713235252941175,130,0
40.72794113529412,109,0
40.74264701764706,107,0
40.7573529,102,0
40.77205878235294,77,0
40.786764664705885,78,0
40.80147054705883,64,0
40.81617642941176,66,0
40.830882311764704,53,0
40.845588194117646,41,0
40.86029407647059,55,0
40.87499995882353,46,0
40.88970584117647,44,0
40.904411723529414,44,0
40.919117605882356,0,0
40.9338234882353,41,0
40.94852937058823,0,0
40.963235252941175,0,0
40.97794113529412,0,0
40.99264701764706,0,0
41.0073529,0,0
41.02205878235294,0,0
41.036764664705885,0,0
41.05147054705883,0,0
41.06617642941176,0,0
41.080882311764704,0,0
41.095588194117646,0,0
41.11029407647059,0,0
41.12499995882353,0,0
41.13970584117647,0,0
41.154411723529414,0,0
41.169117605882356,0,0
41.1838234882353,0,0
41.19852937058823,47,0
41.213235252941175,0,0
41.22794113529412,42,0
41.24264701764706,44,0
41.2573529,48,0
41.27205878235294,61,0
41.286764664705885,56,0
41.30147054705883,82,0
41.31617642941176,86,0
41.330882311764704,98,0
41.345588194117646,107,0
41.36029407647059,103,0
41.37499995882353,130,0
41.38970584117647,143,0
41.404411723529414,163,0
41.419117605882356,182,0
41.4338234882353,192,0
41.44852937058823,209,0
41.463235252941175,224,0
41.47794113529412,244,0
41.49264701764706,261,0
41.5073529,258,0
41.52205878235294,290,0
41.536764664705885,285,0
41.55147054705883,290,0
41.56617642941176,306,0
41.580882311764704,308,0
41.595588194117646,312,0
41.61029407647059,300,0
41.62499995882353,309,0
41.63970584117647,295,0
41.654411723529414,300,0
41.669117605882356,301,0
41.6838234882353,273,0
41.69852937058823,277,0
41.713235252941175,257,0
41.72794113529412,253,0
41.74264701764706,235,0
41.7573529,206,0
41.77205878235294,202,0
41.786764664705885,163,0
41.80147054705883,156,0
41.81617642941176,124,0
41.830882311764704,118,0
41.845588194117646,110,0
41.86029407647059,79,0
41.87499995882353,87,0
41.88970584117647,71,0
41.904411723529414,55,0
41.919117605882356,52,0
41.9338234882353,0,0
41.94852937058823,0,0
41.963235252941175,0,0
41.97794113529412,0,0
41.99264701764706,0,0
42.0073529,0,0
42.02205878235294,0,0
42.036764664705885,0,0
42.05147054705883,0,0
42.06617642941176,0,0
42.080882311764704,0,0
42.095588194117646,0,0
42.11029407647059,0,0
42.12499995882353,0,0
42.13970584117647,0,0
42.154411723529414,0,0
42.169117605882356,0,0
42.1838234882353,0,0
42.19852937058823,0,0
42.213235252941175,0,0
42.22794113529412,0,0
42.24264701764706,0,0
42.2573529,0,0
42.27205878235294,0,0
42.286764664705885,0,0
42.30147054705883,0,0
42.31617642941176,0,0
42.330882311764704,0,0
42.345588194117646,0,0
42.36029407647059,0,0
42.37499995882353,0,0
42.38970584117647,0,0
42.404411723529414,0,0
42.419117605882356,0,0
42.4338234882353,0,0
42.44852937058823,0,0
42.463235252941175,0,0
42.47794113529412,0,0
42.49264701764706,0,0
42.5073529,0,0
42.52205878235294,0,0
42.536764664705885,0,0
42.55147054705883,0,0
42.56617642941176,0,0
42.580882311764704,0,0
42.595588194117646,0,0
42.61029407647059,0,0
42.62499995882353,0,0
42.63970584117647,0,0
42.654411723529414,0,0
42.669117605882356,0,0
42.6838234882353,0,0
42.69852937058823,0,0
42.713235252941175,0,0
42.72794113529412,0,0
42.74264701764706,0,0
42.7573529,0,0
42.77205878235294,0,0
42.786764664705885,0,0
42.80147054705883,0,0
42.81617642941176,0,0
42.830882311764704,0,0
42.845588194117646,0,0
42.86029407647059,0,0
42.87499995882353,0,0
42.88970584117647,0,0
42.904411723529414,0,0
42.919117605882356,0,0
42.9338234882353,0,0
42.94852937058823,0,0
42.963235252941175,0,0
42.97794113529412,0,0
42.99264701764706,0,0
43.0073529,0,0
43.02205878235294,0,0
43.036764664705885,0,0
43.05147054705883,0,0
43.06617642941176,0,0
43.080882311764704,0,0
43.095588194117646,0,0
43.11029407647059,0,0
43.12499995882353,0,0
43.13970584117647,0,0
43.154411723529414,0,0
43.169117605882356,0,0
43.1838234882353,0,0
43.19852937058823,0,0
43.213235252941175,0,0
43.22794113529412,0,0
43.24264701764706,0,0
43.2573529,0,0
43.27205878235294,0,0
43.286764664705885,0,0
43.30147054705883,0,0
43.31617642941176,0,0
43.330882311764704,0,0
43.345588194117646,0,0
43.36029407647059,0,0
43.37499995882353,48,0
43.38970584117647,43,0
43.404411723529414,55,0
43.419117605882356,55,0
43.4338234882353,73,0
43.44852937058823,92,0
43.463235252941175,87,0
43.47794113529412,113,0
43.49264701764706,121,0
43.5073529,142,0
43.52205878235294,156,0
43.536764664705885,159,0
43.55147054705883,168,0
43.56617642941176,180,0
43.580882311764704,202,0
43.595588194117646,199,0
43.61029407647059,223,0
43.62499995882353,228,0
43.63970584117647,235,0
43.654411723529414,255,0
43.669117605882356,264,0
43.6838234882353,274,0
43.69852937058823,289,0
43.713235252941175,287,0
43.72794113529412,305,0
43.74264701764706,295,0
43.7573529,300,0
43.77205878235294,303,0
43.786764664705885,293,0
43.80147054705883,288,0
43.81617642941176,270,0
43.830882311764704,272,0
43.845588194117646,251,0
43.86029407647059,239,0
43.87499995882353,234,0
43.88970584117647,212,0
43.904411723529414,212,0
43.919117605882356,199,0
43.9338234882353,189,0
43.94852937058823,179,0
43.963235252941175,159,0
43.97794113529412,160,0
43.99264701764706,126,0
44.0073529,137,0
44.02205878235294,126,0
44.036764664705885,110,0
44.05147054705883,116,0
44.06617642941176,91,0
44.080882311764704,101,0
44.095588194117646,84,0
44.11029407647059,75,0
44.12499995882353,84,0
44.13970584117647,66,0
44.154411723529414,71,0
44.169117605882356,58,0
44.1838234882353,58,0
44.19852937058823,69,0
44.213235252941175,47,0
44.22794113529412,58,0
44.24264701764706,53,0
44.2573529,47,0
44.27205878235294,52,0
44.286764664705885,46,0
44.30147054705883,51,0
44.31617642941176,47,0
44.330882311764704,44,0
44.345588194117646,51,0
44.36029407647059,0,0
44.37499995882353,46,0
44.38970584117647,0,0
44.404411723529414,54,0
44.419117605882356,61,0
44.4338234882353,43,0
44.44852937058823,53,0
44.463235252941175,46,0
44.47794113529412,56,0
44.49264701764706,61,0
44.5073529,52,0
44.52205878235294,66,0
44.536764664705885,63,0
44.55147054705883,70,0
44.56617642941176,85,0
44.580882311764704,78,0
44.595588194117646,95,0
44.61029407647059,91,0
44.62499995882353,110,0
44.63970584117647,121,0
44.654411723529414,117,0
44.669117605882356,148,0
44.6838234882353,150,0
44.69852937058823,164,0
44.713235252941175,185,0
44.72794113529412,196,0
44.74264701764706,216,0
44.7573529,226,0
44.77205878235294,243,0
44.786764664705885,256,0
44.80147054705883,268,0
44.81617642941176,290,0
44.830882311764704,285,0
44.845588194117646,324,0
44.86029407647059,312,0
44.87499995882353,326,0
44.88970584117647,344,0
44.904411723529414,331,0
44.919117605882356,337,0
44.9338234882353,326,0
44.94852937058823,338,0
44.963235252941175,333,0
44.97794113529412,333,0
44.99264701764706,335,0
45.0073529,306,0
45.02205878235294,300,0
45.036764664705885,284,0
45.05147054705883,257,0
45.06617642941176,242,0
45.080882311764704,201,0
45.095588194117646,189,0
45.11029407647059,148,0
45.12499995882353,138,0
45.13970584117647,113,0
45.154411723529414,100,0
45.169117605882356,94,0
45.18382348823529,61,0
45.19852937058823,67,0
45.213235252941175,52,0
45.22794113529412,0,0
45.24264701764706,0,0
45.2573529,0,0
45.27205878235294,0,0
45.286764664705885,0,0
45.30147054705883,0,0
45.31617642941176,0,0
45.330882311764704,0,0
45.345588194117646,0,0
45.36029407647059,0,0
45.37499995882353,0,0
45.38970584117647,0,0
45.404411723529414,0,0
45.419117605882356,0,0
45.43382348823529,0,0
45.44852937058823,0,0
45.463235252941175,0,0
45.47794113529412,0,0
45.49264701764706,0,0
45.5073529,0,0
45.52205878235294,0,0
45.536764664705885,0,0
45.55147054705883,0,0
45.56617642941176,0,0
45.580882311764704,0,0
45.595588194117646,0,0
45.61029407647059,0,0
45.62499995882353,0,0
45.63970584117647,0,0
45.654411723529414,0,0
45.669117605882356,0,0
45.68382348823529,0,0
45.69852937058823,0,0
45.713235252941175,0,0
45.72794113529412,0,0
45.74264701764706,0,0
45.7573529,0,0
45.77205878235294,0,0
45.786764664705885,0,0
45.80147054705883,0,0
45.81617642941176,0,0
45.830882311764704,0,0
45.845588194117646,0,0
45.86029407647059,0,0
45.87499995882353,0,0
45.88970584117647,0,0
45.904411723529414,0,0
45.919117605882356,0,0
45.93382348823529,0,0
45.94852937058823,0,0
45.963235252941175,0,0
45.97794113529412,0,0
45.99264701764706,0,0
46.0073529,0,0
46.02205878235294,0,0
46.036764664705885,0,0
46.05147054705883,0,0
46.06617642941176,0,0
46.080882311764704,0,0
46.095588194117646,0,0
46.11029407647059,0,0
46.12499995882353,0,0
46.13970584117647,0,0
46.154411723529414,0,0
46.169117605882356,0,0
46.18382348823529,0,0
46.19852937058823,0,0
46.213235252941175,0,0
46.22794113529412,0,0
46.24264701764706,0,0
46.2573529,0,0
46.27205878235294,0,0
46.286764664705885,0,0
46.30147054705883,0,0
46.31617642941176,0,0
46.330882311764704,0,0
46.345588194117646,0,0
46.36029407647059,0,0
46.37499995882353,0,0
46.38970584117647,0,0
46.404411723529414,0,0
46.419117605882356,0,0
46.43382348823529,0,0
46.44852937058823,0,0
46.463235252941175,0,0
46.47794113529412,0,0
46.49264701764706,0,0
46.5073529,0,0
46.52205878235294,0,0
46.536764664705885,0,0
46.55147054705883,0,0
46.56617642941176,0,0
46.580882311764704,0,0
46.595588194117646,0,0
46.61029407647059,0,0
46.62499995882353,0,0
46.63970584117647,0,0
46.654411723529414,0,0
46.669117605882356,0,0
46.68382348823529,0,0
46.69852937058823,0,0
46.713235252941175,0,0
46.72794113529412,0,0
46.74264701764706,49,0
46.7573529,58,0
46.77205878235294,70,0
46.786764664705885,60,0
46.80147054705883,80,0
46.81617642941176,92,0
46.830882311764704,110,0
46.845588194117646,131,0
46.86029407647059,118,0
46.87499995882353,149,0
46.88970584117647,160,0
46.904411723529414,182,0
46.919117605882356,197,0
46.93382348823529,193,0
46.94852937058823,233,0
46.963235252941175,245,0
46.97794113529412,272,0
46.99264701764706,289,0
47.0073529,305,0
47.02205878235294,313,0
47.036764664705885,321,0
47.05147054705883,344,0
47.06617642941176,345,0
47.080882311764704,350,0
47.095588194117646,361,0
47.11029407647059,350,0
47.12499995882353,351,0
47.13970584117647,350,0
47.154411723529414,346,0
47.169117605882356,341,0
47.18382348823529,320,0
47.19852937058823,309,0
47.213235252941175,284,0
47.22794113529412,271,0
47.24264701764706,239,0
47.2573529,223,0
47.27205878235294,206,0
47.286764664705885,186,0
47.30147054705883,167,0
47.31617642941176,151,0
47.330882311764704,132,0
47.345588194117646,126,0
47.36029407647059,108,0
47.37499995882353,114,0
47.38970584117647,85,0
47.404411723529414,90,0
47.419117605882356,91,0
47.43382348823529,69,0
47.44852937058823,76,0
47.463235252941175,61,0
47.47794113529412,68,0
47.49264701764706,68,0
47.5073529,57,0
47.52205878235294,67,0
47.536764664705885,52,0
47.55147054705883,62,0
47.56617642941176,70,0
47.580882311764704,64,0
47.595588194117646,73,0
47.61029407647059,60,0
47.62499995882353,76,0
47.63970584117647,82,0
47.654411723529414,67,0
47.669117605882356,89,0
47.68382348823529,80,0
47.69852937058823,103,0
47.713235252941175,106,0
47.72794113529412,107,0
47.74264701764706,122,0
47.7573529,111,0
47.77205878235294,126,0
47.786764664705885,129,0
47.80147054705883,140,0
47.81617642941176,156,0
47.830882311764704,155,0
47.845588194117646,182,0
47.86029407647059,177,0
47.87499995882353,190,0
47.88970584117647,202,0
47.904411723529414,192,0
47.919117605882356,217,0
47.93382348823529,222,0
47.94852937058823,233,0
47.963235252941175,245,0
47.97794113529412,243,0
47.99264701764706,250,0
48.0073529,245,0
48.02205878235294,254,0
48.036764664705885,253,0
48.05147054705883,247,0
48.06617642941176,262,0
48.080882311764704,244,0
48.095588194117646,253,0
48.11029407647059,244,0
48.12499995882353,236,0
48.13970584117647,242,0
48.154411723529414,216,0
48.169117605882356,210,0
48.18382348823529,186,0
48.19852937058823,191,0
48.213235252941175,159,0
48.22794113529412,139,0
48.24264701764706,130,0
48.2573529,107,0
48.27205878235294,100,0
48.286764664705885,84,0
48.30147054705883,71,0
48.31617642941176,67,0
48.330882311764704,41,0
48.345588194117646,45,0
48.36029407647059,0,0
48.37499995882353,0,0
48.38970584117647,0,0
48.404411723529414,0,0
48.419117605882356,0,0
48.43382348823529,0,0
48.44852937058823,0,0
48.463235252941175,0,0
48.47794113529412,0,0
48.49264701764706,0,0
48.5073529,0,0
48.52205878235294,0,0
48.536764664705885,0,0
48.55147054705883,0,0
48.56617642941176,0,0
48.580882311764704,0,0
48.595588194117646,0,0
48.61029407647059,0,0
48.62499995882353,0,0
48.63970584117647,0,0
48.654411723529414,0,0
48.669117605882356,0,0
48.68382348823529,0,0
48.69852937058823,0,0
48.713235252941175,0,0
48.72794113529412,0,0
48.74264701764706,0,0
48.7573529,0,0
48.77205878235294,0,0
48.786764664705885,0,0
48.80147054705883,0,0
48.81617642941176,0,0
48.830882311764704,0,0
48.845588194117646,0,0
48.86029407647059,0,0
48.87499995882353,0,0
48.88970584117647,0,0
48.904411723529414,0,0
48.919117605882356,0,0
48.93382348823529,0,0
48.94852937058823,0,0
48.963235252941175,0,0
48.97794113529412,0,0
48.99264701764706,0,0
49.0073529,0,0
49.02205878235294,0,0
49.036764664705885,0,0
49.05147054705883,0,0
49.06617642941176,0,0
49.080882311764704,0,0
49.095588194117646,0,0
49.11029407647059,0,0
49.12499995882353,0,0
49.13970584117647,0,0
49.154411723529414,0,0
49.169117605882356,0,0
49.18382348823529,0,0
49.19852937058823,0,0
49.213235252941175,0,0
49.22794113529412,0,0
49.24264701764706,0,0
49.2573529,0,0
49.27205878235294,0,0
49.286764664705885,0,0
49.30147054705883,0,0
49.31617642941176,0,0
49.330882311764704,0,0
49.345588194117646,0,0
49.36029407647059,0,0
49.37499995882353,0,0
49.38970584117647,0,0
49.404411723529414,0,0
49.419117605882356,0,0
49.43382348823529,0,0
49.44852937058823,0,0
49.463235252941175,0,0
49.47794113529412,0,0
49.49264701764706,0,0
49.5073529,0,0
49.52205878235294,0,0
49.536764664705885,0,0
49.55147054705883,0,0
49.56617642941176,0,0
49.580882311764704,0,0
49.595588194117646,0,0
49.61029407647059,0,0
49.62499995882353,0,0
49.63970584117647,0,0
49.654411723529414,0,0
49.669117605882356,0,0
49.68382348823529,0,0
49.69852937058823,0,0
49.713235252941175,0,0
49.72794113529412,0,0
49.74264701764706,0,0
49.7573529,0,0
49.77205878235294,0,0
49.786764664705885,0,0
49.80147054705883,0,0
49.81617642941176,0,0
49.830882311764704,0,0
49.845588194117646,0,0
49.86029407647059,0,0
49.87499995882353,0,0
49.88970584117647,0,0
49.904411723529414,0,0
49.919117605882356,0,0
49.93382348823529,0,0
49.94852937058823,0,0
49.963235252941175,0,0
49.97794113529412,0,0
49.99264701764706,0,0
50.0073529,0,0
50.02205878235294,0,0
50.036764664705885,0,0
50.05147054705883,0,0
50.06617642941176,0,0
50.080882311764704,0,0
50.095588194117646,0,0
50.11029407647059,0,0
50.12499995882353,0,0
50.13970584117647,0,0
50.154411723529414,0,0
50.169117605882356,0,0
50.18382348823529,0,0
50.19852937058823,0,0
50.213235252941175,0,0
50.22794113529412,0,0
50.24264701764706,0,0
50.2573529,0,0
50.27205878235294,0,0
50.286764664705885,0,0
50.30147054705883,0,0
50.31617642941176,0,0
50.330882311764704,0,0
50.345588194117646,0,0
50.36029407647059,0,0
50.37499995882353,0,0
50.38970584117647,0,0
50.404411723529414,0,0
50.419117605882356,0,0
50.43382348823529,0,0
50.44852937058823,0,0
50.463235252941175,0,0
50.47794113529412,0,0
50.49264701764706,0,0
50.5073529,0,0
50.52205878235294,0,0
50.536764664705885,0,0
50.55147054705883,0,0
50.56617642941176,0,0
50.580882311764704,0,0
50.595588194117646,0,0
50.61029407647059,0,0
50.62499995882353,0,0
50.63970584117647,0,0
50.654411723529414,0,0
50.669117605882356,0,0
50.68382348823529,0,0
50.69852937058823,0,0
50.713235252941175,0,0
50.72794113529412,0,0
50.74264701764706,0,0
50.7573529,0,0
50.77205878235294,0,0
50.786764664705885,0,0
50.80147054705883,0,0
50.81617642941176,0,0
50.830882311764704,0,0
50.845588194117646,0,0
50.86029407647059,0,0
50.87499995882353,0,0
50.88970584117647,0,0
50.904411723529414,0,0
50.919117605882356,0,0
50.93382348823529,0,0
50.94852937058823,0,0
50.963235252941175,0,0
50.97794113529412,0,0
50.99264701764706,0,0
51.0073529,0,0
51.02205878235294,0,0
51.036764664705885,0,0
51.05147054705883,0,0
51.06617642941176,0,0
51.080882311764704,0,0
51.095588194117646,0,0
51.11029407647059,0,0
51.12499995882353,0,0
51.13970584117647,0,0
51.154411723529414,0,0
51.169117605882356,0,0
51.18382348823529,0,0
51.19852937058823,0,0
51.213235252941175,0,0
51.22794113529412,0,0
51.24264701764706,0,0
51.2573529,0,0
51.27205878235294,0,0
51.286764664705885,0,0
51.30147054705883,0,0
51.31617642941176,0,0
51.330882311764704,0,0
51.345588194117646,0,0
51.36029407647059,0,0
51.37499995882353,0,0
51.38970584117647,0,0
51.404411723529414,0,0
51.419117605882356,0,0
51.43382348823529,0,0
51.44852937058823,0,0
51.463235252941175,0,0
51.47794113529412,0,0
51.49264701764706,0,0
51.5073529,0,0
51.52205878235294,44,0
51.536764664705885,0,0
51.55147054705883,0,0
51.56617642941176,0,0
51.580882311764704,53,0
51.595588194117646,62,0
51.61029407647059,49,0
51.62499995882353,58,0
51.63970584117647,58,0
51.654411723529414,71,0
51.669117605882356,79,0
51.68382348823529,68,0
51.69852937058823,85,0
51.713235252941175,76,0
51.72794113529412,75,0
51.74264701764706,93,0
51.7573529,89,0
51.77205878235294,112,0
51.786764664705885,108,0
51.80147054705883,109,0
51.81617642941176,120,0
51.830882311764704,103,0
51.845588194117646,118,0
51.86029407647059,113,0
51.87499995882353,126,0
51.88970584117647,140,0
51.904411723529414,133,0
51.919117605882356,136,0
51.93382348823529,127,0
51.94852937058823,142,0
51.963235252941175,140,0
51.97794113529412,144,0
51.99264701764706,150,0
52.0073529,140,0
52.02205878235294,142,0
52.036764664705885,138,0
52.05147054705883,150,0
52.06617642941176,156,0
52.080882311764704,143,0
52.095588194117646,142,0
52.11029407647059,130,0
52.12499995882353,137,0
52.13970584117647,130,0
52.154411723529414,130,0
52.169117605882356,143,0
52.18382348823529,119,0
52.19852937058823,118,0
52.213235252941175,111,0
52.22794113529412,112,0
52.24264701764706,117,0
52.2573529,98,0
52.27205878235294,104,0
52.286764664705885,96,0
52.30147054705883,93,0
52.31617642941176,95,0
52.330882311764704,75,0
52.345588194117646,90,0
52.36029407647059,71,0
52.37499995882353,78,0
52.38970584117647,81,0
52.404411723529414,68,0
52.419117605882356,78,0
52.43382348823529,65,0
52.44852937058823,71,0
52.463235252941175,67,0
52.47794113529412,61,0
52.49264701764706,66,0
52.5073529,55,0
52.52205878235294,66,0
52.536764664705885,74,0
52.55147054705883,59,0
52.56617642941176,71,0
52.580882311764704,62,0
52.595588194117646,58,0
52.61029407647059,61,0
52.62499995882353,48,0
52.63970584117647,69,0
52.654411723529414,59,0
52.669117605882356,64,0
52.68382348823529,67,0
52.69852937058823,55,0
52.713235252941175,56,0
52.72794113529412,49,0
52.74264701764706,57,0
52.7573529,62,0
52.77205878235294,59,0
52.786764664705885,60,0
52.80147054705883,45,0
52.81617642941176,60,0
52.830882311764704,46,0
52.845588194117646,51,0
52.86029407647059,63,0
52.87499995882353,0,0
52.88970584117647,51,0
52.904411723529414,48,0
52.919117605882356,51,0
52.93382348823529,60,0
52.94852937058823,48,0
52.963235252941175,59,0
52.97794113529412,46,0
52.99264701764706,50,0
53.0073529,58,0
53.02205878235294,0,0
53.036764664705885,47,0
53.05147054705883,45,0
53.06617642941176,45,0
53.080882311764704,55,0
53.095588194117646,0,0
53.11029407647059,53,0
53.12499995882353,42,0
53.13970584117647,43,0
53.154411723529414,44,0
53.169117605882356,0,0
53.18382348823529,0,0
53.19852937058823,0,0
53.213235252941175,0,0
53.22794113529412,43,0
53.24264701764706,0,0
53.2573529,0,0
53.27205878235294,0,0
53.286764664705885,0,0
53.30147054705883,41,0
53.31617642941176,0,0
53.330882311764704,47,0
53.345588194117646,47,0
53.36029407647059,0,0
53.37499995882353,0,0
53.38970584117647,0,0
53.404411723529414,43,0
53.419117605882356,44,0
53.43382348823529,0,0
53.44852937058823,45,0
53.463235252941175,0,0
53.47794113529412,0,0
53.49264701764706,0,0
53.5073529,42,0
53.52205878235294,47,0
53.536764664705885,0,0
53.55147054705883,41,0
53.56617642941176,0,0
53.580882311764704,0,0
53.595588194117646,0,0
53.61029407647059,0,0
53.62499995882353,0,0
53.63970584117647,42,0
53.654411723529414,0,0
53.669117605882356,0,0
53.68382348823529,0,0
53.69852937058823,46,0
53.713235252941175,46,0
53.72794113529412,0,0
53.74264701764706,0,0
53.7573529,0,0
53.77205878235294,0,0
53.786764664705885,0,0
53.80147054705883,0,0
53.81617642941176,0,0
53.830882311764704,0,0
53.845588194117646,0,0
53.86029407647059,0,0
53.87499995882353,0,0
53.88970584117647,0,0
53.904411723529414,0,0
53.919117605882356,0,0
53.93382348823529,0,0
53.94852937058823,0,0
53.963235252941175,0,0
53.97794113529412,0,0
53.99264701764706,0,0
54.0073529,0,0
54.02205878235294,0,0
54.036764664705885,0,0
54.05147054705883,0,0
54.06617642941176,0,0
54.080882311764704,0,0
54.095588194117646,0,0
54.11029407647059,0,0
54.12499995882353,0,0
54.13970584117647,0,0
54.154411723529414,0,0
54.169117605882356,0,0
54.18382348823529,0,0
54.19852937058823,0,0
54.213235252941175,0,0
54.22794113529412,0,0
54.24264701764706,0,0
54.2573529,0,0
54.27205878235294,0,0
54.286764664705885,0,0
54.30147054705883,0,0
54.31617642941176,0,0
54.330882311764704,0,0
54.345588194117646,0,0
54.36029407647059,0,0
54.37499995882353,0,0
54.38970584117647,0,0
54.404411723529414,0,0
54.419117605882356,0,0
54.43382348823529,0,0
54.44852937058823,0,0
54.463235252941175,0,0
54.47794113529412,0,0
54.49264701764706,0,0
54.5073529,0,0
54.52205878235294,0,0
54.536764664705885,0,0
54.55147054705883,0,0
54.56617642941176,45,0
54.580882311764704,0,0
54.595588194117646,46,0
54.61029407647059,47,0
54.62499995882353,50,0
54.63970584117647,55,0
54.654411723529414,62,0
54.669117605882356,69,0
54.68382348823529,60,0
54.69852937058823,78,0
54.713235252941175,95,0
54.72794113529412,75,0
54.74264701764706,92,0
54.7573529,96,0
54.77205878235294,106,0
54.786764664705885,113,0
54.80147054705883,102,0
54.81617642941176,123,0
54.830882311764704,125,0
54.845588194117646,140,0
54.86029407647059,147,0
54.87499995882353,142,0
54.88970584117647,152,0
54.904411723529414,153,0
54.919117605882356,169,0
54.93382348823529,170,0
54.94852937058823,175,0
54.963235252941175,188,0
54.97794113529412,172,0
54.99264701764706,192,0
55.0073529,196,0
55.02205878235294,204,0
55.036764664705885,212,0
55.05147054705883,199,0
55.06617642941176,201,0
55.080882311764704,187,0
55.095588194117646,201,0
55.11029407647059,196,0
55.12499995882353,192,0
55.13970584117647,198,0
55.154411723529414,182,0
55.169117605882356,192,0
55.18382348823529,176,0
55.19852937058823,169,0
55.213235252941175,176,0
55.22794113529412,163,0
55.24264701764706,169,0
55.2573529,165,0
55.27205878235294,151,0
55.286764664705885,149,0
55.30147054705883,134,0
55.31617642941176,138,0
55.330882311764704,118,0
55.345588194117646,124,0
55.36029407647059,112,0
55.37499995882353,92,0
55.38970584117647,96,0
55.404411723529414,74,0
55.419117605882356,82,0
55.43382348823529,83,0
55.44852937058823,63,0
55.463235252941175,55,0
55.47794113529412,0,0
55.49264701764706,44,0
55.5073529,0,0
55.52205878235294,0,0
55.536764664705885,0,0
55.55147054705883,0,0
55.56617642941176,0,0
55.580882311764704,0,0
55.595588194117646,0,0
55.61029407647059,0,0
55.62499995882353,0,0
55.63970584117647,0,0
55.654411723529414,0,0
55.669117605882356,0,0
55.68382348823529,0,0
55.69852937058823,0,0
55.713235252941175,0,0
55.72794113529412,0,0
55.74264701764706,0,0
55.7573529,0,0
55.77205878235294,0,0
55.786764664705885,0,0
55.80147054705883,0,0
55.81617642941176,0,0
55.830882311764704,0,0
55.845588194117646,0,0
55.86029407647059,0,0
55.87499995882353,0,0
55.88970584117647,0,0
55.904411723529414,0,0
55.919117605882356,0,0
55.93382348823529,0,0
55.94852937058823,0,0
55.963235252941175,0,0
55.97794113529412,0,0
55.99264701764706,0,0
56.0073529,0,0
56.02205878235294,0,0
56.036764664705885,0,0
56.05147054705883,0,0
56.06617642941176,0,0
56.080882311764704,0,0
56.095588194117646,0,0
56.11029407647059,0,0
56.12499995882353,0,0
56.13970584117647,0,0
56.154411723529414,0,0
56.169117605882356,0,0
56.18382348823529,0,0
56.19852937058823,0,0
56.213235252941175,0,0
56.22794113529412,0,0
56.24264701764706,0,0
56.2573529,0,0
56.27205878235294,0,0
56.286764664705885,0,0
56.30147054705883,0,0
56.31617642941176,0,0
56.330882311764704,0,0
56.345588194117646,0,0
56.36029407647059,0,0
56.37499995882353,0,0
56.38970584117647,0,0
56.404411723529414,0,0
56.419117605882356,0,0
56.43382348823529,0,0
56.44852937058823,0,0
56.463235252941175,0,0
56.47794113529412,0,0
56.49264701764706,0,0
56.5073529,0,0
56.52205878235294,0,0
56.536764664705885,0,0
56.55147054705883,0,0
56.56617642941176,0,0
56.580882311764704,0,0
56.595588194117646,0,0
56.61029407647059,0,0
56.62499995882353,0,0
56.63970584117647,0,0
56.654411723529414,0,0
56.669117605882356,0,0
56.68382348823529,0,0
56.69852937058823,0,0
56.713235252941175,0,0
56.72794113529412,0,0
56.74264701764706,0,0
56.7573529,0,0
56.77205878235294,0,0
56.786764664705885,0,0
56.80147054705883,0,0
56.81617642941176,0,0
56.830882311764704,0,0
56.845588194117646,0,0
56.86029407647059,0,0
56.87499995882353,0,0
56.88970584117647,0,0
56.904411723529414,0,0
56.919117605882356,0,0
56.93382348823529,0,0
56.94852937058823,0,0
56.963235252941175,0,0
56.97794113529412,0,0
56.99264701764706,0,0
57.0073529,0,0
57.02205878235294,0,0
57.036764664705885,0,0
57.05147054705883,0,0
57.06617642941176,0,0
57.080882311764704,0,0
57.095588194117646,0,0
57.11029407647059,0,0
57.12499995882353,0,0
57.13970584117647,0,0
57.154411723529414,0,0
57.169117605882356,0,0
57.18382348823529,0,0
57.19852937058823,0,0
57.213235252941175,0,0
57.22794113529412,0,0
57.24264701764706,0,0
57.2573529,0,0
57.27205878235294,0,0
57.286764664705885,0,0
57.30147054705883,0,0
57.31617642941176,0,0
57.330882311764704,43,0
57.345588194117646,48,0
57.36029407647059,61,0
57.37499995882353,61,0
57.38970584117647,76,0
57.404411723529414,89,0
57.419117605882356,89,0
57.43382348823529,108,0
57.44852937058823,117,0
57.463235252941175,131,0
57.47794113529412,154,0
57.49264701764706,145,0
57.5073529,164,0
57.52205878235294,169,0
57.536764664705885,189,0
57.55147054705883,197,0
57.56617642941176,210,0
57.580882311764704,220,0
57.595588194117646,211,0
57.61029407647059,236,0
57.62499995882353,234,0
57.63970584117647,243,0
57.654411723529414,263,0
57.669117605882356,260,0
57.68382348823529,282,0
57.69852937058823,282,0
57.713235252941175,306,0
57.72794113529412,323,0
57.74264701764706,324,0
57.7573529,338,0
57.77205878235294,338,0
57.786764664705885,369,0
57.80147054705883,383,0
57.81617642941176,393,0
57.830882311764704,422,0
57.845588194117646,420,0
57.86029407647059,461,0
57.87499995882353,469,0
57.88970584117647,482,0
57.904411723529414,495,0
57.919117605882356,496,0
57.93382348823529,511,0
57.94852937058823,502,0
57.963235252941175,517,0
57.97794113529412,525,0
57.99264701764706,518,0
58.0073529,520,0
58.02205878235294,511,0
58.036764664705885,517,0
58.05147054705883,512,0
58.06617642941176,503,0
58.080882311764704,510,0
58.095588194117646,493,0
58.11029407647059,486,0
58.12499995882353,482,0
58.13970584117647,470,0
58.154411723529414,472,0
58.169117605882356,448,0
58.18382348823529,446,0
58.19852937058823,438,0
58.213235252941175,442,0
58.22794113529412,427,0
58.24264701764706,402,0
58.2573529,413,0
58.27205878235294,404,0
58.286764664705885,399,0
58.30147054705883,394,0
58.31617642941176,370,0
58.330882311764704,369,0
58.345588194117646,349,0
58.36029407647059,351,0
58.37499995882353,329,0
58.38970584117647,326,0
58.404411723529414,318,0
58.419117605882356,298,0
58.43382348823529,302,0
58.44852937058823,285,0
58.463235252941175,277,0
58.47794113529412,265,0
58.49264701764706,242,0
58.5073529,245,0
58.52205878235294,228,0
58.536764664705885,232,0
58.55147054705883,226,0
58.56617642941176,202,0
58.580882311764704,202,0
58.595588194117646,171,0
58.61029407647059,172,0
58.62499995882353,145,0
58.63970584117647,142,0
58.654411723529414,138,0
58.669117605882356,119,0
58.68382348823529,118,0
58.69852937058823,101,0
58.713235252941175,96,0
58.72794113529412,90,0
58.74264701764706,73,0
58.7573529,75,0
58.77205878235294,57,0
58.786764664705885,57,0
58.80147054705883,56,0
58.81617642941176,47,0
58.830882311764704,49,0
58.845588194117646,0,0
58.86029407647059,0,0
58.87499995882353,0,0
58.88970584117647,0,0
58.904411723529414,0,0
58.919117605882356,0,0
58.93382348823529,0,0
58.94852937058823,0,0
58.963235252941175,0,0
58.97794113529412,0,0
58.99264701764706,0,0
59.0073529,0,0
59.02205878235294,0,0
59.036764664705885,0,0
59.05147054705883,0,0
59.06617642941176,0,0
59.080882311764704,0,0
59.095588194117646,0,0
59.11029407647059,0,0
59.12499995882353,0,0
59.13970584117647,0,0
59.154411723529414,0,0
59.169117605882356,0,0
59.18382348823529,0,0
59.19852937058823,0,0
59.213235252941175,0,0
59.22794113529412,0,0
59.24264701764706,0,0
59.2573529,0,0
59.27205878235294,0,0
59.286764664705885,0,0
59.30147054705883,0,0
59.31617642941176,0,0
59.330882311764704,0,0
59.345588194117646,0,0
59.36029407647059,0,0
59.37499995882353,0,0
59.38970584117647,0,0
59.404411723529414,0,0
59.419117605882356,0,0
59.43382348823529,0,0
59.44852937058823,0,0
59.463235252941175,0,0
59.47794113529412,0,0
59.49264701764706,0,0
59.5073529,0,0
59.52205878235294,0,0
59.536764664705885,0,0
59.55147054705883,0,0
59.56617642941176,0,0
59.580882311764704,0,0
59.595588194117646,0,0
59.61029407647059,0,0
59.62499995882353,0,0
59.63970584117647,0,0
59.654411723529414,0,0
59.669117605882356,0,0
59.68382348823529,0,0
59.69852937058823,0,0
59.713235252941175,0,0
59.72794113529412,59,0
59.74264701764706,53,0
59.7573529,72,0
59.77205878235294,76,0
59.786764664705885,84,0
59.80147054705883,105,0
59.81617642941176,99,0
59.830882311764704,126,0
59.845588194117646,140,0
59.86029407647059,156,0
59.87499995882353,174,0
59.88970584117647,192,0
59.904411723529414,218,0
59.919117605882356,237,0
59.93382348823529,256,0
59.94852937058823,286,0
59.963235252941175,297,0
59.97794113529412,334,0
59.99264701764706,351,0
60.0073529,388,0
60.02205878235294,402,0
60.036764664705885,420,0
60.05147054705883,465,0
60.06617642941176,477,0
60.080882311764704,524,0
60.095588194117646,549,0
60.11029407647059,574,0
60.12499995882353,605,0
60.13970584117647,632,0
60.154411723529414,679,0
60.169117605882356,706,0
60.18382348823529,717,0
60.19852937058823,737,0
60.213235252941175,723,0
60.22794113529412,718,0
60.24264701764706,696,0
60.2573529,650,0
60.27205878235294,623,0
60.286764664705885,551,0
60.30147054705883,511,0
60.31617642941176,440,0
60.330882311764704,408,0
60.345588194117646,350,0
60.36029407647059,316,0
60.37499995882353,281,0
60.38970584117647,238,0
60.404411723529414,218,0
60.419117605882356,194,0
60.43382348823529,174,0
60.44852937058823,158,0
60.463235252941175,130,0
60.47794113529412,120,0
60.49264701764706,96,0
60.5073529,90,0
60.52205878235294,98,0
60.536764664705885,74,0
60.55147054705883,65,0
60.56617642941176,52,0
60.580882311764704,56,0
60.595588194117646,0,0
60.61029407647059,44,0
60.62499995882353,43,0
60.63970584117647,0,0
60.654411723529414,0,0
60.669117605882356,0,0
60.68382348823529,0,0
60.69852937058823,0,0
60.713235252941175,0,0
60.72794113529412,0,0
60.74264701764706,0,0
60.7573529,0,0
60.77205878235294,0,0
60.786764664705885,0,0
60.80147054705883,0,0
60.81617642941176,0,0
60.830882311764704,0,0
60.845588194117646,0,0
60.86029407647059,0,0
60.87499995882353,0,0
60.88970584117647,0,0
60.904411723529414,0,0
60.919117605882356,0,0
60.93382348823529,0,0
60.94852937058823,0,0
60.963235252941175,0,0
60.97794113529412,0,0
60.99264701764706,0,0
61.0073529,0,0
61.02205878235294,0,0
61.036764664705885,0,0
61.05147054705883,0,0
61.06617642941176,0,0
61.080882311764704,0,0
61.095588194117646,0,0
61.11029407647059,0,0
61.12499995882353,0,0
61.13970584117647,0,0
61.154411723529414,0,0
61.169117605882356,0,0
61.18382348823529,0,0
61.19852937058823,0,0
61.213235252941175,0,0
61.22794113529412,0,0
61.24264701764706,0,0
61.2573529,0,0
61.27205878235294,0,0
61.286764664705885,0,0
61.30147054705883,0,0
61.31617642941176,0,0
61.330882311764704,0,0
61.345588194117646,0,0
61.36029407647059,0,0
61.37499995882353,0,0
61.38970584117647,0,0
61.404411723529414,0,0
61.419117605882356,0,0
61.43382348823529,0,0
61.44852937058823,0,0
61.463235252941175,0,0
61.47794113529412,0,0
61.49264701764706,0,0
61.5073529,0,0
61.52205878235294,0,0
61.536764664705885,0,0
61.55147054705883,0,0
61.56617642941176,0,0
61.580882311764704,0,0
61.595588194117646,0,0
61.61029407647059,0,0
61.62499995882353,0,0
61.63970584117647,0,0
61.654411723529414,0,0
61.669117605882356,0,0
61.68382348823529,0,0
61.69852937058823,0,0
61.713235252941175,0,0
61.72794113529412,0,0
61.74264701764706,0,0
61.7573529,0,0
61.77205878235294,0,0
61.786764664705885,0,0
61.80147054705883,0,0
61.81617642941176,0,0
61.830882311764704,0,0
61.845588194117646,0,0
61.86029407647059,0,0
61.87499995882353,0,0
61.88970584117647,0,0
61.904411723529414,0,0
61.919117605882356,0,0
61.93382348823529,0,0
61.94852937058823,0,0
61.963235252941175,0,0
61.97794113529412,0,0
61.99264701764706,0,0
62.0073529,0,0
62.02205878235294,0,0
62.036764664705885,0,0
62.05147054705883,0,0
62.06617642941176,0,0
62.080882311764704,0,0
62.095588194117646,0,0
62.11029407647059,0,0
62.12499995882353,0,0
62.13970584117647,0,0
62.154411723529414,0,0
62.169117605882356,0,0
62.18382348823529,0,0
62.19852937058823,0,0
62.213235252941175,0,0
62.22794113529412,0,0
62.24264701764706,0,0
62.2573529,0,0
62.27205878235294,0,0
62.286764664705885,0,0
62.30147054705883,0,0
62.31617642941176,0,0
62.330882311764704,0,0
62.345588194117646,0,0
62.36029407647059,0,0
62.37499995882353,0,0
62.38970584117647,0,0
62.404411723529414,0,0
62.419117605882356,0,0
62.43382348823529,0,0
62.44852937058823,0,0
62.463235252941175,0,0
62.47794113529412,0,0
62.49264701764706,0,0
62.5073529,0,0
62.52205878235294,0,0
62.536764664705885,0,0
62.55147054705883,0,0
62.56617642941176,0,0
62.580882311764704,0,0
62.595588194117646,0,0
62.61029407647059,0,0
62.62499995882353,0,0
62.63970584117647,0,0
62.654411723529414,0,0
62.669117605882356,0,0
62.68382348823529,0,0
62.69852937058823,0,0
62.713235252941175,0,0
62.72794113529412,0,0
62.74264701764706,0,0
62.7573529,0,0
62.77205878235294,0,0
62.786764664705885,0,0
62.80147054705883,0,0
62.81617642941176,0,0
62.830882311764704,0,0
62.845588194117646,0,0
62.86029407647059,0,0
62.87499995882353,0,0
62.88970584117647,0,0
62.904411723529414,0,0
62.919117605882356,0,0
62.93382348823529,0,0
62.94852937058823,0,0
62.963235252941175,0,0
62.97794113529412,0,0
62.99264701764706,0,0
63.0073529,0,0
63.02205878235294,0,0
63.036764664705885,0,0
63.05147054705883,0,0
63.06617642941176,0,0
63.080882311764704,0,0
63.095588194117646,0,0
63.11029407647059,0,0
63.12499995882353,0,0
63.13970584117647,0,0
63.154411723529414,0,0
63.169117605882356,0,0
63.18382348823529,0,0
63.19852937058823,0,0
63.213235252941175,0,0
63.22794113529412,0,0
63.24264701764706,0,0
63.2573529,0,0
63.27205878235294,0,0
63.286764664705885,0,0
63.30147054705883,0,0
63.31617642941176,0,0
63.330882311764704,0,0
63.345588194117646,0,0
63.36029407647059,0,0
63.37499995882353,0,0
63.38970584117647,0,0
63.404411723529414,0,0
63.419117605882356,0,0
63.43382348823529,0,0
63.44852937058823,0,0
63.463235252941175,0,0
63.47794113529412,0,0
63.49264701764706,0,0
63.5073529,0,0
63.52205878235294,0,0
63.536764664705885,0,0
63.55147054705883,0,0
63.56617642941176,0,0
63.580882311764704,0,0
63.595588194117646,0,0
63.61029407647059,0,0
63.62499995882353,0,0
63.63970584117647,0,0
63.654411723529414,0,0
63.669117605882356,0,0
