Time (seconds), Duration (seconds),pred_unlabelled,pred_Dry,pred_Wet,pred_Touch
0.00735,0.48529,0.05391,0.00018,0.94557,0.00035
0.11029,0.48529,0.05358,0.00018,0.94586,0.00037
0.21324,0.48529,0.05625,0.00018,0.94321,0.00035
0.31618,0.48529,0.06127,0.00028,0.93792,0.00052
0.41912,0.48529,0.05889,0.00022,0.94042,0.00046
0.52206,0.48529,0.05716,0.00022,0.94215,0.00047
0.62500,0.48529,0.05890,0.00024,0.94034,0.00052
0.72794,0.48529,0.05875,0.00021,0.94059,0.00045
0.83088,0.48529,0.05512,0.00020,0.94428,0.00040
0.93382,0.48529,0.05298,0.00017,0.94653,0.00032
1.03676,0.48529,0.05265,0.00019,0.94680,0.00036
1.13971,0.48529,0.05778,0.00023,0.94155,0.00045
1.24265,0.48529,0.05856,0.00024,0.94066,0.00054
1.34559,0.48529,0.05902,0.00022,0.94029,0.00048
1.44853,0.48529,0.05716,0.00020,0.94219,0.00046
1.55147,0.48529,0.05932,0.00021,0.94000,0.00047
1.65441,0.48529,0.05650,0.00022,0.94289,0.00040
1.75735,0.48529,0.05078,0.00015,0.94874,0.00033
1.86029,0.48529,0.05575,0.00020,0.94367,0.00038
1.96324,0.48529,0.05663,0.00022,0.94276,0.00039
2.06618,0.48529,0.05925,0.00024,0.94003,0.00048
2.16912,0.48529,0.05914,0.00022,0.94018,0.00046
2.27206,0.48529,0.06025,0.00023,0.93897,0.00055
2.37500,0.48529,0.05814,0.00022,0.94117,0.00048
2.47794,0.48529,0.05484,0.00018,0.94459,0.00039
2.58088,0.48529,0.05791,0.00020,0.94153,0.00036
2.68382,0.48529,0.05822,0.00023,0.94114,0.00041
2.78676,0.48529,0.05392,0.00019,0.94552,0.00037
2.88971,0.48529,0.05688,0.00023,0.94244,0.00046
2.99265,0.48529,0.05883,0.00023,0.94047,0.00048
3.09559,0.48529,0.06167,0.00024,0.93758,0.00051
3.19853,0.48529,0.05832,0.00021,0.94101,0.00045
3.30147,0.48529,0.05583,0.00020,0.94355,0.00042
3.40441,0.48529,0.05762,0.00022,0.94177,0.00039
3.50735,0.48529,0.05382,0.00018,0.94565,0.00036
3.61029,0.48529,0.05458,0.00019,0.94488,0.00035
3.71324,0.48529,0.06302,0.00027,0.93620,0.00051
3.81618,0.48529,0.05977,0.00024,0.93954,0.00045
3.91912,0.48529,0.05994,0.00025,0.93930,0.00052
4.02206,0.48529,0.05977,0.00022,0.93953,0.00048
4.12500,0.48529,0.06148,0.00023,0.93782,0.00047
4.22794,0.48529,0.05427,0.00019,0.94518,0.00037
4.33088,0.48529,0.05215,0.00016,0.94735,0.00034
4.43382,0.48529,0.05750,0.00023,0.94186,0.00041
4.53676,0.48529,0.05703,0.00021,0.94233,0.00043
4.63971,0.48529,0.05513,0.00020,0.94428,0.00040
4.74265,0.48529,0.05855,0.00024,0.94073,0.00049
4.84559,0.48529,0.06400,0.00025,0.93525,0.00050
4.94853,0.48529,0.05884,0.00022,0.94041,0.00053
5.05147,0.48529,0.05741,0.00020,0.94195,0.00045
5.15441,0.48529,0.05705,0.00022,0.94228,0.00045
5.25735,0.48529,0.05259,0.00017,0.94690,0.00034
5.36029,0.48529,0.05147,0.00016,0.94805,0.00032
5.46324,0.48529,0.05707,0.00022,0.94231,0.00041
5.56618,0.48529,0.06257,0.00025,0.93670,0.00048
5.66912,0.48529,0.05896,0.00023,0.94034,0.00047
5.77206,0.48529,0.05519,0.00020,0.94418,0.00043
5.87500,0.48529,0.05699,0.00020,0.94237,0.00045
5.97794,0.48529,0.05824,0.00022,0.94110,0.00044
6.08088,0.48529,0.05572,0.00019,0.94369,0.00040
6.18382,0.48529,0.05149,0.00017,0.94800,0.00034
6.28676,0.48529,0.05292,0.00018,0.94655,0.00035
6.38971,0.48529,0.06054,0.00023,0.93880,0.00044
6.49265,0.48529,0.05680,0.00021,0.94256,0.00043
6.59559,0.48529,0.05524,0.00022,0.94411,0.00043
6.69853,0.48529,0.05877,0.00023,0.94052,0.00048
6.80147,0.48529,0.05622,0.00021,0.94308,0.00049
6.90441,0.48529,0.05561,0.00021,0.94376,0.00042
7.00735,0.48529,0.05656,0.00020,0.94288,0.00036
7.11029,0.48529,0.05864,0.00024,0.94063,0.00049
7.21324,0.48529,0.05753,0.00020,0.94189,0.00038
7.31618,0.48529,0.05612,0.00022,0.94322,0.00044
7.41912,0.48529,0.05738,0.00021,0.94196,0.00045
7.52206,0.48529,0.06035,0.00024,0.93890,0.00052
7.62500,0.48529,0.05798,0.00021,0.94136,0.00045
7.72794,0.48529,0.05374,0.00018,0.94568,0.00040
7.83088,0.48529,0.05743,0.00020,0.94198,0.00039
7.93382,0.48529,0.05855,0.00022,0.94078,0.00044
8.03677,0.48529,0.05229,0.00017,0.94723,0.00031
8.13971,0.48529,0.05147,0.00019,0.94796,0.00038
8.24265,0.48529,0.06254,0.00025,0.93672,0.00048
8.34559,0.48529,0.06044,0.00024,0.93878,0.00054
8.44853,0.48529,0.05888,0.00021,0.94045,0.00045
8.55147,0.48529,0.06038,0.00023,0.93885,0.00054
8.65441,0.48529,0.05641,0.00020,0.94298,0.00041
8.75735,0.48529,0.05821,0.00021,0.94118,0.00040
8.86029,0.48529,0.05280,0.00017,0.94669,0.00033
8.96323,0.48529,0.05737,0.00021,0.94202,0.00039
9.06618,0.48529,0.05603,0.00020,0.94336,0.00041
9.16912,0.48529,0.05976,0.00023,0.93955,0.00046
9.27206,0.48529,0.06347,0.00027,0.93569,0.00057
9.37500,0.48529,0.05668,0.00020,0.94265,0.00047
9.47794,0.48529,0.05511,0.00020,0.94424,0.00045
9.58088,0.48529,0.05633,0.00019,0.94309,0.00038
9.68382,0.48529,0.05650,0.00021,0.94289,0.00040
9.78677,0.48529,0.05880,0.00021,0.94059,0.00040
9.88971,0.48529,0.05656,0.00020,0.94283,0.00041
9.99265,0.48529,0.05632,0.00021,0.94301,0.00045
10.09559,0.48529,0.05763,0.00021,0.94170,0.00046
10.19853,0.48529,0.06013,0.00023,0.93911,0.00053
10.30147,0.48529,0.05691,0.00019,0.94245,0.00046
10.40441,0.48529,0.05670,0.00019,0.94267,0.00043
10.50735,0.48529,0.05420,0.00020,0.94520,0.00039
10.61029,0.48529,0.05151,0.00016,0.94801,0.00032
10.71323,0.48529,0.05811,0.00021,0.94126,0.00042
10.81618,0.48529,0.05727,0.00021,0.94211,0.00041
10.91912,0.48529,0.05565,0.00022,0.94368,0.00044
11.02206,0.48529,0.05905,0.00023,0.94023,0.00049
11.12500,0.48529,0.05562,0.00018,0.94380,0.00040
11.22794,0.48529,0.05716,0.00021,0.94221,0.00042
11.33088,0.48529,0.05495,0.00020,0.94444,0.00041
11.43382,0.48529,0.05376,0.00018,0.94572,0.00035
11.53677,0.48529,0.05725,0.00022,0.94213,0.00040
11.63971,0.48529,0.05938,0.00022,0.94000,0.00040
11.74265,0.48529,0.05510,0.00019,0.94430,0.00041
11.84559,0.48529,0.05725,0.00022,0.94206,0.00047
11.94853,0.48529,0.06362,0.00027,0.93555,0.00056
12.05147,0.48529,0.06003,0.00021,0.93928,0.00047
12.15441,0.48529,0.05331,0.00018,0.94611,0.00040
12.25735,0.48529,0.05677,0.00020,0.94265,0.00038
12.36029,0.48529,0.05389,0.00018,0.94560,0.00033
12.46323,0.48529,0.05552,0.00020,0.94388,0.00039
12.56618,0.48529,0.05786,0.00022,0.94149,0.00042
12.66912,0.48529,0.05791,0.00024,0.94136,0.00049
12.77206,0.48529,0.06007,0.00022,0.93925,0.00045
12.87500,0.48529,0.05655,0.00020,0.94281,0.00044
12.97794,0.48529,0.05485,0.00019,0.94453,0.00043
13.08088,0.48529,0.05624,0.00021,0.94311,0.00044
13.18382,0.48529,0.05621,0.00020,0.94320,0.00039
13.28677,0.48529,0.05744,0.00021,0.94196,0.00039
13.38971,0.48529,0.05527,0.00021,0.94408,0.00044
13.49265,0.48529,0.05584,0.00019,0.94358,0.00039
13.59559,0.48529,0.06209,0.00028,0.93706,0.00057
13.69853,0.48529,0.05988,0.00022,0.93938,0.00051
13.80147,0.48529,0.05282,0.00017,0.94665,0.00037
13.90441,0.48529,0.05563,0.00019,0.94376,0.00042
14.00735,0.48529,0.05965,0.00018,0.93976,0.00041
14.11029,0.48529,0.05642,0.00020,0.94300,0.00037
14.21323,0.48529,0.05526,0.00019,0.94419,0.00036
14.31618,0.48529,0.05560,0.00020,0.94383,0.00037
14.41912,0.48529,0.05774,0.00023,0.94157,0.00045
14.52206,0.48529,0.06174,0.00024,0.93753,0.00049
14.62500,0.48529,0.05436,0.00021,0.94496,0.00047
14.72794,0.48529,0.05671,0.00019,0.94265,0.00045
14.83088,0.48529,0.05497,0.00019,0.94441,0.00043
14.93382,0.48529,0.05508,0.00019,0.94437,0.00036
15.03677,0.48529,0.05491,0.00021,0.94449,0.00040
15.13971,0.48529,0.05652,0.00019,0.94292,0.00037
15.24265,0.48529,0.05758,0.00021,0.94177,0.00043
15.34559,0.48529,0.05984,0.00024,0.93944,0.00048
15.44853,0.48529,0.05939,0.00023,0.93990,0.00048
15.55147,0.48529,0.05819,0.00024,0.94103,0.00054
15.65441,0.48529,0.05719,0.00021,0.94216,0.00044
15.75735,0.48529,0.05694,0.00022,0.94241,0.00044
15.86029,0.48529,0.05564,0.00017,0.94386,0.00034
15.96323,0.48530,0.05795,0.00022,0.94142,0.00041
16.06618,0.48529,0.05896,0.00020,0.94045,0.00039
16.16912,0.48529,0.05888,0.00024,0.94038,0.00051
16.27206,0.48529,0.06070,0.00025,0.93857,0.00049
16.37500,0.48529,0.05491,0.00020,0.94446,0.00043
16.47794,0.48529,0.05643,0.00019,0.94293,0.00045
16.58088,0.48529,0.05648,0.00021,0.94285,0.00046
16.68382,0.48529,0.05924,0.00022,0.94016,0.00038
16.78676,0.48529,0.05255,0.00018,0.94689,0.00038
16.88971,0.48529,0.05817,0.00018,0.94129,0.00036
16.99265,0.48529,0.05411,0.00022,0.94523,0.00045
17.09559,0.48529,0.05813,0.00023,0.94120,0.00045
17.19853,0.48529,0.06088,0.00026,0.93827,0.00059
17.30147,0.48529,0.06114,0.00023,0.93812,0.00051
17.40441,0.48529,0.05654,0.00018,0.94282,0.00045
17.50735,0.48529,0.05587,0.00018,0.94359,0.00037
17.61029,0.48529,0.05796,0.00021,0.94142,0.00040
17.71324,0.48529,0.05294,0.00016,0.94656,0.00034
17.81618,0.48529,0.05374,0.00019,0.94570,0.00037
17.91912,0.48529,0.05694,0.00024,0.94236,0.00046
18.02206,0.48529,0.06033,0.00023,0.93894,0.00050
18.12500,0.48529,0.05810,0.00022,0.94121,0.00048
18.22794,0.48529,0.05841,0.00022,0.94086,0.00050
18.33088,0.48529,0.05603,0.00020,0.94336,0.00042
18.43382,0.48529,0.05386,0.00018,0.94558,0.00038
18.53676,0.48529,0.05317,0.00018,0.94631,0.00034
18.63971,0.48529,0.05785,0.00022,0.94153,0.00040
18.74265,0.48529,0.05782,0.00021,0.94160,0.00038
18.84559,0.48529,0.05816,0.00024,0.94113,0.00047
18.94853,0.48529,0.06188,0.00024,0.93741,0.00048
19.05147,0.48529,0.05790,0.00023,0.94139,0.00049
19.15441,0.48529,0.05686,0.00020,0.94247,0.00047
19.25735,0.48529,0.05501,0.00020,0.94439,0.00040
19.36029,0.48529,0.05674,0.00021,0.94263,0.00042
19.46324,0.48529,0.05596,0.00019,0.94346,0.00039
19.56618,0.48529,0.05566,0.00021,0.94372,0.00041
19.66912,0.48529,0.05940,0.00024,0.93991,0.00045
19.77206,0.48529,0.05851,0.00021,0.94086,0.00042
19.87500,0.48529,0.06075,0.00024,0.93850,0.00051
19.97794,0.48529,0.05777,0.00024,0.94148,0.00052
20.08088,0.48529,0.05847,0.00022,0.94085,0.00046
20.18382,0.48529,0.05569,0.00020,0.94374,0.00037
20.28676,0.48529,0.05225,0.00016,0.94727,0.00031
20.38971,0.48529,0.05583,0.00022,0.94352,0.00043
20.49265,0.48529,0.05921,0.00022,0.94015,0.00041
20.59559,0.48529,0.05761,0.00022,0.94172,0.00046
20.69853,0.48529,0.05777,0.00020,0.94159,0.00044
20.80147,0.48529,0.06280,0.00027,0.93637,0.00056
20.90441,0.48529,0.05775,0.00020,0.94161,0.00044
21.00735,0.48529,0.05816,0.00023,0.94115,0.00046
21.11029,0.48529,0.05750,0.00022,0.94188,0.00040
21.21324,0.48529,0.05048,0.00016,0.94903,0.00034
21.31618,0.48529,0.05826,0.00019,0.94115,0.00040
21.41912,0.48529,0.05543,0.00021,0.94394,0.00042
21.52206,0.48529,0.06026,0.00024,0.93900,0.00049
21.62500,0.48529,0.05888,0.00023,0.94033,0.00056
21.72794,0.48529,0.05759,0.00020,0.94175,0.00045
21.83088,0.48529,0.05551,0.00018,0.94389,0.00042
21.93382,0.48529,0.06055,0.00021,0.93881,0.00043
22.03676,0.48529,0.05757,0.00021,0.94185,0.00038
22.13971,0.48529,0.05241,0.00015,0.94714,0.00029
22.24265,0.48529,0.05377,0.00021,0.94558,0.00044
22.34559,0.48529,0.05872,0.00023,0.94060,0.00046
22.44853,0.48529,0.05694,0.00025,0.94230,0.00051
22.55147,0.48529,0.05533,0.00019,0.94405,0.00043
22.65441,0.48529,0.05636,0.00020,0.94297,0.00046
22.75735,0.48529,0.05953,0.00020,0.93984,0.00043
22.86029,0.48529,0.05467,0.00020,0.94471,0.00042
22.96324,0.48529,0.05723,0.00019,0.94223,0.00035
23.06618,0.48529,0.05781,0.00022,0.94154,0.00043
23.16912,0.48529,0.05906,0.00020,0.94033,0.00041
23.27206,0.48529,0.05833,0.00024,0.94095,0.00048
23.37500,0.48529,0.05596,0.00020,0.94343,0.00042
23.47794,0.48529,0.05849,0.00022,0.94078,0.00051
23.58088,0.48529,0.05700,0.00019,0.94238,0.00043
23.68382,0.48529,0.05627,0.00022,0.94309,0.00043
23.78676,0.48529,0.05590,0.00019,0.94354,0.00038
23.88971,0.48529,0.05352,0.00017,0.94596,0.00035
23.99265,0.48529,0.05464,0.00020,0.94475,0.00040
24.09559,0.48529,0.05993,0.00023,0.93939,0.00045
24.19853,0.48529,0.05747,0.00020,0.94191,0.00042
24.30147,0.48529,0.05967,0.00022,0.93960,0.00051
24.40441,0.48529,0.05682,0.00021,0.94246,0.00051
24.50735,0.48529,0.05651,0.00020,0.94288,0.00041
24.61029,0.48529,0.05811,0.00025,0.94118,0.00046
24.71324,0.48529,0.05403,0.00018,0.94546,0.00034
24.81618,0.48529,0.05683,0.00021,0.94257,0.00040
24.91912,0.48529,0.05884,0.00022,0.94049,0.00045
25.02206,0.48529,0.05862,0.00023,0.94067,0.00048
25.12500,0.48529,0.06074,0.00025,0.93855,0.00046
25.22794,0.48529,0.05648,0.00020,0.94288,0.00044
25.33088,0.48529,0.05790,0.00020,0.94147,0.00043
25.43382,0.48529,0.05912,0.00024,0.94015,0.00050
25.53676,0.48529,0.05524,0.00018,0.94425,0.00034
25.63971,0.48529,0.05269,0.00018,0.94674,0.00038
25.74265,0.48529,0.05872,0.00023,0.94061,0.00043
25.84559,0.48529,0.05633,0.00022,0.94300,0.00045
25.94853,0.48529,0.05733,0.00021,0.94203,0.00043
26.05147,0.48529,0.06166,0.00022,0.93764,0.00048
26.15441,0.48529,0.05767,0.00021,0.94165,0.00047
26.25735,0.48529,0.05494,0.00020,0.94444,0.00043
26.36029,0.48529,0.06024,0.00021,0.93912,0.00042
26.46324,0.48529,0.05610,0.00021,0.94329,0.00040
26.56618,0.48529,0.05781,0.00021,0.94159,0.00039
26.66912,0.48529,0.05664,0.00023,0.94268,0.00045
26.77206,0.48529,0.06036,0.00026,0.93888,0.00050
26.87500,0.48529,0.05794,0.00021,0.94136,0.00049
26.97794,0.48529,0.05283,0.00017,0.94661,0.00039
27.08088,0.48529,0.05881,0.00020,0.94053,0.00046
27.18382,0.48529,0.05682,0.00019,0.94258,0.00041
27.28676,0.48529,0.05058,0.00017,0.94891,0.00034
27.38971,0.48529,0.05411,0.00018,0.94537,0.00034
27.49265,0.48529,0.05252,0.00018,0.94695,0.00035
27.59559,0.48529,0.06303,0.00028,0.93618,0.00052
27.69853,0.48529,0.05889,0.00025,0.94038,0.00049
27.80147,0.48529,0.05432,0.00019,0.94506,0.00042
27.90441,0.48529,0.05726,0.00022,0.94204,0.00048
28.00735,0.48529,0.05788,0.00020,0.94150,0.00041
28.11029,0.48529,0.05274,0.00018,0.94671,0.00037
28.21324,0.48529,0.05818,0.00021,0.94122,0.00039
28.31618,0.48529,0.05287,0.00018,0.94658,0.00037
28.41912,0.48529,0.05730,0.00023,0.94203,0.00044
28.52206,0.48529,0.05928,0.00024,0.94000,0.00047
28.62500,0.48529,0.05879,0.00021,0.94055,0.00045
28.72794,0.48529,0.06046,0.00023,0.93879,0.00052
28.83088,0.48529,0.05543,0.00020,0.94390,0.00046
28.93382,0.48529,0.05625,0.00019,0.94316,0.00040
29.03676,0.48529,0.05353,0.00018,0.94592,0.00037
29.13971,0.48529,0.05326,0.00017,0.94621,0.00036
29.24265,0.48529,0.05732,0.00022,0.94204,0.00041
29.34559,0.48529,0.05876,0.00022,0.94058,0.00044
29.44853,0.48529,0.05719,0.00022,0.94212,0.00047
29.55147,0.48529,0.05547,0.00022,0.94385,0.00046
29.65441,0.48529,0.05728,0.00018,0.94213,0.00042
29.75735,0.48529,0.05586,0.00020,0.94349,0.00045
29.86029,0.48529,0.05665,0.00019,0.94272,0.00044
29.96324,0.48529,0.05736,0.00021,0.94202,0.00042
30.06618,0.48529,0.05646,0.00021,0.94295,0.00039
30.16912,0.48529,0.05504,0.00018,0.94442,0.00036
30.27206,0.48529,0.05792,0.00023,0.94139,0.00046
30.37500,0.48529,0.05658,0.00021,0.94278,0.00044
30.47794,0.48529,0.05637,0.00020,0.94298,0.00045
30.58088,0.48529,0.05715,0.00020,0.94220,0.00045
30.68382,0.48529,0.05695,0.00020,0.94243,0.00041
30.78676,0.48529,0.05379,0.00018,0.94565,0.00037
30.88971,0.48529,0.05404,0.00018,0.94540,0.00038
30.99265,0.48529,0.05942,0.00022,0.93997,0.00039
31.09559,0.48529,0.05799,0.00022,0.94135,0.00044
31.19853,0.48529,0.06004,0.00024,0.93924,0.00047
31.30147,0.48529,0.06026,0.00026,0.93892,0.00056
31.40441,0.48529,0.05468,0.00018,0.94473,0.00042
31.50735,0.48529,0.05971,0.00020,0.93966,0.00044
31.61029,0.48529,0.05620,0.00020,0.94316,0.00044
31.71324,0.48529,0.05440,0.00018,0.94508,0.00034
31.81618,0.48529,0.05297,0.00019,0.94646,0.00039
31.91912,0.48529,0.05871,0.00021,0.94068,0.00039
32.02206,0.48529,0.05961,0.00026,0.93964,0.00049
32.12500,0.48529,0.05748,0.00022,0.94184,0.00046
32.22794,0.48529,0.05680,0.00020,0.94254,0.00046
32.33088,0.48529,0.05951,0.00021,0.93979,0.00049
32.43382,0.48529,0.06140,0.00023,0.93786,0.00051
32.53677,0.48529,0.05480,0.00019,0.94464,0.00038
32.63971,0.48529,0.05409,0.00020,0.94533,0.00039
32.74265,0.48529,0.05624,0.00020,0.94314,0.00042
32.84559,0.48529,0.05756,0.00020,0.94186,0.00038
32.94853,0.48529,0.06075,0.00026,0.93850,0.00049
33.05147,0.48529,0.06150,0.00024,0.93778,0.00048
33.15441,0.48529,0.06058,0.00025,0.93864,0.00053
33.25735,0.48529,0.05943,0.00021,0.93985,0.00051
33.36029,0.48529,0.05294,0.00018,0.94649,0.00040
33.46323,0.48529,0.05624,0.00019,0.94321,0.00036
33.56618,0.48529,0.05247,0.00017,0.94701,0.00035
33.66912,0.48529,0.05543,0.00018,0.94402,0.00037
33.77206,0.48529,0.05983,0.00025,0.93945,0.00048
33.87500,0.48529,0.05885,0.00023,0.94043,0.00049
33.97794,0.48529,0.05902,0.00022,0.94030,0.00046
34.08088,0.48529,0.05520,0.00020,0.94416,0.00044
34.18382,0.48529,0.05779,0.00020,0.94153,0.00048
34.28677,0.48529,0.05652,0.00022,0.94284,0.00042
34.38971,0.48529,0.05483,0.00019,0.94462,0.00037
34.49265,0.48529,0.05393,0.00019,0.94549,0.00039
34.59559,0.48529,0.05213,0.00017,0.94734,0.00036
34.69853,0.48529,0.05962,0.00023,0.93969,0.00046
34.80147,0.48529,0.05975,0.00025,0.93950,0.00050
34.90441,0.48529,0.05838,0.00020,0.94098,0.00044
35.00735,0.48529,0.05534,0.00021,0.94399,0.00047
35.11029,0.48529,0.05613,0.00020,0.94323,0.00044
35.21323,0.48529,0.05411,0.00016,0.94540,0.00033
35.31618,0.48529,0.05444,0.00020,0.94495,0.00041
35.41912,0.48529,0.05838,0.00020,0.94104,0.00038
35.52206,0.48529,0.05728,0.00022,0.94205,0.00046
35.62500,0.48529,0.06026,0.00026,0.93899,0.00049
35.72794,0.48529,0.05922,0.00025,0.94002,0.00051
35.83088,0.48529,0.05702,0.00021,0.94229,0.00048
35.93382,0.48529,0.05620,0.00019,0.94318,0.00042
36.03677,0.48529,0.05638,0.00019,0.94305,0.00038
36.13971,0.48529,0.05409,0.00018,0.94537,0.00036
36.24265,0.48529,0.05575,0.00021,0.94365,0.00038
36.34559,0.48529,0.05470,0.00020,0.94472,0.00038
36.44853,0.48529,0.06158,0.00026,0.93766,0.00050
36.55147,0.48529,0.05837,0.00022,0.94096,0.00045
36.65441,0.48529,0.05797,0.00021,0.94137,0.00045
36.75735,0.48529,0.06274,0.00026,0.93640,0.00059
36.86029,0.48529,0.05630,0.00018,0.94312,0.00040
36.96323,0.48529,0.05052,0.00015,0.94900,0.00033
37.06618,0.48529,0.05689,0.00021,0.94251,0.00039
37.16912,0.48529,0.05626,0.00021,0.94315,0.00038
37.27206,0.48529,0.05782,0.00022,0.94154,0.00043
37.37500,0.48529,0.06125,0.00025,0.93800,0.00050
37.47794,0.48529,0.06194,0.00023,0.93729,0.00053
37.58088,0.48529,0.05875,0.00021,0.94056,0.00048
37.68382,0.48529,0.05877,0.00023,0.94050,0.00050
37.78677,0.48529,0.05588,0.00016,0.94360,0.00036
37.88971,0.48529,0.05333,0.00016,0.94616,0.00035
37.99265,0.48529,0.05583,0.00020,0.94360,0.00038
38.09559,0.48529,0.05312,0.00018,0.94635,0.00035
38.19853,0.48529,0.05791,0.00021,0.94145,0.00043
38.30147,0.48529,0.06315,0.00026,0.93610,0.00050
38.40441,0.48529,0.05758,0.00022,0.94174,0.00047
38.50735,0.48529,0.05791,0.00020,0.94139,0.00050
38.61029,0.48529,0.05661,0.00018,0.94277,0.00044
38.71323,0.48529,0.05638,0.00019,0.94302,0.00041
38.81618,0.48529,0.05909,0.00021,0.94031,0.00040
38.91912,0.48529,0.05738,0.00020,0.94202,0.00039
39.02206,0.48529,0.06208,0.00025,0.93719,0.00047
39.12500,0.48529,0.05809,0.00023,0.94118,0.00050
39.22794,0.48529,0.05605,0.00019,0.94334,0.00042
39.33088,0.48529,0.06445,0.00025,0.93474,0.00056
39.43382,0.48529,0.05526,0.00017,0.94417,0.00040
39.53677,0.48529,0.05529,0.00021,0.94407,0.00043
39.63971,0.48529,0.05790,0.00021,0.94150,0.00039
39.74265,0.48529,0.05350,0.00018,0.94594,0.00037
39.84559,0.48529,0.05850,0.00020,0.94091,0.00039
39.94853,0.48529,0.05619,0.00020,0.94321,0.00041
40.05147,0.48529,0.05701,0.00021,0.94237,0.00041
40.15441,0.48529,0.06162,0.00025,0.93761,0.00052
40.25735,0.48529,0.05946,0.00021,0.93988,0.00045
40.36029,0.48529,0.05499,0.00019,0.94441,0.00041
40.46323,0.48529,0.05955,0.00023,0.93977,0.00045
40.56618,0.48529,0.05529,0.00020,0.94414,0.00037
40.66912,0.48529,0.05534,0.00017,0.94414,0.00034
40.77206,0.48529,0.06125,0.00027,0.93797,0.00051
40.87500,0.48529,0.05906,0.00020,0.94030,0.00044
40.97794,0.48529,0.05765,0.00022,0.94166,0.00047
41.08088,0.48529,0.05697,0.00021,0.94234,0.00048
41.18382,0.48529,0.05827,0.00020,0.94110,0.00044
41.28677,0.48529,0.05598,0.00019,0.94343,0.00040
41.38971,0.48529,0.05463,0.00016,0.94485,0.00036
41.49265,0.48529,0.05615,0.00018,0.94332,0.00035
41.59559,0.48529,0.05542,0.00019,0.94401,0.00038
41.69853,0.48529,0.05397,0.00020,0.94546,0.00038
41.80147,0.48529,0.05888,0.00025,0.94035,0.00051
41.90441,0.48529,0.05902,0.00019,0.94034,0.00045
42.00735,0.48529,0.05898,0.00023,0.94027,0.00052
42.11029,0.48529,0.06128,0.00023,0.93796,0.00052
42.21323,0.48529,0.05312,0.00018,0.94630,0.00039
42.31618,0.48529,0.05600,0.00021,0.94338,0.00041
42.41912,0.48529,0.05455,0.00019,0.94492,0.00034
42.52206,0.48529,0.05594,0.00019,0.94350,0.00037
42.62500,0.48529,0.06396,0.00027,0.93524,0.00053
42.72794,0.48529,0.05796,0.00022,0.94132,0.00050
42.83088,0.48529,0.05963,0.00023,0.93965,0.00049
42.93382,0.48529,0.05520,0.00019,0.94416,0.00044
43.03677,0.48529,0.05970,0.00021,0.93966,0.00044
43.13971,0.48529,0.05423,0.00021,0.94513,0.00043
43.24265,0.48529,0.05238,0.00016,0.94716,0.00031
43.34559,0.48529,0.05832,0.00025,0.94094,0.00049
43.44853,0.48529,0.05740,0.00019,0.94200,0.00041
43.55147,0.48529,0.05849,0.00024,0.94076,0.00050
43.65441,0.48529,0.06045,0.00024,0.93885,0.00047
43.75735,0.48529,0.05892,0.00022,0.94036,0.00050
43.86029,0.48529,0.05782,0.00022,0.94150,0.00047
43.96323,0.48529,0.05539,0.00021,0.94395,0.00045
44.06618,0.48529,0.05543,0.00019,0.94404,0.00035
44.16912,0.48529,0.05396,0.00019,0.94550,0.00035
44.27206,0.48529,0.05850,0.00023,0.94083,0.00044
44.37500,0.48529,0.05522,0.00020,0.94419,0.00039
44.47794,0.48529,0.05698,0.00024,0.94229,0.00049
44.58088,0.48529,0.06171,0.00022,0.93754,0.00053
44.68382,0.48529,0.05637,0.00019,0.94301,0.00043
44.78677,0.48529,0.05816,0.00020,0.94118,0.00045
44.88971,0.48529,0.05727,0.00020,0.94213,0.00040
44.99265,0.48529,0.05578,0.00020,0.94364,0.00038
45.09559,0.48529,0.05525,0.00018,0.94423,0.00033
45.19853,0.48529,0.06180,0.00025,0.93747,0.00048
45.30147,0.48529,0.06040,0.00023,0.93892,0.00045
45.40441,0.48529,0.05576,0.00020,0.94359,0.00045
45.50735,0.48529,0.05752,0.00020,0.94181,0.00046
45.61029,0.48529,0.05437,0.00020,0.94500,0.00043
45.71323,0.48529,0.05621,0.00019,0.94321,0.00040
45.81618,0.48529,0.05363,0.00018,0.94582,0.00037
45.91912,0.48529,0.05338,0.00016,0.94616,0.00029
46.02206,0.48529,0.05874,0.00023,0.94059,0.00045
46.12500,0.48529,0.05958,0.00021,0.93976,0.00044
46.22794,0.48529,0.05653,0.00022,0.94277,0.00048
46.33088,0.48529,0.05718,0.00022,0.94214,0.00046
46.43382,0.48529,0.05671,0.00019,0.94269,0.00041
46.53677,0.48529,0.05934,0.00022,0.93994,0.00051
46.63971,0.48529,0.05496,0.00018,0.94449,0.00038
46.74265,0.48529,0.05201,0.00017,0.94750,0.00032
46.84559,0.48529,0.05565,0.00019,0.94377,0.00038
46.94853,0.48529,0.05746,0.00021,0.94194,0.00039
47.05147,0.48529,0.05491,0.00020,0.94446,0.00042
47.15441,0.48529,0.06179,0.00022,0.93751,0.00047
47.25735,0.48529,0.05786,0.00022,0.94142,0.00050
47.36029,0.48529,0.05778,0.00020,0.94154,0.00048
47.46323,0.48529,0.05618,0.00021,0.94318,0.00044
47.56618,0.48529,0.05569,0.00019,0.94376,0.00036
47.66912,0.48529,0.05430,0.00018,0.94512,0.00040
47.77206,0.48529,0.05298,0.00019,0.94646,0.00038
47.87500,0.48529,0.06374,0.00026,0.93554,0.00046
47.97794,0.48529,0.06022,0.00023,0.93905,0.00050
48.08088,0.48529,0.05820,0.00022,0.94114,0.00044
48.18382,0.48529,0.05954,0.00024,0.93970,0.00052
48.28677,0.48529,0.05679,0.00019,0.94259,0.00043
48.38971,0.48529,0.05395,0.00020,0.94546,0.00039
48.49265,0.48529,0.05707,0.00018,0.94238,0.00037
48.59559,0.48529,0.05363,0.00019,0.94575,0.00042
48.69853,0.48529,0.05744,0.00020,0.94198,0.00038
48.80147,0.48529,0.05729,0.00023,0.94199,0.00049
48.90441,0.48529,0.05681,0.00020,0.94257,0.00042
49.00735,0.48529,0.06182,0.00026,0.93737,0.00055
49.11029,0.48529,0.05708,0.00020,0.94228,0.00043
49.21323,0.48529,0.05185,0.00016,0.94761,0.00038
49.31618,0.48529,0.06054,0.00023,0.93878,0.00044
49.41912,0.48529,0.05661,0.00019,0.94283,0.00036
49.52206,0.48529,0.05456,0.00018,0.94491,0.00034
49.62500,0.48529,0.05669,0.00024,0.94265,0.00042
49.72794,0.48529,0.05984,0.00024,0.93945,0.00047
49.83088,0.48529,0.05879,0.00022,0.94054,0.00045
49.93382,0.48529,0.05939,0.00022,0.93988,0.00050
50.03677,0.48529,0.05779,0.00021,0.94154,0.00045
50.13971,0.48529,0.05679,0.00021,0.94258,0.00042
50.24265,0.48529,0.05123,0.00016,0.94829,0.00032
50.34559,0.48529,0.05544,0.00020,0.94398,0.00038
50.44853,0.48529,0.05874,0.00022,0.94065,0.00039
50.55147,0.48529,0.06105,0.00026,0.93820,0.00048
50.65441,0.48529,0.05975,0.00023,0.93953,0.00049
50.75735,0.48529,0.05595,0.00019,0.94341,0.00045
50.86029,0.48529,0.05762,0.00022,0.94170,0.00047
50.96323,0.48529,0.05794,0.00020,0.94145,0.00042
51.06618,0.48529,0.05631,0.00019,0.94315,0.00035
51.16912,0.48529,0.05949,0.00024,0.93982,0.00045
51.27206,0.48529,0.05430,0.00018,0.94516,0.00035
51.37500,0.48529,0.05168,0.00017,0.94778,0.00036
51.47794,0.48529,0.06396,0.00028,0.93525,0.00051
51.58088,0.48529,0.05746,0.00019,0.94191,0.00044
51.68382,0.48529,0.05384,0.00019,0.94555,0.00042
51.78677,0.48529,0.05940,0.00021,0.93988,0.00051
51.88971,0.48529,0.05782,0.00020,0.94156,0.00041
51.99265,0.48529,0.05613,0.00019,0.94331,0.00037
52.09559,0.48529,0.05561,0.00019,0.94383,0.00037
52.19853,0.48529,0.05713,0.00021,0.94225,0.00041
52.30147,0.48529,0.05728,0.00024,0.94201,0.00047
52.40441,0.48529,0.05829,0.00021,0.94107,0.00042
52.50735,0.48529,0.06023,0.00024,0.93903,0.00050
52.61029,0.48529,0.05719,0.00021,0.94209,0.00050
52.71323,0.48529,0.05728,0.00022,0.94203,0.00047
52.81618,0.48529,0.05411,0.00020,0.94530,0.00039
52.91912,0.48529,0.05310,0.00017,0.94639,0.00035
53.02206,0.48529,0.05659,0.00019,0.94284,0.00038
53.12500,0.48529,0.06129,0.00024,0.93803,0.00044
53.22794,0.48529,0.06012,0.00024,0.93913,0.00050
53.33088,0.48529,0.05908,0.00024,0.94022,0.00047
53.43382,0.48529,0.05507,0.00020,0.94427,0.00047
53.53677,0.48529,0.05433,0.00019,0.94511,0.00038
53.63971,0.48529,0.05761,0.00021,0.94173,0.00045
53.74265,0.48529,0.05234,0.00018,0.94715,0.00033
53.84559,0.48529,0.05378,0.00018,0.94570,0.00034
53.94853,0.48529,0.05748,0.00022,0.94187,0.00043
54.05147,0.48529,0.05312,0.00020,0.94627,0.00041
54.15441,0.48529,0.05968,0.00026,0.93957,0.00049
54.25735,0.48529,0.06047,0.00025,0.93877,0.00051
54.36029,0.48529,0.05871,0.00021,0.94065,0.00043
54.46323,0.48529,0.05772,0.00021,0.94162,0.00045
54.56618,0.48529,0.05806,0.00021,0.94133,0.00039
54.66912,0.48529,0.05284,0.00018,0.94663,0.00035
54.77206,0.48529,0.05563,0.00017,0.94388,0.00032
54.87500,0.48529,0.05798,0.00023,0.94135,0.00044
54.97794,0.48529,0.05680,0.00019,0.94259,0.00041
55.08088,0.48529,0.05800,0.00023,0.94130,0.00047
55.18382,0.48529,0.05724,0.00021,0.94207,0.00048
55.28677,0.48529,0.05770,0.00020,0.94163,0.00047
55.38971,0.48529,0.05564,0.00019,0.94376,0.00041
55.49265,0.48529,0.05346,0.00019,0.94594,0.00041
55.59559,0.48529,0.05522,0.00019,0.94423,0.00036
55.69853,0.48529,0.05812,0.00023,0.94120,0.00044
55.80147,0.48529,0.06104,0.00024,0.93827,0.00046
55.90441,0.48529,0.05914,0.00023,0.94018,0.00046
56.00735,0.48529,0.06002,0.00024,0.93925,0.00049
56.11029,0.48529,0.05515,0.00019,0.94426,0.00041
56.21323,0.48529,0.05523,0.00018,0.94418,0.00040
56.31618,0.48529,0.05544,0.00019,0.94399,0.00038
56.41912,0.48529,0.05278,0.00017,0.94672,0.00033
56.52206,0.48529,0.05555,0.00020,0.94386,0.00040
56.62500,0.48529,0.05299,0.00018,0.94646,0.00036
56.72794,0.48529,0.05981,0.00025,0.93949,0.00044
56.83088,0.48529,0.05968,0.00023,0.93962,0.00048
56.93382,0.48529,0.05661,0.00020,0.94276,0.00043
57.03677,0.48529,0.06198,0.00026,0.93721,0.00056
57.13971,0.48529,0.05500,0.00020,0.94440,0.00040
57.24265,0.48529,0.05363,0.00017,0.94583,0.00037
57.34559,0.48529,0.05433,0.00020,0.94505,0.00041
57.44853,0.48529,0.05583,0.00019,0.94363,0.00035
57.55147,0.48529,0.06034,0.00024,0.93898,0.00044
57.65441,0.48529,0.05981,0.00025,0.93946,0.00049
57.75735,0.48529,0.05476,0.00019,0.94464,0.00042
57.86029,0.48529,0.05709,0.00020,0.94224,0.00047
57.96323,0.48529,0.05915,0.00020,0.94019,0.00046
58.06618,0.48529,0.05643,0.00021,0.94296,0.00040
58.16912,0.48529,0.06148,0.00024,0.93783,0.00045
58.27206,0.48529,0.05455,0.00017,0.94489,0.00039
58.37500,0.48529,0.06101,0.00023,0.93834,0.00042
58.47794,0.48529,0.05963,0.00028,0.93952,0.00056
58.58088,0.48529,0.05349,0.00015,0.94596,0.00039
58.68382,0.48529,0.06102,0.00023,0.93825,0.00051
58.78677,0.48529,0.05752,0.00020,0.94187,0.00041
58.88971,0.48529,0.05466,0.00019,0.94473,0.00042
58.99265,0.48529,0.05431,0.00018,0.94517,0.00034
59.09559,0.48529,0.05660,0.00021,0.94284,0.00035
59.19853,0.48529,0.05275,0.00019,0.94669,0.00036
59.30147,0.48529,0.05630,0.00021,0.94307,0.00042
59.40441,0.48529,0.05816,0.00025,0.94112,0.00047
59.50735,0.48529,0.05785,0.00021,0.94148,0.00046
59.61029,0.48529,0.05898,0.00021,0.94034,0.00047
59.71323,0.48529,0.05970,0.00023,0.93959,0.00048
59.81618,0.48529,0.05523,0.00021,0.94416,0.00040
59.91912,0.48529,0.05139,0.00017,0.94810,0.00034
60.02206,0.48529,0.05266,0.00017,0.94684,0.00033
60.12500,0.48529,0.05888,0.00022,0.94052,0.00038
60.22794,0.48529,0.05930,0.00023,0.94002,0.00045
60.33088,0.48529,0.05649,0.00023,0.94276,0.00051
60.43382,0.48529,0.05702,0.00022,0.94228,0.00048
60.53677,0.48529,0.05639,0.00020,0.94295,0.00046
60.63971,0.48529,0.05604,0.00018,0.94340,0.00038
60.74265,0.48529,0.05447,0.00019,0.94496,0.00038
60.84559,0.48529,0.05769,0.00021,0.94173,0.00037
60.94853,0.48529,0.05781,0.00024,0.94148,0.00047
61.05147,0.48529,0.05553,0.00019,0.94387,0.00041
61.15441,0.48529,0.05754,0.00022,0.94176,0.00048
61.25735,0.48529,0.05883,0.00021,0.94049,0.00047
61.36029,0.48529,0.05844,0.00023,0.94084,0.00049
61.46323,0.48529,0.05859,0.00019,0.94074,0.00048
61.56618,0.48529,0.05736,0.00019,0.94203,0.00043
61.66912,0.48529,0.05662,0.00018,0.94281,0.00038
61.77206,0.48529,0.06038,0.00023,0.93895,0.00044
61.87500,0.48529,0.05266,0.00018,0.94679,0.00037
61.97794,0.48529,0.05873,0.00020,0.94061,0.00046
62.08088,0.48529,0.06347,0.00025,0.93581,0.00047
62.18382,0.48529,0.05760,0.00021,0.94175,0.00044
62.28677,0.48529,0.05743,0.00020,0.94191,0.00046
62.38971,0.48529,0.05810,0.00022,0.94125,0.00043
62.49265,0.48529,0.05952,0.00022,0.93983,0.00043
62.59559,0.48529,0.05399,0.00017,0.94549,0.00034
62.69853,0.48529,0.05510,0.00019,0.94435,0.00036
62.80147,0.48529,0.06442,0.00025,0.93486,0.00047
62.90441,0.48529,0.05622,0.00021,0.94314,0.00043
63.00735,0.48529,0.05960,0.00023,0.93969,0.00048
63.11029,0.48529,0.06145,0.00023,0.93780,0.00052
63.21323,0.48529,0.05158,0.00017,0.94789,0.00037
63.31618,0.48529,0.05772,0.00019,0.94166,0.00044
63.41912,0.48529,0.05660,0.00022,0.94273,0.00044
63.52206,0.48529,0.05453,0.00019,0.94492,0.00036
63.62500,0.48529,0.05599,0.00023,0.94335,0.00043
63.72794,0.48529,0.05383,0.00019,0.94562,0.00037
63.83088,0.48529,0.06289,0.00030,0.93626,0.00056
63.93382,0.48530,0.06240,0.00025,0.93682,0.00053
64.03677,0.48529,0.05969,0.00022,0.93961,0.00048
64.13971,0.48529,0.05680,0.00020,0.94255,0.00045
64.24265,0.48530,0.05577,0.00019,0.94360,0.00044
64.34559,0.48529,0.05543,0.00018,0.94407,0.00032
64.44853,0.48529,0.05560,0.00020,0.94383,0.00038
64.55147,0.48530,0.05867,0.00020,0.94073,0.00040
64.65441,0.48530,0.05799,0.00023,0.94133,0.00045
64.75735,0.48529,0.06117,0.00027,0.93803,0.00053
64.86029,0.48530,0.05723,0.00021,0.94212,0.00043
64.96323,0.48530,0.05889,0.00023,0.94039,0.00049
65.06618,0.48529,0.05490,0.00018,0.94451,0.00041
65.16912,0.48529,0.05458,0.00019,0.94485,0.00038
65.27206,0.48530,0.05935,0.00021,0.94003,0.00041
65.37500,0.48529,0.05645,0.00020,0.94296,0.00039
65.47794,0.48529,0.05643,0.00020,0.94297,0.00039
65.58088,0.48530,0.05938,0.00023,0.93988,0.00051
65.68382,0.48530,0.05672,0.00020,0.94263,0.00045
65.78677,0.48529,0.05651,0.00021,0.94282,0.00046
65.88971,0.48529,0.05917,0.00020,0.94017,0.00046
65.99265,0.48530,0.05339,0.00018,0.94604,0.00039
66.09559,0.48529,0.05445,0.00018,0.94501,0.00036
66.19853,0.48529,0.05357,0.00019,0.94587,0.00037
66.30147,0.48530,0.05559,0.00018,0.94390,0.00032
66.40441,0.48530,0.05958,0.00025,0.93972,0.00046
66.50735,0.48529,0.06337,0.00025,0.93590,0.00048
66.61029,0.48530,0.05761,0.00024,0.94164,0.00051
66.71323,0.48530,0.05633,0.00020,0.94302,0.00045
66.81618,0.48529,0.05452,0.00021,0.94484,0.00043
66.91912,0.48529,0.05510,0.00019,0.94433,0.00039
67.02206,0.48530,0.05639,0.00020,0.94304,0.00037
67.12500,0.48529,0.05621,0.00021,0.94316,0.00042
67.22794,0.48529,0.05809,0.00020,0.94134,0.00037
67.33088,0.48530,0.05918,0.00026,0.94004,0.00052
67.43382,0.48530,0.06041,0.00022,0.93889,0.00048
67.53677,0.48529,0.05619,0.00020,0.94316,0.00045
67.63971,0.48529,0.05722,0.00019,0.94217,0.00043
67.74265,0.48530,0.05505,0.00017,0.94442,0.00036
67.84559,0.48529,0.05612,0.00019,0.94331,0.00038
67.94853,0.48529,0.05927,0.00022,0.94012,0.00039
68.05147,0.48530,0.05584,0.00021,0.94356,0.00040
68.15441,0.48530,0.05513,0.00019,0.94427,0.00041
68.25735,0.48529,0.05388,0.00020,0.94548,0.00044
68.36029,0.48530,0.06147,0.00023,0.93780,0.00050
68.46323,0.48530,0.05602,0.00019,0.94338,0.00041
68.56618,0.48529,0.05627,0.00020,0.94309,0.00044
68.66912,0.48529,0.05735,0.00020,0.94199,0.00045
68.77206,0.48530,0.05291,0.00020,0.94652,0.00037
68.87500,0.48529,0.05372,0.00018,0.94572,0.00038
68.97794,0.48529,0.05635,0.00020,0.94307,0.00037
69.08088,0.48530,0.06344,0.00024,0.93585,0.00046
69.18382,0.48530,0.06091,0.00027,0.93826,0.00056
69.28677,0.48529,0.05563,0.00019,0.94378,0.00040
69.38971,0.48529,0.05804,0.00019,0.94127,0.00049
69.49265,0.48530,0.05731,0.00021,0.94201,0.00047
69.59559,0.48529,0.05615,0.00020,0.94325,0.00040
69.69853,0.48529,0.05441,0.00019,0.94504,0.00037
69.80147,0.48530,0.05328,0.00018,0.94620,0.00034
69.90441,0.48530,0.05790,0.00022,0.94147,0.00041
70.00735,0.48529,0.05639,0.00021,0.94297,0.00043
70.11029,0.48530,0.05831,0.00024,0.94097,0.00047
70.21323,0.48530,0.05976,0.00025,0.93944,0.00055
70.31618,0.48529,0.05222,0.00016,0.94725,0.00036
70.41912,0.48529,0.05313,0.00017,0.94628,0.00041
70.52206,0.48530,0.05760,0.00018,0.94186,0.00036
70.62500,0.48529,0.05584,0.00020,0.94360,0.00036
70.72794,0.48529,0.05484,0.00018,0.94461,0.00037
70.83088,0.48530,0.05779,0.00023,0.94155,0.00043
70.93382,0.48530,0.06105,0.00025,0.93826,0.00045
71.03677,0.48529,0.06489,0.00029,0.93426,0.00055
71.13971,0.48529,0.05735,0.00021,0.94199,0.00045
71.24265,0.48530,0.05536,0.00021,0.94397,0.00046
71.34559,0.48529,0.05513,0.00020,0.94425,0.00042
71.44853,0.48529,0.05245,0.00017,0.94706,0.00032
71.55147,0.48530,0.05318,0.00017,0.94632,0.00032
71.65441,0.48530,0.06137,0.00025,0.93794,0.00044
71.75735,0.48529,0.05836,0.00023,0.94094,0.00048
71.86029,0.48530,0.05746,0.00022,0.94187,0.00045
71.96323,0.48530,0.05773,0.00025,0.94148,0.00053
72.06618,0.48529,0.05721,0.00021,0.94210,0.00048
72.16912,0.48529,0.05777,0.00020,0.94158,0.00045
72.27206,0.48530,0.05354,0.00020,0.94590,0.00037
72.37500,0.48529,0.05129,0.00015,0.94826,0.00030
72.47794,0.48529,0.05956,0.00023,0.93979,0.00043
72.58088,0.48530,0.05576,0.00020,0.94365,0.00039
72.68382,0.48530,0.05957,0.00022,0.93978,0.00043
72.78677,0.48529,0.05900,0.00021,0.94032,0.00047
72.88971,0.48529,0.06124,0.00025,0.93797,0.00055
72.99265,0.48530,0.05923,0.00022,0.94004,0.00051
73.09559,0.48529,0.05615,0.00021,0.94320,0.00044
73.19853,0.48529,0.05633,0.00020,0.94302,0.00044
73.30147,0.48530,0.05563,0.00019,0.94380,0.00039
73.40441,0.48530,0.05374,0.00017,0.94574,0.00035
73.50735,0.48529,0.05763,0.00021,0.94176,0.00041
73.61029,0.48530,0.06149,0.00028,0.93765,0.00058
73.71323,0.48530,0.06031,0.00022,0.93896,0.00051
73.81618,0.48529,0.05825,0.00021,0.94105,0.00049
73.91912,0.48529,0.05237,0.00017,0.94711,0.00036
74.02206,0.48530,0.05824,0.00019,0.94117,0.00039
74.12500,0.48529,0.05451,0.00016,0.94499,0.00034
74.22794,0.48529,0.06115,0.00021,0.93824,0.00039
74.33088,0.48530,0.06068,0.00025,0.93858,0.00049
74.43382,0.48530,0.05617,0.00020,0.94321,0.00042
74.53677,0.48529,0.05483,0.00021,0.94451,0.00044
74.63971,0.48529,0.05998,0.00019,0.93937,0.00045
74.74265,0.48530,0.05724,0.00019,0.94216,0.00041
74.84559,0.48529,0.05743,0.00019,0.94193,0.00045
74.94853,0.48529,0.05710,0.00019,0.94232,0.00039
75.05147,0.48530,0.05882,0.00021,0.94058,0.00039
75.15441,0.48530,0.05431,0.00018,0.94518,0.00033
75.25735,0.48529,0.05281,0.00019,0.94661,0.00039
75.36029,0.48530,0.06090,0.00024,0.93842,0.00044
75.46323,0.48530,0.06316,0.00026,0.93602,0.00055
75.56618,0.48529,0.05746,0.00019,0.94192,0.00043
75.66912,0.48529,0.05704,0.00021,0.94225,0.00049
75.77206,0.48530,0.05666,0.00018,0.94279,0.00038
75.87500,0.48529,0.05591,0.00020,0.94348,0.00041
75.97794,0.48529,0.05591,0.00019,0.94354,0.00037
76.08088,0.48530,0.05642,0.00021,0.94297,0.00041
76.18382,0.48530,0.05905,0.00022,0.94029,0.00044
76.28677,0.48529,0.06180,0.00026,0.93741,0.00053
76.38971,0.48529,0.05812,0.00020,0.94123,0.00044
76.49265,0.48530,0.05684,0.00021,0.94247,0.00048
76.59559,0.48529,0.06073,0.00021,0.93859,0.00046
76.69853,0.48529,0.05944,0.00023,0.93986,0.00047
76.80147,0.48530,0.05620,0.00019,0.94324,0.00037
76.90441,0.48530,0.05185,0.00016,0.94767,0.00031
77.00735,0.48529,0.05614,0.00021,0.94324,0.00042
77.11029,0.48530,0.05991,0.00024,0.93940,0.00045
77.21323,0.48530,0.06188,0.00026,0.93737,0.00049
77.31618,0.48529,0.05910,0.00024,0.94015,0.00051
77.41912,0.48529,0.05524,0.00019,0.94414,0.00043
77.52206,0.48530,0.05847,0.00020,0.94085,0.00047
77.62500,0.48529,0.05600,0.00020,0.94344,0.00037
77.72794,0.48529,0.05383,0.00019,0.94562,0.00036
77.83088,0.48530,0.05509,0.00019,0.94434,0.00038
77.93382,0.48530,0.05695,0.00021,0.94244,0.00040
78.03677,0.48529,0.06063,0.00025,0.93864,0.00048
78.13971,0.48529,0.05799,0.00022,0.94134,0.00045
78.24265,0.48530,0.06227,0.00024,0.93694,0.00054
78.34559,0.48529,0.05793,0.00021,0.94146,0.00041
78.44853,0.48529,0.05437,0.00017,0.94506,0.00039
78.55147,0.48530,0.05274,0.00017,0.94674,0.00035
78.65441,0.48530,0.05617,0.00019,0.94328,0.00035
78.75735,0.48529,0.05826,0.00021,0.94115,0.00038
78.86029,0.48530,0.05498,0.00020,0.94442,0.00040
78.96323,0.48530,0.06398,0.00029,0.93515,0.00057
79.06618,0.48529,0.06155,0.00025,0.93772,0.00049
79.16912,0.48529,0.05847,0.00022,0.94083,0.00048
79.27206,0.48530,0.05817,0.00022,0.94108,0.00052
79.37500,0.48529,0.05709,0.00020,0.94229,0.00042
79.47794,0.48529,0.05063,0.00017,0.94882,0.00038
79.58088,0.48530,0.05531,0.00018,0.94417,0.00034
79.68382,0.48530,0.05546,0.00021,0.94395,0.00039
79.78677,0.48529,0.05931,0.00024,0.94000,0.00045
79.88971,0.48529,0.05646,0.00022,0.94284,0.00048
79.99265,0.48530,0.05979,0.00023,0.93949,0.00049
80.09559,0.48529,0.05964,0.00024,0.93956,0.00056
80.19853,0.48529,0.06169,0.00023,0.93762,0.00046
80.30147,0.48530,0.05536,0.00020,0.94404,0.00040
80.40441,0.48530,0.05332,0.00017,0.94619,0.00033
80.50735,0.48529,0.05823,0.00025,0.94106,0.00046
80.61029,0.48530,0.05577,0.00019,0.94366,0.00037
80.71323,0.48530,0.05846,0.00022,0.94087,0.00044
80.81618,0.48529,0.05742,0.00022,0.94187,0.00048
80.91912,0.48529,0.06013,0.00023,0.93916,0.00048
81.02206,0.48530,0.05610,0.00020,0.94324,0.00046
81.12500,0.48529,0.05582,0.00018,0.94360,0.00040
81.22794,0.48529,0.05900,0.00021,0.94038,0.00041
81.33088,0.48530,0.05605,0.00019,0.94340,0.00036
81.43382,0.48530,0.05614,0.00021,0.94326,0.00039
81.53677,0.48529,0.05585,0.00020,0.94353,0.00041
81.63971,0.48529,0.05777,0.00022,0.94152,0.00048
81.74265,0.48530,0.05969,0.00024,0.93956,0.00051
81.84559,0.48529,0.05808,0.00020,0.94127,0.00045
81.94853,0.48529,0.05539,0.00019,0.94399,0.00043
82.05147,0.48530,0.05846,0.00022,0.94086,0.00046
82.15441,0.48530,0.05303,0.00018,0.94645,0.00034
82.25735,0.48529,0.05442,0.00017,0.94506,0.00034
82.36029,0.48530,0.05993,0.00024,0.93940,0.00044
82.46323,0.48530,0.05661,0.00020,0.94277,0.00042
82.56618,0.48529,0.06199,0.00028,0.93717,0.00056
82.66912,0.48529,0.06038,0.00025,0.93886,0.00051
82.77206,0.48530,0.05751,0.00021,0.94181,0.00047
82.87500,0.48529,0.05598,0.00018,0.94342,0.00041
82.97794,0.48529,0.05680,0.00020,0.94260,0.00040
83.08088,0.48530,0.05419,0.00017,0.94531,0.00033
83.18382,0.48530,0.05333,0.00018,0.94612,0.00036
83.28677,0.48529,0.05553,0.00018,0.94393,0.00036
83.38971,0.48529,0.06310,0.00026,0.93616,0.00049
83.49265,0.48530,0.06353,0.00025,0.93570,0.00052
83.59559,0.48529,0.05742,0.00021,0.94187,0.00049
83.69853,0.48529,0.05899,0.00021,0.94031,0.00049
83.80147,0.48530,0.05501,0.00019,0.94437,0.00042
83.90441,0.48530,0.05357,0.00018,0.94587,0.00038
84.00735,0.48529,0.05296,0.00016,0.94656,0.00032
84.11029,0.48530,0.05552,0.00020,0.94388,0.00040
84.21323,0.48530,0.05955,0.00022,0.93980,0.00043
84.31618,0.48529,0.05647,0.00023,0.94282,0.00048
84.41912,0.48529,0.05687,0.00020,0.94249,0.00044
84.52206,0.48530,0.05782,0.00020,0.94151,0.00047
84.62500,0.48529,0.05606,0.00020,0.94332,0.00041
84.72794,0.48529,0.05716,0.00023,0.94215,0.00046
84.83088,0.48530,0.05683,0.00021,0.94257,0.00040
84.93382,0.48530,0.05498,0.00020,0.94443,0.00039
85.03677,0.48529,0.05963,0.00021,0.93973,0.00042
85.13971,0.48529,0.05874,0.00025,0.94053,0.00049
85.24265,0.48530,0.05652,0.00021,0.94285,0.00043
85.34559,0.48529,0.05913,0.00022,0.94017,0.00048
85.44853,0.48529,0.05905,0.00021,0.94029,0.00046
85.55147,0.48530,0.05637,0.00020,0.94298,0.00045
85.65441,0.48530,0.05880,0.00019,0.94063,0.00039
85.75735,0.48529,0.05641,0.00021,0.94299,0.00039
85.86029,0.48530,0.05938,0.00023,0.93999,0.00041
85.96323,0.48530,0.05559,0.00021,0.94376,0.00044
86.06618,0.48529,0.05667,0.00021,0.94268,0.00045
86.16912,0.48529,0.06601,0.00030,0.93311,0.00058
86.27206,0.48530,0.06095,0.00023,0.93829,0.00052
86.37500,0.48529,0.05529,0.00019,0.94408,0.00044
86.47794,0.48529,0.05315,0.00019,0.94627,0.00040
86.58088,0.48530,0.05157,0.00016,0.94794,0.00032
86.68382,0.48530,0.05397,0.00017,0.94552,0.00034
86.78677,0.48529,0.05491,0.00020,0.94449,0.00039
86.88971,0.48529,0.06260,0.00028,0.93662,0.00049
86.99265,0.48530,0.05763,0.00022,0.94165,0.00050
87.09559,0.48529,0.05667,0.00021,0.94264,0.00048
87.19853,0.48529,0.05826,0.00023,0.94097,0.00054
87.30147,0.48530,0.05711,0.00019,0.94227,0.00043
87.40441,0.48530,0.05582,0.00020,0.94355,0.00042
87.50735,0.48529,0.05656,0.00018,0.94289,0.00036
87.61029,0.48530,0.05417,0.00019,0.94527,0.00038
87.71323,0.48530,0.05726,0.00020,0.94216,0.00037
87.81618,0.48529,0.05910,0.00024,0.94023,0.00043
87.91912,0.48529,0.05869,0.00023,0.94060,0.00048
88.02206,0.48530,0.05957,0.00023,0.93973,0.00047
88.12500,0.48529,0.06168,0.00025,0.93753,0.00054
88.22794,0.48529,0.05673,0.00020,0.94263,0.00044
88.33088,0.48530,0.05315,0.00018,0.94635,0.00032
88.43382,0.48530,0.05429,0.00019,0.94511,0.00041
88.53677,0.48529,0.05461,0.00018,0.94484,0.00036
88.63971,0.48529,0.05663,0.00021,0.94273,0.00043
88.74265,0.48530,0.06044,0.00024,0.93885,0.00046
88.84559,0.48529,0.06122,0.00025,0.93805,0.00049
88.94853,0.48529,0.05717,0.00020,0.94214,0.00048
89.05147,0.48530,0.05507,0.00019,0.94431,0.00043
89.15441,0.48530,0.05667,0.00023,0.94264,0.00046
89.25735,0.48529,0.05377,0.00019,0.94566,0.00038
89.36029,0.48530,0.05220,0.00016,0.94730,0.00034
89.46323,0.48530,0.06060,0.00022,0.93875,0.00043
89.56618,0.48529,0.05764,0.00021,0.94174,0.00041
89.66912,0.48529,0.05602,0.00021,0.94332,0.00046
89.77206,0.48530,0.06116,0.00024,0.93806,0.00054
89.87500,0.48529,0.05658,0.00020,0.94279,0.00043
89.97794,0.48529,0.05665,0.00021,0.94271,0.00043
90.08088,0.48530,0.05900,0.00021,0.94037,0.00041
90.18382,0.48530,0.05275,0.00018,0.94670,0.00037
90.28677,0.48529,0.05219,0.00016,0.94733,0.00032
90.38971,0.48529,0.05635,0.00021,0.94304,0.00040
90.49265,0.48530,0.05939,0.00024,0.93990,0.00047
90.59559,0.48529,0.05956,0.00026,0.93966,0.00053
90.69853,0.48529,0.05921,0.00022,0.94008,0.00049
90.80147,0.48530,0.05843,0.00021,0.94088,0.00047
90.90441,0.48530,0.05668,0.00020,0.94269,0.00043
91.00735,0.48529,0.05760,0.00020,0.94180,0.00040
91.11029,0.48530,0.05633,0.00019,0.94312,0.00035
91.21323,0.48530,0.05354,0.00019,0.94589,0.00039
91.31618,0.48529,0.05781,0.00021,0.94155,0.00043
91.41912,0.48529,0.05770,0.00022,0.94159,0.00048
91.52206,0.48530,0.05676,0.00021,0.94257,0.00046
91.62500,0.48529,0.05780,0.00021,0.94150,0.00048
91.72794,0.48529,0.05854,0.00020,0.94083,0.00043
91.83088,0.48530,0.05527,0.00019,0.94413,0.00041
91.93382,0.48530,0.05738,0.00019,0.94206,0.00037
92.03677,0.48529,0.05622,0.00021,0.94317,0.00040
92.13971,0.48529,0.05272,0.00016,0.94679,0.00032
92.24265,0.48530,0.06113,0.00025,0.93814,0.00047
92.34559,0.48529,0.06199,0.00023,0.93729,0.00048
92.44853,0.48529,0.05851,0.00022,0.94079,0.00048
92.55147,0.48530,0.05722,0.00020,0.94213,0.00046
92.65441,0.48530,0.05514,0.00019,0.94424,0.00042
92.75735,0.48529,0.05797,0.00020,0.94143,0.00040
92.86029,0.48530,0.05467,0.00018,0.94480,0.00035
92.96323,0.48530,0.05367,0.00018,0.94582,0.00033
93.06618,0.48529,0.05836,0.00020,0.94102,0.00041
93.16912,0.48529,0.06007,0.00023,0.93924,0.00047
93.27206,0.48530,0.06171,0.00025,0.93751,0.00053
93.37500,0.48529,0.05833,0.00023,0.94092,0.00052
93.47794,0.48529,0.05433,0.00019,0.94505,0.00043
93.58088,0.48530,0.05493,0.00018,0.94447,0.00042
93.68382,0.48530,0.05468,0.00017,0.94481,0.00034
93.78677,0.48529,0.05246,0.00018,0.94699,0.00038
93.88971,0.48529,0.05594,0.00019,0.94352,0.00036
93.99265,0.48530,0.05766,0.00025,0.94161,0.00048
94.09559,0.48529,0.05835,0.00020,0.94100,0.00044
94.19853,0.48529,0.06056,0.00024,0.93870,0.00050
94.30147,0.48530,0.05971,0.00024,0.93953,0.00052
94.40441,0.48530,0.05715,0.00018,0.94223,0.00043
94.50735,0.48529,0.05790,0.00022,0.94143,0.00046
94.61029,0.48530,0.05590,0.00019,0.94353,0.00038
94.71323,0.48530,0.05740,0.00020,0.94202,0.00038
94.81618,0.48529,0.05434,0.00017,0.94513,0.00036
94.91912,0.48529,0.05978,0.00023,0.93956,0.00044
95.02206,0.48530,0.06122,0.00026,0.93803,0.00049
95.12500,0.48529,0.05694,0.00020,0.94243,0.00042
95.22794,0.48529,0.05775,0.00021,0.94155,0.00049
95.33088,0.48530,0.06006,0.00020,0.93929,0.00045
95.43382,0.48530,0.05719,0.00021,0.94219,0.00040
95.53677,0.48529,0.05454,0.00017,0.94497,0.00032
95.63971,0.48529,0.05651,0.00022,0.94282,0.00045
95.74265,0.48530,0.05933,0.00023,0.94001,0.00043
95.84559,0.48529,0.05821,0.00024,0.94108,0.00047
95.94853,0.48529,0.05632,0.00022,0.94299,0.00048
96.05147,0.48530,0.06216,0.00025,0.93702,0.00058
96.15441,0.48530,0.05507,0.00021,0.94424,0.00048
96.25735,0.48529,0.05541,0.00018,0.94403,0.00038
96.36029,0.48530,0.05963,0.00023,0.93972,0.00042
96.46323,0.48530,0.05667,0.00020,0.94275,0.00039
96.56618,0.48529,0.05607,0.00021,0.94331,0.00041
96.66912,0.48529,0.05762,0.00021,0.94176,0.00041
96.77206,0.48530,0.05945,0.00024,0.93985,0.00046
96.87500,0.48529,0.05823,0.00022,0.94108,0.00047
96.97794,0.48529,0.05545,0.00020,0.94394,0.00042
97.08088,0.48530,0.05541,0.00019,0.94398,0.00042
97.18382,0.48530,0.05558,0.00019,0.94383,0.00041
97.28677,0.48529,0.05169,0.00018,0.94776,0.00036
97.38971,0.48529,0.05697,0.00021,0.94243,0.00039
97.49265,0.48530,0.06041,0.00023,0.93889,0.00047
97.59559,0.48529,0.06177,0.00024,0.93751,0.00048
97.69853,0.48529,0.06160,0.00027,0.93758,0.00054
97.80147,0.48530,0.05889,0.00022,0.94037,0.00051
97.90441,0.48530,0.05449,0.00017,0.94492,0.00043
98.00735,0.48529,0.05283,0.00017,0.94665,0.00035
98.11029,0.48530,0.05931,0.00021,0.94007,0.00041
98.21323,0.48530,0.05564,0.00019,0.94383,0.00034
98.31618,0.48529,0.05415,0.00019,0.94529,0.00037
98.41912,0.48529,0.05781,0.00022,0.94154,0.00044
98.52206,0.48530,0.06188,0.00026,0.93737,0.00049
98.62500,0.48529,0.05850,0.00021,0.94083,0.00046
98.72794,0.48529,0.05390,0.00018,0.94550,0.00042
98.83088,0.48530,0.05796,0.00021,0.94138,0.00046
98.93382,0.48530,0.05510,0.00019,0.94433,0.00038
99.03677,0.48529,0.05106,0.00016,0.94848,0.00031
99.13971,0.48529,0.05276,0.00017,0.94671,0.00036
99.24265,0.48530,0.05665,0.00020,0.94271,0.00043
99.34559,0.48529,0.05502,0.00023,0.94426,0.00049
99.44853,0.48529,0.06002,0.00023,0.93929,0.00047
99.55147,0.48530,0.05545,0.00020,0.94390,0.00045
99.65441,0.48530,0.05804,0.00022,0.94126,0.00048
99.75735,0.48529,0.05989,0.00022,0.93943,0.00046
99.86029,0.48530,0.05633,0.00021,0.94304,0.00041
99.96323,0.48530,0.05312,0.00018,0.94635,0.00036
100.06618,0.48529,0.05742,0.00021,0.94197,0.00040
100.16912,0.48529,0.05951,0.00023,0.93981,0.00045
100.27206,0.48530,0.05945,0.00024,0.93978,0.00053
100.37500,0.48529,0.05775,0.00023,0.94157,0.00045
100.47794,0.48529,0.05713,0.00021,0.94217,0.00049
100.58088,0.48530,0.05733,0.00019,0.94206,0.00042
100.68382,0.48530,0.05217,0.00019,0.94728,0.00037
100.78677,0.48529,0.05379,0.00018,0.94569,0.00034
100.88971,0.48529,0.05401,0.00019,0.94544,0.00036
100.99265,0.48530,0.05900,0.00024,0.94033,0.00043
101.09559,0.48529,0.05501,0.00021,0.94437,0.00041
101.19853,0.48529,0.05791,0.00022,0.94143,0.00044
101.30147,0.48530,0.06184,0.00024,0.93738,0.00054
101.40441,0.48530,0.05651,0.00020,0.94285,0.00043
101.50735,0.48529,0.05392,0.00019,0.94549,0.00041
101.61029,0.48530,0.05571,0.00019,0.94371,0.00039
101.71323,0.48530,0.05420,0.00019,0.94522,0.00038
101.81618,0.48529,0.05512,0.00019,0.94435,0.00034
101.91912,0.48529,0.05881,0.00022,0.94055,0.00042
102.02206,0.48530,0.05868,0.00024,0.94063,0.00045
102.12500,0.48529,0.05709,0.00022,0.94220,0.00049
102.22794,0.48529,0.05676,0.00021,0.94257,0.00046
102.33088,0.48530,0.05828,0.00021,0.94104,0.00048
102.43382,0.48530,0.05881,0.00023,0.94051,0.00045
102.53677,0.48529,0.05447,0.00019,0.94499,0.00035
102.63971,0.48529,0.05468,0.00018,0.94480,0.00035
102.74265,0.48530,0.05854,0.00024,0.94077,0.00046
102.84559,0.48529,0.05928,0.00023,0.94002,0.00047
102.94853,0.48529,0.06348,0.00026,0.93573,0.00054
103.05147,0.48530,0.05936,0.00022,0.93995,0.00047
103.15441,0.48530,0.05812,0.00022,0.94115,0.00051
103.25735,0.48529,0.05657,0.00019,0.94280,0.00043
103.36029,0.48530,0.05176,0.00017,0.94774,0.00033
103.46323,0.48530,0.05342,0.00017,0.94608,0.00033
103.56618,0.48529,0.05462,0.00019,0.94482,0.00037
103.66912,0.48529,0.05836,0.00021,0.94100,0.00043
103.77206,0.48530,0.05807,0.00022,0.94124,0.00048
103.87500,0.48529,0.05932,0.00023,0.93997,0.00049
103.97794,0.48529,0.05826,0.00022,0.94109,0.00044
104.08088,0.48530,0.05622,0.00019,0.94315,0.00044
104.18382,0.48530,0.05708,0.00021,0.94229,0.00043
104.28677,0.48529,0.05560,0.00019,0.94385,0.00036
104.38971,0.48529,0.05289,0.00018,0.94657,0.00037
104.49265,0.48530,0.05207,0.00017,0.94744,0.00032
104.59559,0.48529,0.06026,0.00025,0.93902,0.00046
104.69853,0.48529,0.06312,0.00025,0.93611,0.00052
104.80147,0.48530,0.05758,0.00022,0.94170,0.00050
104.90441,0.48530,0.05959,0.00024,0.93965,0.00052
105.00735,0.48529,0.05673,0.00019,0.94266,0.00042
105.11029,0.48530,0.05805,0.00022,0.94130,0.00043
105.21323,0.48530,0.05546,0.00020,0.94396,0.00038
105.31618,0.48529,0.05174,0.00017,0.94774,0.00035
105.41912,0.48529,0.05738,0.00020,0.94202,0.00039
105.52206,0.48530,0.05877,0.00023,0.94052,0.00048
105.62500,0.48529,0.06367,0.00027,0.93557,0.00050
105.72794,0.48529,0.06002,0.00024,0.93922,0.00053
105.83088,0.48530,0.05706,0.00021,0.94222,0.00051
105.93382,0.48530,0.05679,0.00021,0.94253,0.00047
106.03677,0.48529,0.05922,0.00020,0.94021,0.00037
106.13971,0.48529,0.05696,0.00020,0.94245,0.00039
106.24265,0.48530,0.06006,0.00021,0.93932,0.00041
106.34559,0.48529,0.05719,0.00021,0.94217,0.00043
106.44853,0.48529,0.05867,0.00024,0.94061,0.00048
106.55147,0.48530,0.06228,0.00026,0.93693,0.00053
106.65441,0.48530,0.05880,0.00021,0.94052,0.00047
106.75735,0.48529,0.05518,0.00020,0.94418,0.00043
106.86029,0.48530,0.05658,0.00020,0.94280,0.00042
106.96323,0.48530,0.05378,0.00019,0.94566,0.00036
107.06618,0.48529,0.05624,0.00019,0.94322,0.00035
107.16912,0.48529,0.05648,0.00022,0.94289,0.00042
107.27206,0.48530,0.05992,0.00025,0.93935,0.00048
107.37500,0.48529,0.06086,0.00026,0.93838,0.00050
107.47794,0.48529,0.06024,0.00025,0.93898,0.00053
107.58088,0.48530,0.05574,0.00019,0.94364,0.00043
107.68382,0.48530,0.05484,0.00019,0.94458,0.00039
107.78677,0.48529,0.05512,0.00019,0.94432,0.00037
107.88971,0.48529,0.05393,0.00018,0.94555,0.00035
107.99265,0.48530,0.05761,0.00022,0.94177,0.00040
108.09559,0.48529,0.05746,0.00022,0.94190,0.00043
108.19853,0.48529,0.05929,0.00021,0.94005,0.00045
108.30147,0.48530,0.05966,0.00023,0.93964,0.00047
108.40441,0.48530,0.06243,0.00024,0.93683,0.00049
108.50735,0.48529,0.05748,0.00020,0.94185,0.00047
108.61029,0.48530,0.05514,0.00018,0.94433,0.00036
108.71323,0.48530,0.05402,0.00019,0.94540,0.00039
108.81618,0.48529,0.05702,0.00020,0.94242,0.00037
108.91912,0.48529,0.05373,0.00018,0.94572,0.00036
109.02206,0.48530,0.05464,0.00019,0.94477,0.00040
109.12500,0.48529,0.06057,0.00024,0.93871,0.00048
109.22794,0.48529,0.05640,0.00022,0.94290,0.00048
109.33088,0.48530,0.05491,0.00018,0.94447,0.00043
109.43382,0.48530,0.05731,0.00020,0.94205,0.00043
109.53677,0.48529,0.05580,0.00021,0.94355,0.00045
109.63971,0.48529,0.05516,0.00018,0.94432,0.00034
109.74265,0.48530,0.05624,0.00021,0.94313,0.00043
109.84559,0.48529,0.05444,0.00017,0.94501,0.00037
109.94853,0.48529,0.05543,0.00022,0.94391,0.00044
110.05147,0.48530,0.05729,0.00021,0.94206,0.00044
110.15441,0.48530,0.05722,0.00020,0.94213,0.00045
110.25735,0.48529,0.05448,0.00018,0.94493,0.00040
110.36029,0.48530,0.05675,0.00022,0.94259,0.00044
110.46323,0.48530,0.05534,0.00019,0.94410,0.00037
110.56618,0.48529,0.05282,0.00018,0.94666,0.00034
110.66912,0.48529,0.05958,0.00024,0.93971,0.00046
110.77206,0.48530,0.05484,0.00020,0.94455,0.00042
110.87500,0.48529,0.05692,0.00022,0.94241,0.00045
110.97794,0.48529,0.06040,0.00022,0.93892,0.00047
111.08088,0.48530,0.05460,0.00020,0.94475,0.00045
111.18382,0.48530,0.05739,0.00019,0.94197,0.00044
111.28677,0.48529,0.05520,0.00020,0.94420,0.00040
111.38971,0.48529,0.05260,0.00018,0.94689,0.00033
111.49265,0.48530,0.05551,0.00020,0.94392,0.00037
111.59559,0.48529,0.05432,0.00018,0.94513,0.00037
111.69853,0.48529,0.06086,0.00027,0.93834,0.00053
111.80147,0.48530,0.06277,0.00026,0.93641,0.00056
111.90441,0.48530,0.05714,0.00020,0.94219,0.00046
112.00735,0.48529,0.05915,0.00023,0.94011,0.00051
112.11029,0.48530,0.05825,0.00021,0.94113,0.00042
112.21323,0.48530,0.05420,0.00019,0.94524,0.00037
112.31618,0.48529,0.05332,0.00016,0.94620,0.00032
112.41912,0.48529,0.05973,0.00022,0.93966,0.00039
112.52206,0.48530,0.05729,0.00021,0.94209,0.00042
112.62500,0.48529,0.06068,0.00022,0.93863,0.00047
112.72794,0.48529,0.05463,0.00022,0.94465,0.00050
112.83088,0.48530,0.05704,0.00021,0.94227,0.00048
112.93382,0.48530,0.05541,0.00018,0.94401,0.00040
113.03677,0.48529,0.05390,0.00018,0.94553,0.00039
113.13971,0.48529,0.05716,0.00020,0.94226,0.00038
113.24265,0.48530,0.05377,0.00018,0.94569,0.00035
113.34559,0.48529,0.05550,0.00019,0.94397,0.00034
113.44853,0.48529,0.06110,0.00029,0.93806,0.00056
113.55147,0.48530,0.05908,0.00021,0.94026,0.00045
113.65441,0.48530,0.05728,0.00024,0.94197,0.00051
113.75735,0.48529,0.05892,0.00022,0.94036,0.00050
113.86029,0.48530,0.05414,0.00020,0.94526,0.00040
113.96323,0.48530,0.05193,0.00017,0.94757,0.00033
114.06618,0.48529,0.05214,0.00018,0.94732,0.00036
114.16912,0.48529,0.05930,0.00020,0.94012,0.00038
114.27206,0.48530,0.05909,0.00024,0.94024,0.00043
114.37500,0.48529,0.06087,0.00026,0.93837,0.00051
114.47794,0.48529,0.05811,0.00022,0.94120,0.00047
114.58088,0.48530,0.05697,0.00020,0.94238,0.00045
114.68382,0.48530,0.06269,0.00024,0.93654,0.00053
114.78677,0.48529,0.05453,0.00021,0.94484,0.00042
114.88971,0.48529,0.05455,0.00019,0.94491,0.00035
114.99265,0.48530,0.05392,0.00019,0.94549,0.00039
115.09559,0.48529,0.05852,0.00021,0.94088,0.00039
115.19853,0.48529,0.05981,0.00026,0.93946,0.00048
115.30147,0.48530,0.05915,0.00023,0.94015,0.00047
115.40441,0.48530,0.05956,0.00022,0.93975,0.00047
115.50735,0.48529,0.05835,0.00022,0.94093,0.00049
115.61029,0.48530,0.05697,0.00022,0.94233,0.00047
115.71323,0.48530,0.05599,0.00021,0.94336,0.00044
115.81618,0.48529,0.05225,0.00018,0.94724,0.00033
115.91912,0.48529,0.05660,0.00021,0.94281,0.00038
116.02206,0.48530,0.05540,0.00022,0.94397,0.00042
116.12500,0.48529,0.05806,0.00022,0.94127,0.00045
116.22794,0.48529,0.06043,0.00024,0.93882,0.00051
116.33088,0.48530,0.05845,0.00022,0.94084,0.00049
116.43382,0.48530,0.05608,0.00021,0.94322,0.00050
116.53677,0.48529,0.05643,0.00019,0.94296,0.00042
116.63971,0.48529,0.05567,0.00021,0.94375,0.00037
116.74265,0.48530,0.05527,0.00019,0.94417,0.00037
116.84559,0.48529,0.05588,0.00020,0.94352,0.00039
116.94853,0.48529,0.05437,0.00024,0.94496,0.00044
117.05147,0.48530,0.05735,0.00021,0.94202,0.00042
117.15441,0.48530,0.05517,0.00020,0.94419,0.00044
117.25735,0.48529,0.05727,0.00021,0.94204,0.00048
117.36029,0.48530,0.05301,0.00017,0.94648,0.00035
117.46323,0.48530,0.05421,0.00018,0.94521,0.00040
117.56618,0.48529,0.05779,0.00020,0.94165,0.00037
117.66912,0.48529,0.05770,0.00023,0.94167,0.00041
117.77206,0.48530,0.05610,0.00020,0.94332,0.00038
117.87500,0.48529,0.05756,0.00022,0.94176,0.00046
117.97794,0.48529,0.05510,0.00018,0.94431,0.00041
118.08088,0.48530,0.06171,0.00025,0.93750,0.00054
118.18382,0.48530,0.05616,0.00019,0.94322,0.00043
118.28677,0.48529,0.05400,0.00019,0.94540,0.00040
118.38971,0.48529,0.05728,0.00021,0.94209,0.00042
118.49265,0.48530,0.05506,0.00020,0.94436,0.00039
118.59559,0.48529,0.05338,0.00019,0.94603,0.00040
118.69853,0.48529,0.05936,0.00024,0.93994,0.00047
118.80147,0.48530,0.05652,0.00022,0.94281,0.00045
118.90441,0.48530,0.05802,0.00020,0.94133,0.00044
119.00735,0.48529,0.05607,0.00018,0.94332,0.00043
119.11029,0.48530,0.05516,0.00019,0.94423,0.00042
119.21323,0.48530,0.05791,0.00020,0.94147,0.00042
119.31618,0.48529,0.05247,0.00017,0.94701,0.00035
119.41912,0.48529,0.05250,0.00017,0.94699,0.00034
119.52206,0.48530,0.05745,0.00021,0.94193,0.00040
119.62500,0.48529,0.05861,0.00024,0.94067,0.00047
119.72794,0.48529,0.06065,0.00023,0.93864,0.00048
119.83088,0.48530,0.06099,0.00026,0.93819,0.00056
119.93382,0.48530,0.05692,0.00019,0.94247,0.00042
120.03677,0.48529,0.05399,0.00019,0.94542,0.00041
120.13971,0.48529,0.05714,0.00018,0.94232,0.00036
120.24265,0.48530,0.05390,0.00019,0.94557,0.00035
120.34559,0.48529,0.05543,0.00018,0.94400,0.00039
120.44853,0.48529,0.05307,0.00018,0.94638,0.00036
120.55147,0.48530,0.06073,0.00027,0.93852,0.00048
120.65441,0.48530,0.06176,0.00024,0.93750,0.00050
120.75735,0.48529,0.05583,0.00019,0.94357,0.00040
