# Time (seconds),Ganged_LF_Sns0_DiffCount,Ganged_HF_Sns0_DiffCount
0.0073529,2931,311
0.022058782352941175,2925,310
0.036764664705882355,2932,311
0.05147054705882353,2921,311
0.0661764294117647,2936,309
0.08088231176470588,2919,312
0.09558819411764705,2926,311
0.11029407647058823,2922,310
0.1249999588235294,2930,310
0.13970584117647059,2931,309
0.15441172352941177,2917,309
0.16911760588235294,2924,311
0.1838234882352941,2914,310
0.19852937058823528,2927,310
0.21323525294117646,2912,310
0.22794113529411764,2913,310
0.24264701764705882,2915,309
0.2573529,2928,311
0.2720587823529412,2932,309
0.28676466470588236,2921,308
0.30147054705882353,2927,310
0.3161764294117647,2916,313
0.3308823117647059,2932,309
0.3455881941176471,2924,308
0.3602940764705882,2921,310
0.3749999588235294,2920,310
0.38970584117647056,2924,311
0.40441172352941174,2938,311
0.4191176058823529,2919,309
0.4338234882352941,2936,312
0.4485293705882353,2917,311
0.46323525294117646,2929,311
0.47794113529411764,2925,309
0.4926470176470588,2924,310
0.5073529,2931,310
0.5220587823529411,2918,312
0.5367646647058824,2938,313
0.5514705470588235,2924,313
0.5661764294117647,2932,311
0.5808823117647058,2921,309
0.5955881941176471,2922,309
0.6102940764705882,2923,310
0.6249999588235294,2922,311
0.6397058411764706,2931,311
0.6544117235294118,2917,310
0.6691176058823529,2930,312
0.6838234882352942,2922,313
0.6985293705882353,2927,310
0.7132352529411764,2927,309
0.7279411352941176,2921,310
0.7426470176470588,2924,310
0.7573529,2923,312
0.7720587823529411,2931,310
0.7867646647058824,2914,311
0.8014705470588235,2923,309
0.8161764294117647,2917,311
0.8308823117647058,2925,311
0.8455881941176471,2927,310
0.8602940764705882,2922,313
0.8749999588235294,2928,312
0.8897058411764706,2918,311
0.9044117235294118,2930,314
0.9191176058823529,2922,312
0.9338234882352942,2930,311
0.9485293705882353,2920,310
0.9632352529411764,2923,313
0.9779411352941176,2921,312
0.9926470176470588,2928,312
1.0073529,2932,311
1.0220587823529412,2927,311
1.0367646647058824,2936,310
1.0514705470588237,2921,310
1.0661764294117648,2930,309
1.080882311764706,2940,310
1.095588194117647,2924,309
1.1102940764705884,2934,309
1.1249999588235295,2918,310
1.1397058411764707,2936,311
1.1544117235294118,2919,309
1.1691176058823531,2930,310
1.1838234882352943,2924,312
1.1985293705882354,2935,310
1.2132352529411765,2940,311
1.2279411352941176,2930,312
1.242647017647059,2936,311
1.2573529,2919,308
1.2720587823529412,2927,309
1.2867646647058824,2924,314
1.3014705470588237,2942,312
1.3161764294117648,2932,308
1.330882311764706,2929,309
1.345588194117647,2940,310
1.3602940764705884,2927,311
1.3749999588235295,2934,311
1.3897058411764707,2925,307
1.4044117235294118,2935,309
1.419117605882353,2935,309
1.4338234882352943,2933,309
1.4485293705882354,2938,307
1.4632352529411765,2938,312
1.4779411352941176,2954,310
1.492647017647059,2934,311
1.5073529,2947,311
1.5220587823529412,2940,311
1.5367646647058824,2951,311
1.5514705470588237,2950,311
1.5661764294117648,2961,313
1.580882311764706,2966,313
1.595588194117647,2951,313
1.6102940764705884,2972,314
1.6249999588235295,2957,315
1.6397058411764707,2980,316
1.6544117235294118,2985,314
1.669117605882353,2997,315
1.6838234882352943,3007,315
1.6985293705882354,3009,319
1.7132352529411765,3033,316
1.7279411352941176,3038,318
1.742647017647059,3056,321
1.7573529,3069,322
1.7720587823529412,3097,323
1.7867646647058824,3117,323
1.8014705470588237,3132,325
1.8161764294117648,3166,328
1.830882311764706,3174,330
1.845588194117647,3199,332
1.8602940764705884,3212,331
1.8749999588235295,3234,333
1.8897058411764707,3229,331
1.9044117235294118,3233,331
1.919117605882353,3223,332
1.9338234882352943,3210,329
1.9485293705882354,3201,327
1.9632352529411765,3174,330
1.9779411352941176,3158,330
1.992647017647059,3136,325
2.0073529,3124,324
2.022058782352941,3095,323
2.036764664705882,3074,323
2.0514705470588233,3064,323
2.0661764294117644,3039,321
2.080882311764706,3041,318
2.095588194117647,3016,318
2.110294076470588,3019,317
2.1249999588235293,3001,313
2.1397058411764704,3013,313
2.1544117235294116,3016,312
2.1691176058823527,2996,313
2.183823488235294,2997,316
2.198529370588235,2976,317
2.2132352529411765,2984,315
2.2279411352941176,2967,315
2.2426470176470588,2975,317
2.2573529,2971,315
2.272058782352941,2966,315
2.286764664705882,2979,315
2.3014705470588233,2972,313
2.3161764294117644,2969,314
2.330882311764706,2955,313
2.345588194117647,2964,314
2.360294076470588,2954,313
2.3749999588235293,2955,313
2.3897058411764704,2953,310
2.4044117235294116,2947,312
2.4191176058823527,2965,313
2.433823488235294,2950,313
2.448529370588235,2957,311
2.4632352529411765,2941,313
2.4779411352941176,2953,311
2.4926470176470588,2953,309
2.5073529,2956,311
2.522058782352941,2962,311
2.536764664705882,2947,312
2.5514705470588233,2958,311
2.5661764294117644,2940,309
2.580882311764706,2945,313
2.595588194117647,2944,310
2.610294076470588,2946,311
2.6249999588235293,2950,310
2.6397058411764704,2949,311
2.6544117235294116,2944,311
2.6691176058823527,2940,312
2.683823488235294,2947,310
2.698529370588235,2934,309
2.7132352529411765,2952,311
2.7279411352941176,2947,310
2.7426470176470588,2947,313
2.7573529,2954,310
2.772058782352941,2937,309
2.786764664705882,2944,310
2.8014705470588233,2934,310
2.8161764294117644,2943,308
2.8308823117647055,2934,309
2.845588194117647,2950,311
2.860294076470588,2951,312
2.8749999588235293,2936,313
2.8897058411764704,2943,314
2.9044117235294116,2938,310
2.9191176058823527,2946,312
2.933823488235294,2931,306
2.948529370588235,2942,309
2.9632352529411765,2935,310
2.9779411352941176,2945,310
2.9926470176470588,2947,309
3.0073529,2936,310
3.022058782352941,2949,310
3.036764664705882,2931,310
3.0514705470588233,2941,310
3.0661764294117644,2935,310
3.0808823117647055,2947,310
3.095588194117647,2959,310
3.110294076470588,2942,311
3.1249999588235293,2947,311
3.1397058411764704,2930,312
3.1544117235294116,2946,312
3.1691176058823527,2931,309
3.183823488235294,2946,312
3.198529370588235,2946,311
3.2132352529411765,2943,310
3.2279411352941176,2950,310
3.2426470176470588,2942,313
3.2573529,2948,314
3.272058782352941,2927,313
3.286764664705882,2945,312
3.3014705470588233,2940,311
3.3161764294117644,2952,309
3.3308823117647055,2947,310
3.345588194117647,2945,309
3.360294076470588,2952,312
3.3749999588235293,2942,314
3.3897058411764704,2952,313
3.4044117235294116,2947,309
3.4191176058823527,2953,311
3.433823488235294,2947,312
3.448529370588235,2951,309
3.4632352529411765,2943,312
3.4779411352941176,2937,313
3.4926470176470588,2956,311
3.5073529,2935,310
3.522058782352941,2949,312
3.536764664705882,2946,306
3.5514705470588233,2954,310
3.5661764294117644,2957,311
3.5808823117647055,2944,311
3.595588194117647,2958,310
3.610294076470588,2951,312
3.6249999588235293,2967,311
3.6397058411764704,2950,311
3.6544117235294116,2960,314
3.6691176058823527,2950,313
3.683823488235294,2952,311
3.698529370588235,2968,313
3.7132352529411765,2958,312
3.7279411352941176,2971,313
3.7426470176470588,2960,312
3.7573529,2977,314
3.772058782352941,2979,313
3.786764664705882,2988,315
3.8014705470588233,2991,315
3.8161764294117644,2992,314
3.8308823117647055,3005,313
3.845588194117647,2999,315
3.860294076470588,3029,319
3.8749999588235293,3029,319
3.8897058411764704,3050,321
3.9044117235294116,3063,321
3.9191176058823527,3075,324
3.933823488235294,3112,324
3.948529370588235,3131,327
3.9632352529411765,3155,328
3.9779411352941176,3167,329
3.9926470176470588,3210,331
4.0073529,3226,333
4.022058782352941,3282,340
4.036764664705882,3328,342
4.051470547058823,3362,346
4.066176429411764,3428,348
4.0808823117647055,3481,353
4.095588194117647,3531,353
4.110294076470588,3600,355
4.124999958823529,3667,361
4.13970584117647,3746,367
4.154411723529412,3855,372
4.169117605882353,3941,377
4.183823488235294,4057,382
4.198529370588235,4189,387
4.2132352529411765,4223,389
4.227941135294118,4288,390
4.242647017647059,4279,390
4.2573529,4272,390
4.272058782352941,4246,389
4.286764664705882,4221,388
4.301470547058823,4201,386
4.316176429411764,4144,385
4.3308823117647055,4102,384
4.345588194117647,4007,380
4.360294076470588,3915,375
4.374999958823529,3832,370
4.38970584117647,3708,359
4.404411723529412,3592,354
4.419117605882353,3508,352
4.433823488235294,3412,349
4.448529370588235,3319,344
4.4632352529411765,3283,339
4.477941135294118,3219,334
4.492647017647059,3178,329
4.5073529,3153,325
4.522058782352941,3122,322
4.536764664705882,3104,322
4.551470547058823,3067,318
4.566176429411764,3054,319
4.5808823117647055,3030,316
4.595588194117647,3032,320
4.610294076470588,3009,312
4.624999958823529,3005,314
4.63970584117647,3003,315
4.654411723529412,3002,314
4.669117605882353,2999,315
4.683823488235294,2984,316
4.698529370588235,2982,317
4.7132352529411765,2970,317
4.727941135294118,2971,317
4.742647017647059,2967,316
4.7573529,2965,317
4.772058782352941,2966,317
4.786764664705882,2955,315
4.801470547058823,2966,313
4.816176429411764,2952,315
4.8308823117647055,2965,311
4.845588194117647,2953,313
4.860294076470588,2957,311
4.874999958823529,2964,312
4.88970584117647,2956,311
4.904411723529412,2968,313
4.919117605882353,2948,312
4.933823488235294,2956,314
4.948529370588235,2945,314
4.9632352529411765,2960,313
4.977941135294118,2951,313
4.992647017647059,2951,312
5.0073529,2955,311
5.022058782352941,2957,315
5.036764664705882,2962,312
5.051470547058823,2949,310
5.066176429411764,2961,308
5.0808823117647055,2954,311
5.095588194117647,2959,312
5.110294076470588,2956,311
5.124999958823529,2953,313
5.13970584117647,2970,314
5.154411723529412,2950,313
5.169117605882353,2961,314
5.183823488235294,2951,313
5.198529370588235,2962,313
5.2132352529411765,2958,313
5.227941135294118,2969,312
5.242647017647059,2968,313
5.2573529,2955,312
5.272058782352941,2966,312
5.286764664705882,2950,312
5.301470547058823,2965,311
5.316176429411764,2954,311
5.3308823117647055,2967,313
5.345588194117647,2963,312
5.360294076470588,2957,313
5.374999958823529,2973,313
5.38970584117647,2964,316
5.404411723529412,2979,314
5.419117605882353,2957,311
5.433823488235294,2964,311
5.448529370588235,2974,309
5.4632352529411765,2970,313
5.477941135294118,2966,311
5.492647017647059,2959,311
5.5073529,2977,311
5.522058782352941,2957,312
5.536764664705882,2966,313
5.551470547058823,2961,317
5.566176429411764,2961,318
5.5808823117647055,2972,316
5.595588194117647,2966,315
5.610294076470588,2968,316
5.624999958823529,2957,313
5.63970584117647,2974,311
5.654411723529411,2964,312
5.669117605882353,2973,314
5.683823488235294,2958,316
5.698529370588235,2968,314
5.7132352529411765,2970,311
5.727941135294118,2957,314
5.742647017647059,2970,311
5.7573529,2958,314
5.772058782352941,2971,314
5.786764664705882,2965,315
5.801470547058823,2976,315
5.816176429411764,2979,314
5.8308823117647055,2972,313
5.845588194117647,2984,315
5.860294076470588,2968,312
5.874999958823529,2981,312
5.88970584117647,2972,315
5.904411723529411,2979,312
5.919117605882353,2972,309
5.933823488235294,2986,316
5.948529370588235,2994,316
5.9632352529411765,2992,317
5.977941135294118,2993,316
5.992647017647059,2968,317
6.0073529,3001,317
6.022058782352941,3005,317
6.036764664705882,3008,320
6.051470547058823,3011,319
6.066176429411764,3014,318
6.0808823117647055,3024,319
6.095588194117647,3030,321
6.110294076470588,3047,322
6.124999958823529,3037,320
6.13970584117647,3072,319
6.154411723529411,3076,320
6.169117605882353,3083,324
6.183823488235294,3098,325
6.198529370588235,3107,321
6.2132352529411765,3129,324
6.227941135294118,3124,328
6.242647017647059,3158,328
6.2573529,3182,328
6.272058782352941,3220,333
6.286764664705882,3256,334
6.301470547058823,3307,339
6.316176429411764,3362,343
6.3308823117647055,3446,349
6.345588194117647,3549,353
6.360294076470588,3596,352
6.374999958823529,3671,356
6.38970584117647,3689,357
6.404411723529411,3670,358
6.419117605882353,3596,355
6.433823488235294,3517,351
6.448529370588235,3416,344
6.4632352529411765,3299,336
6.477941135294118,3257,332
6.492647017647059,3193,326
6.5073529,3160,325
6.522058782352941,3139,325
6.536764664705882,3102,321
6.551470547058823,3074,318
6.566176429411764,3057,318
6.5808823117647055,3057,320
6.595588194117647,3022,320
6.610294076470588,3027,317
6.624999958823529,3006,316
6.63970584117647,3005,314
6.654411723529411,3005,312
6.669117605882353,2995,311
6.683823488235294,3000,313
6.698529370588235,2985,313
6.7132352529411765,2990,316
6.727941135294118,2978,314
6.742647017647059,2979,314
6.7573529,2969,311
6.772058782352941,2979,312
6.786764664705882,2980,312
6.801470547058823,2964,313
6.816176429411764,2974,312
6.8308823117647055,2960,309
6.845588194117647,2962,308
6.860294076470588,2953,310
6.874999958823529,2966,310
6.88970584117647,2970,311
6.904411723529411,2951,313
6.919117605882353,2958,310
6.933823488235294,2941,309
6.948529370588235,2963,310
6.9632352529411765,2941,313
6.977941135294118,2946,310
6.992647017647059,2951,309
7.0073529,2959,311
7.022058782352941,2962,312
7.036764664705882,2951,312
7.051470547058823,2951,312
7.066176429411764,2941,313
7.0808823117647055,2954,313
7.095588194117647,2950,311
7.110294076470588,2953,311
7.124999958823529,2954,312
7.13970584117647,2957,310
7.154411723529411,2958,310
7.169117605882353,2942,310
7.183823488235294,2955,310
7.198529370588235,2942,310
7.2132352529411765,2949,309
7.227941135294118,2951,312
7.242647017647059,2953,314
7.2573529,2959,313
7.272058782352941,2946,313
7.286764664705882,2953,311
7.301470547058823,2940,310
7.316176429411764,2957,312
7.3308823117647055,2950,312
7.345588194117647,2960,313
7.360294076470588,2961,311
7.374999958823529,2957,311
7.38970584117647,2967,313
7.404411723529411,2963,310
7.419117605882353,2970,312
7.433823488235294,2963,313
7.448529370588235,2975,312
7.4632352529411765,2973,312
7.477941135294118,2976,314
7.492647017647059,2986,312
7.5073529,2971,313
7.522058782352941,2990,314
7.536764664705882,2987,313
7.551470547058823,2997,313
7.566176429411764,3001,315
7.5808823117647055,3015,316
7.595588194117647,3021,316
7.610294076470588,3015,315
7.624999958823529,3041,318
7.63970584117647,3040,316
7.654411723529411,3061,316
7.669117605882353,3056,316
7.683823488235294,3069,321
7.698529370588235,3081,317
7.7132352529411765,3091,321
7.727941135294118,3104,325
7.742647017647059,3115,328
7.7573529,3135,325
7.772058782352941,3147,327
7.786764664705882,3208,332
7.801470547058823,3253,333
7.816176429411764,3289,333
7.8308823117647055,3298,336
7.845588194117647,3302,335
7.860294076470588,3295,335
7.874999958823529,3277,334
7.88970584117647,3295,332
7.904411723529411,3275,333
7.919117605882353,3280,335
7.933823488235294,3263,330
7.948529370588235,3254,332
7.9632352529411765,3249,331
7.977941135294118,3229,329
7.992647017647059,3233,330
8.0073529,3217,330
8.022058782352941,3219,328
8.036764664705883,3200,327
8.051470547058825,3203,329
8.066176429411765,3201,332
8.080882311764707,3191,330
8.095588194117648,3191,327
8.11029407647059,3177,331
8.12499995882353,3177,331
8.139705841176472,3172,327
8.154411723529412,3176,326
8.169117605882354,3176,326
8.183823488235294,3170,327
8.198529370588236,3167,325
8.213235252941177,3157,324
8.227941135294119,3166,325
8.242647017647059,3158,327
8.2573529,3154,327
8.272058782352941,3150,325
8.286764664705883,3156,327
8.301470547058825,3152,324
8.316176429411765,3140,325
8.330882311764707,3143,325
8.345588194117648,3124,325
8.36029407647059,3135,326
8.37499995882353,3121,321
8.389705841176472,3130,325
8.404411723529412,3116,324
8.419117605882354,3112,323
8.433823488235294,3112,324
8.448529370588236,3107,321
8.463235252941177,3110,320
8.477941135294119,3091,323
8.492647017647059,3098,322
8.5073529,3094,322
8.522058782352941,3104,318
8.536764664705883,3102,319
8.551470547058825,3083,324
8.566176429411765,3080,317
8.580882311764707,3058,315
8.595588194117648,3072,319
8.61029407647059,3047,318
8.62499995882353,3054,317
8.639705841176472,3039,316
8.654411723529412,3040,317
8.669117605882354,3044,315
8.683823488235294,3021,317
8.698529370588236,3018,318
8.713235252941177,2994,315
8.727941135294119,2989,311
8.742647017647059,2982,312
8.7573529,2977,318
8.772058782352941,2969,314
8.786764664705883,2975,314
8.801470547058825,2985,311
8.816176429411765,2969,311
8.830882311764707,2977,313
8.845588194117648,2962,315
8.86029407647059,2978,315
8.87499995882353,2973,312
8.889705841176472,2969,312
8.904411723529412,2977,312
8.919117605882354,2960,310
8.933823488235294,2963,311
8.948529370588236,2957,312
8.963235252941177,2972,311
8.977941135294119,2952,310
8.992647017647059,2962,307
9.0073529,2970,309
9.022058782352941,2960,312
9.036764664705883,2974,310
9.051470547058825,2968,312
9.066176429411765,2972,313
9.080882311764707,2959,314
9.095588194117648,2965,310
9.11029407647059,2963,309
9.12499995882353,2963,312
9.139705841176472,2966,312
9.154411723529412,2959,311
9.169117605882354,2974,313
9.183823488235294,2962,312
9.198529370588236,2971,315
9.213235252941177,2978,314
9.227941135294119,2986,312
9.242647017647059,2979,311
9.2573529,2984,313
9.272058782352941,2994,313
9.286764664705883,2984,316
9.301470547058825,2994,317
9.316176429411765,2997,314
9.330882311764707,3014,313
9.345588194117648,3009,316
9.36029407647059,3022,317
9.37499995882353,3035,318
9.389705841176472,3046,319
9.404411723529412,3061,319
9.419117605882354,3063,319
9.433823488235294,3094,319
9.448529370588236,3093,322
9.463235252941177,3116,327
9.477941135294119,3130,324
9.492647017647059,3146,326
9.5073529,3179,331
9.522058782352941,3184,330
9.536764664705883,3220,334
9.551470547058825,3229,336
9.566176429411765,3259,335
9.580882311764707,3275,336
9.595588194117648,3303,339
9.61029407647059,3315,340
9.62499995882353,3316,342
9.639705841176472,3349,341
9.654411723529412,3348,341
9.669117605882354,3364,340
9.683823488235294,3350,344
9.698529370588236,3348,344
9.713235252941177,3329,342
9.727941135294119,3312,340
9.742647017647059,3306,336
9.7573529,3272,337
9.772058782352941,3261,335
9.786764664705883,3226,333
9.801470547058825,3214,331
9.816176429411765,3186,330
9.830882311764707,3167,328
9.845588194117648,3153,325
9.86029407647059,3137,327
9.87499995882353,3119,321
9.889705841176472,3095,321
9.904411723529412,3090,320
9.919117605882354,3058,316
9.933823488235294,3057,317
9.948529370588236,3050,316
9.963235252941177,3028,312
9.977941135294119,3020,315
9.992647017647059,3000,315
10.0073529,3008,316
10.022058782352941,2996,314
10.036764664705883,2991,313
10.051470547058825,2977,311
10.066176429411765,2980,313
10.080882311764707,2982,314
10.095588194117648,2972,309
10.11029407647059,2980,310
10.12499995882353,2959,310
10.139705841176472,2973,312
10.154411723529412,2960,314
10.169117605882354,2960,311
10.183823488235294,2959,313
10.198529370588236,2953,315
10.213235252941177,2965,314
10.227941135294119,2945,313
10.242647017647059,2954,310
10.2573529,2941,309
10.272058782352941,2950,312
10.286764664705883,2948,310
10.301470547058825,2955,311
10.316176429411765,2956,311
10.330882311764707,2949,312
10.345588194117648,2962,313
10.36029407647059,2943,316
10.37499995882353,2945,315
10.389705841176472,2937,316
10.404411723529412,2949,319
10.419117605882354,2943,311
10.433823488235294,2951,309
10.448529370588236,2956,310
10.463235252941177,2943,311
10.477941135294119,2951,311
10.492647017647059,2938,312
10.5073529,2955,310
10.522058782352941,2940,311
10.536764664705883,2949,312
10.551470547058825,2955,311
10.566176429411765,2951,311
10.580882311764707,2962,315
10.595588194117648,2941,313
10.61029407647059,2948,311
10.62499995882353,2934,309
10.639705841176472,2952,310
10.654411723529412,2942,309
10.669117605882354,2951,309
10.683823488235294,2958,310
10.698529370588236,2948,312
10.713235252941177,2956,313
10.727941135294119,2940,313
10.742647017647059,2958,311
10.7573529,2955,311
10.772058782352941,2952,311
10.786764664705883,2956,309
10.801470547058825,2941,311
10.816176429411765,2945,310
10.830882311764707,2934,311
10.845588194117648,2945,311
10.86029407647059,2942,312
10.87499995882353,2953,313
10.889705841176472,2949,311
10.904411723529412,2951,312
10.919117605882354,2948,312
10.933823488235294,2947,311
10.948529370588236,2966,312
10.963235252941177,2944,312
10.977941135294119,2956,314
10.992647017647059,2946,314
11.0073529,2954,316
11.022058782352941,2951,315
11.036764664705883,2957,313
11.051470547058825,2963,313
11.066176429411765,2947,311
11.080882311764707,2960,311
11.095588194117648,2953,309
11.11029407647059,2964,309
11.12499995882353,2959,311
11.139705841176472,2967,312
11.154411723529412,2967,313
11.169117605882354,2960,314
11.183823488235294,2983,313
11.198529370588236,2965,313
11.213235252941177,2972,311
11.227941135294119,2975,312
11.242647017647059,2984,311
11.2573529,2986,312
11.272058782352941,2988,316
11.286764664705883,3002,313
11.301470547058823,2991,311
11.316176429411765,3005,313
11.330882311764707,2994,317
11.345588194117648,3018,318
11.36029407647059,3018,315
11.37499995882353,3029,317
11.389705841176472,3051,319
11.404411723529412,3054,322
11.419117605882354,3071,321
11.433823488235294,3079,324
11.448529370588236,3104,325
11.463235252941177,3105,324
11.477941135294119,3122,324
11.492647017647059,3137,325
11.5073529,3150,330
11.522058782352941,3178,331
11.536764664705883,3188,329
11.551470547058823,3203,331
11.566176429411765,3202,331
11.580882311764707,3220,331
11.595588194117648,3231,332
11.61029407647059,3241,336
11.62499995882353,3247,333
11.639705841176472,3231,333
11.654411723529412,3241,333
11.669117605882354,3223,332
11.683823488235294,3220,335
11.698529370588236,3187,332
11.713235252941177,3176,331
11.727941135294119,3164,329
11.742647017647059,3137,326
11.7573529,3126,327
11.772058782352941,3092,328
11.786764664705883,3080,327
11.801470547058823,3062,321
11.816176429411765,3053,320
11.830882311764707,3035,318
11.845588194117648,3022,316
11.86029407647059,3017,315
11.87499995882353,3003,316
11.889705841176472,2999,315
11.904411723529412,2984,312
11.919117605882354,2994,314
11.933823488235294,2982,315
11.948529370588236,2986,317
11.963235252941177,2986,319
11.977941135294119,2971,317
11.992647017647059,2970,314
12.0073529,2960,316
12.022058782352941,2976,314
12.036764664705883,2970,311
12.051470547058823,2967,310
12.066176429411765,2966,315
12.080882311764707,2966,316
12.095588194117648,2973,313
12.11029407647059,2962,312
12.12499995882353,2961,312
12.139705841176472,2948,314
12.154411723529412,2967,313
12.169117605882354,2964,313
12.183823488235294,2971,316
12.198529370588236,2971,317
12.213235252941177,2966,316
12.227941135294119,2971,313
12.242647017647059,2958,314
12.2573529,2976,312
12.272058782352941,2958,315
12.286764664705883,2977,314
12.301470547058823,2976,315
12.316176429411765,2989,314
12.330882311764707,2991,314
12.345588194117648,2982,312
12.36029407647059,2993,313
12.37499995882353,2985,314
12.389705841176472,3005,315
12.404411723529412,3000,317
12.419117605882354,3008,321
12.433823488235294,3024,318
12.448529370588236,3026,317
12.463235252941177,3039,320
12.477941135294119,3037,322
12.492647017647059,3061,323
12.5073529,3057,322
12.522058782352941,3089,321
12.536764664705883,3100,321
12.551470547058823,3116,325
12.566176429411765,3137,328
12.580882311764707,3141,327
12.595588194117648,3170,328
12.61029407647059,3172,329
12.62499995882353,3211,332
12.639705841176472,3225,333
12.654411723529412,3249,337
12.669117605882354,3267,339
12.683823488235294,3298,341
12.698529370588236,3321,343
12.713235252941177,3345,344
12.727941135294119,3397,345
12.742647017647059,3404,346
12.7573529,3458,352
12.772058782352941,3479,352
12.786764664705883,3505,353
12.801470547058823,3530,354
12.816176429411765,3533,352
12.830882311764707,3562,352
12.845588194117648,3547,351
12.86029407647059,3547,352
12.87499995882353,3524,353
12.889705841176472,3508,352
12.904411723529412,3494,352
12.919117605882354,3457,350
12.933823488235294,3421,347
12.948529370588236,3388,346
12.963235252941177,3367,344
12.977941135294119,3322,344
12.992647017647059,3308,341
13.0073529,3267,339
13.022058782352941,3244,337
13.036764664705883,3222,333
13.051470547058823,3185,331
13.066176429411765,3172,326
13.080882311764707,3136,327
13.095588194117648,3127,323
13.11029407647059,3105,323
13.12499995882353,3092,323
13.139705841176472,3073,317
13.154411723529412,3068,318
13.169117605882354,3069,322
13.183823488235294,3049,323
13.198529370588236,3046,321
13.213235252941177,3025,318
13.227941135294119,3034,317
13.242647017647059,3026,317
13.2573529,3027,315
13.272058782352941,3021,315
13.286764664705883,3003,318
13.301470547058823,3019,317
13.316176429411765,2997,314
13.330882311764707,3011,315
13.345588194117648,2991,312
13.36029407647059,2999,313
13.37499995882353,2994,310
13.389705841176472,2999,315
13.404411723529412,3008,316
13.419117605882354,3001,317
13.433823488235294,3000,319
13.448529370588236,2984,315
13.463235252941177,2993,313
13.477941135294119,2993,312
13.492647017647059,2988,314
13.5073529,3001,315
13.522058782352941,2992,313
13.536764664705883,3004,317
13.551470547058823,2983,317
13.566176429411765,2991,314
13.580882311764707,2985,313
13.595588194117648,3003,318
13.61029407647059,3003,317
13.62499995882353,3004,314
13.639705841176472,3014,315
13.654411723529412,3003,314
13.669117605882354,3020,318
13.683823488235294,3010,319
13.698529370588236,3030,318
13.713235252941177,3029,319
13.727941135294119,3037,317
13.742647017647059,3038,315
13.7573529,3051,320
13.772058782352941,3070,322
13.786764664705883,3069,319
13.801470547058823,3098,325
13.816176429411765,3100,324
13.830882311764707,3114,323
13.845588194117648,3131,325
13.86029407647059,3149,326
13.87499995882353,3175,329
13.889705841176472,3184,333
13.904411723529412,3220,335
13.919117605882354,3244,334
13.933823488235294,3269,335
13.948529370588236,3280,338
13.963235252941177,3306,342
13.977941135294119,3325,342
13.992647017647059,3331,340
14.0073529,3333,339
14.022058782352941,3321,342
14.036764664705883,3330,342
14.051470547058823,3316,339
14.066176429411765,3312,341
14.080882311764707,3297,342
14.095588194117648,3292,341
14.11029407647059,3279,340
14.12499995882353,3261,337
14.139705841176472,3255,336
14.154411723529412,3225,333
14.169117605882354,3210,335
14.183823488235294,3192,334
14.198529370588236,3181,329
14.213235252941177,3146,326
14.227941135294119,3130,327
14.242647017647059,3116,325
14.2573529,3082,321
14.272058782352941,3074,321
14.286764664705883,3042,321
14.301470547058823,3041,321
14.316176429411765,3019,321
14.330882311764707,3012,316
14.345588194117648,3013,313
14.36029407647059,2991,314
14.37499995882353,2988,313
14.389705841176472,2975,313
14.404411723529412,2986,314
14.419117605882354,2959,316
14.433823488235294,2962,315
14.448529370588236,2962,315
14.463235252941177,2953,313
14.477941135294119,2960,311
14.492647017647059,2956,311
14.5073529,2956,311
14.522058782352941,2934,311
14.536764664705883,2950,312
14.551470547058823,2950,313
14.566176429411765,2948,311
14.580882311764707,2947,309
14.595588194117648,2941,308
14.61029407647059,2950,309
14.62499995882353,2923,310
14.639705841176472,2939,310
14.654411723529412,2929,311
14.669117605882354,2934,312
14.683823488235294,2930,313
14.698529370588236,2926,311
14.713235252941177,2939,310
14.727941135294119,2921,308
14.742647017647059,2942,312
14.7573529,2941,310
14.772058782352941,2940,313
14.786764664705883,2928,308
14.801470547058823,2931,309
14.816176429411765,2940,310
14.830882311764707,2936,314
14.845588194117648,2950,315
14.86029407647059,2929,312
14.87499995882353,2937,310
14.889705841176472,2935,308
14.904411723529412,2934,312
14.919117605882354,2939,310
14.933823488235294,2939,311
14.948529370588236,2941,313
14.963235252941177,2921,312
14.977941135294119,2942,314
14.992647017647059,2922,313
15.0073529,2931,310
15.022058782352941,2926,309
15.036764664705883,2935,308
15.051470547058823,2938,306
15.066176429411765,2930,308
15.080882311764707,2938,310
15.095588194117648,2920,310
15.11029407647059,2937,309
15.12499995882353,2932,310
15.139705841176472,2932,307
15.154411723529412,2929,308
15.169117605882354,2927,309
15.183823488235294,2938,308
15.198529370588236,2930,311
15.213235252941177,2933,312
15.227941135294119,2921,311
15.242647017647059,2935,310
15.2573529,2931,309
15.272058782352941,2929,311
15.286764664705883,2935,312
15.301470547058823,2923,312
15.316176429411765,2934,311
15.330882311764707,2921,307
15.345588194117648,2925,309
15.36029407647059,2913,311
15.37499995882353,2929,312
15.389705841176472,2922,311
15.404411723529412,2929,310
15.419117605882354,2939,312
15.433823488235294,2922,311
15.448529370588236,2926,310
15.463235252941177,2916,308
15.477941135294119,2924,309
15.492647017647059,2930,310
15.5073529,2930,308
15.522058782352941,2929,310
15.536764664705883,2919,312
15.551470547058823,2930,310
15.566176429411765,2918,307
15.580882311764707,2924,310
15.595588194117648,2922,308
15.61029407647059,2927,308
15.62499995882353,2924,308
15.639705841176472,2922,312
15.654411723529412,2936,309
15.669117605882354,2919,307
15.683823488235294,2929,309
15.698529370588236,2923,310
15.713235252941177,2930,311
15.727941135294119,2927,307
15.742647017647059,2933,310
15.7573529,2927,312
15.772058782352941,2928,312
15.786764664705883,2935,311
15.801470547058823,2918,308
15.816176429411765,2925,308
15.830882311764707,2919,306
15.845588194117648,2925,309
15.86029407647059,2927,311
15.87499995882353,2929,309
15.889705841176472,2933,307
15.904411723529412,2920,309
15.919117605882354,2931,310
15.933823488235294,2914,309
15.948529370588236,2929,310
15.963235252941177,2926,311
15.977941135294119,2929,307
15.992647017647059,2930,308
16.0073529,2917,307
16.022058782352943,2933,310
16.03676466470588,2915,309
16.051470547058823,2922,308
16.066176429411765,2921,309
16.080882311764707,2932,309
16.09558819411765,2923,311
16.110294076470588,2918,312
16.12499995882353,2935,310
16.139705841176472,2925,311
16.154411723529414,2923,312
16.169117605882352,2913,312
16.183823488235294,2929,307
16.198529370588236,2928,306
16.21323525294118,2922,311
16.227941135294117,2924,309
16.24264701764706,2927,310
16.2573529,2941,313
16.272058782352943,2929,312
16.28676466470588,2931,313
16.301470547058823,2927,312
16.316176429411765,2936,314
16.330882311764707,2932,310
16.34558819411765,2934,313
16.360294076470588,2932,314
16.37499995882353,2926,312
16.389705841176472,2942,311
16.404411723529414,2934,313
16.419117605882352,2943,312
16.433823488235294,2928,313
16.448529370588236,2939,314
16.46323525294118,2931,310
16.477941135294117,2934,310
16.49264701764706,2946,312
16.5073529,2931,311
16.522058782352943,2941,311
16.53676466470588,2930,311
16.551470547058823,2940,313
16.566176429411765,2948,312
16.580882311764707,2943,310
16.59558819411765,2954,309
16.610294076470588,2941,310
16.62499995882353,2945,310
16.639705841176472,2933,312
16.654411723529414,2947,313
16.669117605882352,2935,312
16.683823488235294,2943,312
16.698529370588236,2948,309
16.71323525294118,2946,314
16.727941135294117,2963,314
16.74264701764706,2941,316
16.7573529,2957,315
16.772058782352943,2958,314
16.78676466470588,2968,313
16.801470547058823,2961,313
16.816176429411765,2963,312
16.830882311764707,2975,314
16.84558819411765,2975,318
16.860294076470588,2988,316
16.87499995882353,2979,314
16.889705841176472,2989,316
16.904411723529414,2995,319
16.919117605882352,3006,316
16.933823488235294,3016,315
16.948529370588236,3016,317
16.96323525294118,3041,319
16.977941135294117,3029,315
16.99264701764706,3054,316
17.0073529,3074,321
17.022058782352943,3085,325
17.03676466470588,3105,321
17.051470547058823,3133,322
17.066176429411765,3147,325
17.080882311764707,3161,326
17.09558819411765,3194,334
17.110294076470588,3197,335
17.12499995882353,3222,337
17.139705841176472,3232,337
17.154411723529414,3262,339
17.169117605882352,3264,343
17.183823488235294,3263,343
17.198529370588236,3282,342
17.21323525294118,3279,341
17.227941135294117,3291,343
17.24264701764706,3280,342
17.2573529,3292,339
17.272058782352943,3291,341
17.28676466470588,3285,340
17.301470547058823,3286,342
17.316176429411765,3269,342
17.330882311764707,3263,339
17.34558819411765,3241,340
17.360294076470588,3240,339
17.37499995882353,3220,337
17.389705841176472,3209,338
17.404411723529414,3195,335
17.419117605882352,3179,334
17.433823488235294,3166,330
17.448529370588236,3138,322
17.46323525294118,3137,324
17.477941135294117,3113,323
17.49264701764706,3107,320
17.5073529,3095,321
17.522058782352943,3091,325
17.53676466470588,3085,323
17.551470547058823,3058,323
17.566176429411765,3054,320
17.580882311764707,3034,319
17.59558819411765,3036,319
17.610294076470588,3030,319
17.62499995882353,3026,315
17.639705841176472,3022,315
17.654411723529414,3012,315
17.669117605882352,3013,316
17.683823488235294,2996,319
17.698529370588236,3007,319
17.71323525294118,2980,315
17.727941135294117,2991,313
17.74264701764706,2984,313
17.7573529,2984,314
17.772058782352943,2990,315
17.78676466470588,2971,317
17.801470547058823,2986,317
17.816176429411765,2969,313
17.830882311764707,2982,313
17.84558819411765,2975,313
17.860294076470588,2976,317
17.87499995882353,2966,310
17.889705841176472,2969,314
17.904411723529414,2988,314
17.919117605882352,2978,314
17.933823488235294,2975,317
17.948529370588236,2967,314
17.96323525294118,2974,314
17.977941135294117,2965,315
17.99264701764706,2978,315
18.0073529,2982,314
18.022058782352943,2974,315
18.03676466470588,2986,314
18.051470547058823,2967,315
18.066176429411765,2972,313
18.080882311764707,2962,313
18.09558819411765,2980,314
18.110294076470588,2978,312
18.12499995882353,2980,318
18.139705841176472,2994,317
18.154411723529414,2986,315
18.169117605882352,2989,316
18.183823488235294,2987,317
18.198529370588236,3004,314
18.21323525294118,3002,315
18.227941135294117,3005,313
18.24264701764706,3012,316
18.2573529,3012,316
18.272058782352943,3030,315
18.28676466470588,3029,315
18.301470547058823,3043,316
18.316176429411765,3050,321
18.330882311764707,3074,323
18.34558819411765,3085,324
18.360294076470588,3100,324
18.37499995882353,3108,320
18.389705841176472,3111,325
18.404411723529414,3149,327
18.419117605882352,3153,325
18.433823488235294,3175,327
18.448529370588236,3184,329
18.46323525294118,3191,331
18.477941135294117,3210,331
18.49264701764706,3220,330
18.5073529,3231,331
18.522058782352943,3226,334
18.53676466470588,3254,332
18.551470547058823,3257,335
18.566176429411765,3270,334
18.580882311764707,3281,337
18.59558819411765,3277,337
18.610294076470588,3282,334
18.62499995882353,3265,333
18.639705841176472,3264,336
18.654411723529414,3237,337
18.669117605882352,3234,332
18.683823488235294,3201,326
18.698529370588236,3190,328
18.71323525294118,3182,331
18.727941135294117,3158,329
18.74264701764706,3144,327
18.7573529,3116,327
18.772058782352943,3109,322
18.78676466470588,3097,320
18.801470547058823,3084,323
18.816176429411765,3064,319
18.830882311764707,3049,321
18.84558819411765,3046,319
18.860294076470588,3027,315
18.87499995882353,3031,313
18.889705841176472,3011,314
18.904411723529414,3009,316
18.919117605882352,3001,314
18.933823488235294,3002,317
18.948529370588236,2992,311
18.96323525294118,2985,312
18.977941135294117,2988,313
18.99264701764706,2968,313
19.0073529,2973,312
19.022058782352943,2960,312
19.03676466470588,2975,313
19.051470547058823,2968,312
19.066176429411765,2954,311
19.080882311764707,2960,311
19.09558819411765,2955,312
19.110294076470588,2958,309
19.12499995882353,2949,309
19.139705841176472,2953,314
19.154411723529414,2948,312
19.169117605882352,2952,310
19.183823488235294,2945,310
19.198529370588236,2940,312
19.21323525294118,2951,313
19.227941135294117,2939,312
19.24264701764706,2952,313
19.2573529,2933,316
19.272058782352943,2942,313
19.28676466470588,2936,309
19.301470547058823,2938,309
19.316176429411765,2944,311
19.330882311764707,2932,310
19.34558819411765,2949,311
19.360294076470588,2939,316
19.37499995882353,2945,318
19.389705841176472,2939,315
19.404411723529414,2945,314
19.419117605882352,2942,314
19.433823488235294,2941,313
19.448529370588236,2939,312
19.46323525294118,2924,312
19.477941135294117,2931,311
19.49264701764706,2932,310
19.5073529,2934,310
19.522058782352943,2932,311
19.53676466470588,2935,312
19.551470547058823,2936,309
19.566176429411765,2928,311
19.580882311764707,2938,312
19.59558819411765,2930,308
19.610294076470588,2934,310
19.62499995882353,2930,313
19.639705841176472,2934,312
19.654411723529414,2937,311
19.669117605882352,2932,313
19.683823488235294,2939,312
19.698529370588236,2920,309
19.71323525294118,2928,313
19.727941135294117,2921,309
19.74264701764706,2932,306
19.7573529,2921,309
19.772058782352943,2931,312
19.78676466470588,2934,310
19.801470547058823,2924,310
19.816176429411765,2936,310
19.830882311764707,2917,313
19.84558819411765,2926,311
19.860294076470588,2928,309
19.87499995882353,2936,309
19.889705841176472,2931,307
19.904411723529414,2927,308
19.919117605882352,2939,311
19.933823488235294,2933,313
19.948529370588236,2942,314
19.96323525294118,2918,314
19.977941135294117,2931,312
19.99264701764706,2930,310
20.0073529,2924,306
20.022058782352943,2932,307
20.03676466470588,2926,311
20.051470547058823,2933,309
20.066176429411765,2918,310
20.080882311764707,2931,308
20.09558819411765,2921,307
20.110294076470588,2933,310
20.12499995882353,2927,311
20.139705841176472,2929,311
20.154411723529414,2929,311
20.169117605882352,2922,311
20.183823488235294,2930,309
20.198529370588236,2923,308
20.21323525294118,2930,311
20.227941135294117,2936,311
20.24264701764706,2923,310
20.2573529,2936,309
20.272058782352943,2918,310
20.28676466470588,2921,311
20.301470547058823,2917,311
20.316176429411765,2931,311
20.330882311764707,2922,309
20.34558819411765,2931,309
20.360294076470588,2935,310
20.37499995882353,2922,310
20.389705841176472,2932,309
20.404411723529414,2920,306
20.419117605882352,2932,308
20.433823488235294,2925,307
20.448529370588236,2929,310
20.46323525294118,2923,308
20.477941135294117,2925,309
20.49264701764706,2931,312
20.5073529,2927,312
20.522058782352943,2932,312
20.53676466470588,2913,310
20.551470547058823,2930,310
20.566176429411765,2924,309
20.580882311764707,2928,309
20.59558819411765,2928,310
20.610294076470588,2929,311
20.62499995882353,2935,310
20.639705841176472,2922,311
20.654411723529414,2934,310
20.669117605882352,2919,309
20.683823488235294,2926,311
20.698529370588236,2928,312
20.71323525294118,2929,308
20.727941135294117,2937,310
20.74264701764706,2919,309
20.7573529,2936,307
20.772058782352943,2920,307
20.78676466470588,2931,310
20.801470547058823,2917,310
20.816176429411765,2931,312
20.830882311764707,2935,311
20.84558819411765,2926,310
20.860294076470588,2931,310
20.87499995882353,2927,309
20.889705841176472,2937,309
20.904411723529414,2922,309
20.919117605882352,2933,311
20.933823488235294,2928,313
20.948529370588236,2925,312
20.96323525294118,2937,310
20.977941135294117,2927,309
20.99264701764706,2930,310
21.0073529,2924,310
21.022058782352943,2936,311
21.03676466470588,2926,308
21.051470547058823,2926,309
21.066176429411765,2926,311
21.080882311764707,2925,308
21.09558819411765,2929,309
21.110294076470588,2912,309
21.12499995882353,2935,311
21.139705841176472,2921,312
21.154411723529414,2926,309
21.169117605882352,2918,308
21.183823488235294,2924,310
21.198529370588236,2932,309
21.21323525294118,2925,308
21.227941135294117,2926,309
21.24264701764706,2925,314
21.2573529,2929,310
21.272058782352943,2917,306
21.28676466470588,2927,309
21.301470547058823,2927,311
21.316176429411765,2927,310
21.330882311764707,2937,308
21.34558819411765,2921,308
21.360294076470588,2934,310
21.37499995882353,2920,309
21.389705841176472,2932,308
21.404411723529414,2932,309
21.419117605882352,2930,309
21.433823488235294,2940,311
21.448529370588236,2920,310
21.46323525294118,2933,312
21.477941135294117,2922,313
21.49264701764706,2936,311
21.5073529,2923,311
21.522058782352943,2930,310
21.53676466470588,2936,308
21.551470547058823,2925,310
21.566176429411765,2926,311
21.580882311764707,2928,311
21.59558819411765,2939,313
21.610294076470588,2926,313
21.62499995882353,2931,310
21.639705841176472,2934,311
21.654411723529414,2934,311
21.669117605882352,2945,310
21.683823488235294,2931,311
21.698529370588236,2937,311
21.71323525294118,2918,310
21.727941135294117,2934,307
21.74264701764706,2923,309
21.7573529,2928,307
21.772058782352943,2937,308
21.78676466470588,2947,312
21.801470547058823,2950,313
21.816176429411765,2937,314
21.830882311764707,2952,315
21.84558819411765,2942,311
21.860294076470588,2955,310
21.87499995882353,2956,313
21.889705841176472,2950,311
21.904411723529414,2950,314
21.919117605882352,2942,313
21.933823488235294,2962,312
21.948529370588236,2962,314
21.96323525294118,2970,316
21.977941135294117,2956,311
21.99264701764706,2970,315
22.0073529,2975,315
22.022058782352943,2969,312
22.03676466470588,2993,315
22.051470547058823,2981,317
22.066176429411765,3003,317
22.080882311764707,2999,318
22.09558819411765,3029,319
22.110294076470588,3037,318
22.12499995882353,3046,320
22.139705841176472,3085,319
22.154411723529414,3098,323
22.169117605882352,3127,328
22.183823488235294,3148,326
22.198529370588236,3178,334
22.21323525294118,3203,335
22.227941135294117,3251,339
22.24264701764706,3281,338
22.2573529,3305,340
22.272058782352943,3355,340
22.28676466470588,3358,343
22.301470547058823,3402,348
22.316176429411765,3414,349
22.330882311764707,3444,350
22.34558819411765,3459,349
22.360294076470588,3480,350
22.37499995882353,3500,350
22.389705841176472,3509,352
22.404411723529414,3524,353
22.419117605882352,3518,353
22.433823488235294,3549,352
22.448529370588236,3561,352
22.46323525294118,3585,355
22.477941135294117,3591,356
22.49264701764706,3602,355
22.5073529,3640,356
22.522058782352943,3635,356
22.53676466470588,3654,357
22.551470547058823,3654,356
22.566176429411765,3662,355
22.580882311764707,3650,356
22.595588194117646,3624,355
22.610294076470588,3607,356
22.62499995882353,3595,356
22.639705841176472,3591,354
22.654411723529414,3560,353
22.669117605882352,3567,352
22.683823488235294,3539,353
22.698529370588236,3541,353
22.71323525294118,3537,354
22.727941135294117,3527,354
22.74264701764706,3520,353
22.7573529,3506,352
22.772058782352943,3506,351
22.78676466470588,3487,351
22.801470547058823,3492,352
22.816176429411765,3486,349
22.830882311764707,3482,348
22.845588194117646,3485,349
22.860294076470588,3487,353
22.87499995882353,3498,352
22.889705841176472,3485,352
22.904411723529414,3491,352
22.919117605882352,3474,350
22.933823488235294,3479,349
22.948529370588236,3479,348
22.96323525294118,3461,351
22.977941135294117,3463,350
22.99264701764706,3448,350
23.0073529,3454,349
23.022058782352943,3441,348
23.03676466470588,3437,347
23.051470547058823,3415,349
23.066176429411765,3403,347
23.080882311764707,3398,343
23.095588194117646,3369,340
23.110294076470588,3354,342
23.12499995882353,3319,340
23.139705841176472,3311,339
23.154411723529414,3288,337
23.169117605882352,3260,339
23.183823488235294,3245,334
23.198529370588236,3242,335
23.21323525294118,3244,336
23.227941135294117,3227,334
23.24264701764706,3230,335
23.2573529,3209,333
23.272058782352943,3218,334
23.28676466470588,3208,331
23.301470547058823,3202,331
23.316176429411765,3211,333
23.330882311764707,3209,331
23.345588194117646,3220,334
23.360294076470588,3207,331
23.37499995882353,3215,334
23.389705841176472,3209,332
23.404411723529414,3215,330
23.419117605882352,3215,332
23.433823488235294,3226,330
23.448529370588236,3239,333
23.46323525294118,3229,335
23.477941135294117,3252,336
23.49264701764706,3244,337
23.5073529,3276,339
23.522058782352943,3285,340
23.53676466470588,3300,341
23.551470547058823,3332,337
23.566176429411765,3347,339
23.580882311764707,3385,345
23.595588194117646,3410,346
23.610294076470588,3442,348
23.62499995882353,3490,349
23.639705841176472,3561,353
23.654411723529414,3599,355
23.669117605882352,3643,357
23.683823488235294,3679,357
23.698529370588236,3689,356
23.71323525294118,3727,359
23.727941135294117,3739,361
23.74264701764706,3762,364
23.7573529,3764,361
23.772058782352943,3769,362
23.78676466470588,3795,364
23.801470547058823,3801,370
23.816176429411765,3808,370
23.830882311764707,3806,368
23.845588194117646,3820,369
23.860294076470588,3821,373
23.87499995882353,3836,370
23.889705841176472,3834,371
23.904411723529414,3835,372
23.919117605882352,3849,370
23.933823488235294,3832,369
23.948529370588236,3848,373
23.96323525294118,3825,371
23.977941135294117,3834,369
23.99264701764706,3836,369
24.0073529,3829,372
24.022058782352943,3823,371
24.03676466470588,3806,370
24.051470547058823,3812,367
24.066176429411765,3791,366
24.080882311764707,3785,366
24.095588194117646,3769,363
24.110294076470588,3773,362
24.12499995882353,3747,358
24.139705841176472,3745,358
24.154411723529414,3742,358
24.169117605882352,3715,358
24.183823488235294,3711,357
24.198529370588236,3684,358
24.21323525294118,3669,354
24.227941135294117,3645,354
24.24264701764706,3619,355
24.2573529,3579,353
24.272058782352943,3548,350
24.28676466470588,3504,351
24.301470547058823,3435,347
24.316176429411765,3413,346
24.330882311764707,3355,344
24.345588194117646,3337,341
24.360294076470588,3284,335
24.37499995882353,3264,336
24.389705841176472,3247,335
24.404411723529414,3207,333
24.419117605882352,3194,331
24.433823488235294,3171,329
24.448529370588236,3169,328
24.46323525294118,3145,327
24.477941135294117,3138,325
24.49264701764706,3119,321
24.5073529,3110,326
24.522058782352943,3111,328
24.53676466470588,3101,327
24.551470547058823,3107,326
24.566176429411765,3095,321
24.580882311764707,3094,324
24.595588194117646,3088,325
24.610294076470588,3078,322
24.62499995882353,3079,319
24.639705841176472,3067,319
24.654411723529414,3082,317
24.669117605882352,3068,320
24.683823488235294,3086,323
24.698529370588236,3087,321
24.71323525294118,3089,321
24.727941135294117,3091,321
24.74264701764706,3092,321
24.7573529,3102,323
24.772058782352943,3099,327
24.78676466470588,3116,323
24.801470547058823,3113,320
24.816176429411765,3126,325
24.830882311764707,3138,327
24.845588194117646,3149,330
24.860294076470588,3165,331
24.87499995882353,3183,333
24.889705841176472,3201,332
24.904411723529414,3207,335
24.919117605882352,3248,337
24.933823488235294,3258,336
24.948529370588236,3291,339
24.96323525294118,3308,342
24.977941135294117,3338,342
24.99264701764706,3377,345
25.0073529,3395,346
25.022058782352943,3449,348
25.03676466470588,3479,350
25.051470547058823,3523,352
25.066176429411765,3572,352
25.080882311764707,3625,353
25.095588194117646,3665,355
25.110294076470588,3720,360
25.12499995882353,3769,364
25.139705841176472,3780,364
25.154411723529414,3806,366
25.169117605882352,3807,369
25.183823488235294,3799,367
25.198529370588236,3790,368
25.21323525294118,3784,363
25.227941135294117,3802,363
25.24264701764706,3795,367
25.2573529,3799,365
25.272058782352943,3792,367
25.28676466470588,3807,370
25.301470547058823,3803,367
25.316176429411765,3798,365
25.330882311764707,3797,369
25.345588194117646,3793,368
25.360294076470588,3800,364
25.37499995882353,3781,361
25.389705841176472,3794,366
25.404411723529414,3771,365
25.419117605882352,3774,364
25.433823488235294,3778,367
25.448529370588236,3772,363
25.46323525294118,3775,361
25.477941135294117,3750,362
25.49264701764706,3749,363
25.5073529,3740,359
25.522058782352943,3738,362
25.53676466470588,3714,362
25.551470547058823,3711,359
25.566176429411765,3711,358
25.580882311764707,3689,357
25.595588194117646,3665,358
25.610294076470588,3608,355
25.62499995882353,3573,355
25.639705841176472,3511,354
25.654411723529414,3450,351
25.669117605882352,3410,347
25.683823488235294,3349,340
25.698529370588236,3289,336
25.71323525294118,3246,333
25.727941135294117,3224,330
25.74264701764706,3184,328
25.7573529,3169,332
25.772058782352943,3149,331
25.78676466470588,3146,328
25.801470547058823,3139,329
25.816176429411765,3119,326
25.830882311764707,3122,325
25.845588194117646,3093,324
25.860294076470588,3100,325
25.87499995882353,3084,321
25.889705841176472,3089,320
25.904411723529414,3084,320
25.919117605882352,3089,319
25.933823488235294,3098,322
25.948529370588236,3081,320
25.96323525294118,3092,322
25.977941135294117,3084,325
25.99264701764706,3096,322
26.0073529,3091,326
26.022058782352943,3110,325
26.03676466470588,3117,324
26.051470547058823,3112,326
26.066176429411765,3139,324
26.080882311764707,3126,323
26.095588194117646,3149,325
26.110294076470588,3155,328
26.12499995882353,3165,330
26.139705841176472,3186,332
26.154411723529414,3201,332
26.169117605882352,3212,333
26.183823488235294,3222,335
26.198529370588236,3240,336
26.21323525294118,3251,335
26.227941135294117,3290,340
26.24264701764706,3305,342
26.2573529,3339,342
26.272058782352943,3377,347
26.28676466470588,3397,349
26.301470547058823,3450,350
26.316176429411765,3476,351
26.330882311764707,3511,352
26.345588194117646,3530,352
26.360294076470588,3564,352
26.37499995882353,3577,353
26.389705841176472,3578,352
26.404411723529414,3578,351
26.419117605882352,3558,352
26.433823488235294,3575,354
26.448529370588236,3554,353
26.46323525294118,3552,352
26.477941135294117,3545,352
26.49264701764706,3551,352
26.5073529,3555,354
26.522058782352943,3561,354
26.53676466470588,3556,354
26.551470547058823,3536,353
26.566176429411765,3535,354
26.580882311764707,3521,353
26.595588194117646,3511,352
26.610294076470588,3494,350
26.62499995882353,3458,347
26.639705841176472,3420,345
26.654411723529414,3384,345
26.669117605882352,3361,344
26.683823488235294,3319,342
26.698529370588236,3296,338
26.71323525294118,3255,335
26.727941135294117,3246,338
26.74264701764706,3243,336
26.7573529,3209,332
26.772058782352943,3198,331
26.78676466470588,3170,333
26.801470547058823,3167,328
26.816176429411765,3148,328
26.830882311764707,3148,323
26.845588194117646,3138,323
26.860294076470588,3129,325
26.87499995882353,3124,322
26.889705841176472,3111,326
26.904411723529414,3112,327
26.919117605882352,3094,325
26.933823488235294,3100,325
26.948529370588236,3089,321
26.96323525294118,3089,324
26.977941135294117,3091,319
26.99264701764706,3085,323
27.0073529,3101,324
27.022058782352943,3086,324
27.03676466470588,3098,325
27.051470547058823,3083,323
27.066176429411765,3097,322
27.080882311764707,3095,321
27.095588194117646,3108,327
27.110294076470588,3114,328
27.12499995882353,3109,327
27.139705841176472,3137,325
27.154411723529414,3127,324
27.169117605882352,3142,329
27.183823488235294,3137,330
27.198529370588236,3155,326
27.21323525294118,3168,326
27.227941135294117,3177,329
27.24264701764706,3189,334
27.2573529,3194,332
27.272058782352943,3212,332
27.28676466470588,3211,335
27.301470547058823,3237,337
27.316176429411765,3243,336
27.330882311764707,3263,336
27.345588194117646,3283,336
27.360294076470588,3294,340
27.37499995882353,3333,344
27.389705841176472,3361,346
27.404411723529414,3398,345
27.419117605882352,3419,346
27.433823488235294,3459,351
27.448529370588236,3512,353
27.46323525294118,3547,354
27.477941135294117,3565,353
27.49264701764706,3571,354
27.5073529,3586,353
27.522058782352943,3579,354
27.53676466470588,3587,353
27.551470547058823,3579,354
27.566176429411765,3598,354
27.580882311764707,3615,353
27.595588194117646,3618,356
27.610294076470588,3630,356
27.62499995882353,3623,355
27.639705841176472,3635,356
27.654411723529414,3640,357
27.669117605882352,3640,356
27.683823488235294,3646,355
27.698529370588236,3644,357
27.71323525294118,3649,355
27.727941135294117,3639,354
27.74264701764706,3644,355
27.7573529,3632,354
27.772058782352943,3642,355
27.78676466470588,3639,355
27.801470547058823,3635,356
27.816176429411765,3637,356
27.830882311764707,3619,354
27.845588194117646,3608,354
27.860294076470588,3566,353
27.87499995882353,3518,352
27.889705841176472,3473,352
27.904411723529414,3433,347
27.919117605882352,3378,343
27.933823488235294,3342,343
27.948529370588236,3315,340
27.96323525294118,3274,340
27.977941135294117,3257,337
27.99264701764706,3214,332
28.0073529,3211,332
28.022058782352943,3193,331
28.03676466470588,3186,327
28.051470547058823,3178,325
28.066176429411765,3161,326
28.080882311764707,3153,326
28.095588194117646,3138,326
28.110294076470588,3145,327
28.12499995882353,3130,327
28.139705841176472,3134,327
28.154411723529414,3134,326
28.169117605882352,3127,327
28.183823488235294,3141,327
28.198529370588236,3120,327
28.21323525294118,3144,328
28.227941135294117,3129,329
28.24264701764706,3140,328
28.2573529,3141,328
28.272058782352943,3146,328
28.28676466470588,3157,331
28.301470547058823,3160,330
28.316176429411765,3163,330
28.330882311764707,3170,333
28.345588194117646,3188,333
28.360294076470588,3195,333
28.37499995882353,3217,335
28.389705841176472,3227,333
28.404411723529414,3234,332
28.419117605882352,3258,331
28.433823488235294,3252,335
28.448529370588236,3278,335
28.46323525294118,3274,336
28.477941135294117,3287,337
28.49264701764706,3290,338
28.5073529,3302,342
28.522058782352943,3318,344
28.53676466470588,3316,343
28.551470547058823,3321,340
28.566176429411765,3311,340
28.580882311764707,3311,338
28.595588194117646,3293,336
28.610294076470588,3294,337
28.62499995882353,3284,336
28.639705841176472,3265,337
28.654411723529414,3261,334
28.669117605882352,3233,332
28.683823488235294,3230,330
28.698529370588236,3202,333
28.71323525294118,3209,334
28.727941135294117,3189,332
28.74264701764706,3166,327
28.7573529,3162,325
28.772058782352943,3143,329
28.78676466470588,3136,325
28.801470547058823,3115,323
28.816176429411765,3126,326
28.830882311764707,3107,323
28.845588194117646,3108,323
28.860294076470588,3095,320
28.87499995882353,3093,323
28.889705841176472,3086,323
28.904411723529414,3069,322
28.919117605882352,3077,322
28.933823488235294,3058,322
28.948529370588236,3068,319
28.96323525294118,3053,318
28.977941135294117,3051,320
28.99264701764706,3044,317
29.0073529,3029,316
29.022058782352943,3032,315
29.03676466470588,3011,316
29.051470547058823,3020,313
29.066176429411765,2992,313
29.080882311764707,2996,315
29.095588194117646,2993,314
29.110294076470588,2990,314
29.12499995882353,2997,314
29.139705841176472,2977,314
29.154411723529414,2980,317
29.169117605882352,2967,311
29.183823488235294,2972,310
29.198529370588236,2959,314
29.21323525294118,2964,310
29.227941135294117,2963,312
29.24264701764706,2962,314
29.2573529,2966,315
29.272058782352943,2946,313
29.28676466470588,2953,313
29.301470547058823,2946,311
29.316176429411765,2953,312
29.330882311764707,2952,313
29.345588194117646,2949,311
29.360294076470588,2952,314
29.37499995882353,2934,309
29.389705841176472,2947,308
29.404411723529414,2945,310
29.419117605882352,2945,309
29.433823488235294,2927,308
29.448529370588236,2944,311
29.46323525294118,2946,309
29.477941135294117,2942,308
29.49264701764706,2945,308
29.5073529,2927,310
29.522058782352943,2948,311
29.53676466470588,2940,311
29.551470547058823,2940,312
29.566176429411765,2933,310
29.580882311764707,2943,310
29.595588194117646,2944,309
29.610294076470588,2942,312
29.62499995882353,2951,311
29.639705841176472,2930,310
29.654411723529414,2953,311
29.669117605882352,2949,308
29.683823488235294,2945,307
29.698529370588236,2952,312
29.71323525294118,2943,316
29.727941135294117,2948,311
29.74264701764706,2928,310
29.7573529,2958,311
29.772058782352943,2942,311
29.78676466470588,2953,312
29.801470547058823,2953,311
29.816176429411765,2958,311
29.830882311764707,2971,313
29.845588194117646,2957,309
29.860294076470588,2975,314
29.87499995882353,2961,311
29.889705841176472,2979,314
29.904411723529414,2977,312
29.919117605882352,2984,312
29.933823488235294,2993,315
29.948529370588236,2990,315
29.96323525294118,3014,317
29.977941135294117,3010,320
29.99264701764706,3025,321
30.0073529,3031,315
30.022058782352943,3048,320
30.03676466470588,3059,322
30.051470547058823,3075,323
30.066176429411765,3093,318
30.080882311764707,3094,323
30.095588194117646,3132,320
30.110294076470588,3135,324
30.12499995882353,3164,327
30.139705841176472,3181,328
30.154411723529414,3198,333
30.169117605882352,3214,332
30.183823488235294,3236,334
30.198529370588236,3245,334
30.21323525294118,3256,333
30.227941135294117,3287,338
30.24264701764706,3281,335
30.2573529,3319,337
30.272058782352943,3325,340
30.28676466470588,3344,343
30.301470547058823,3359,345
30.316176429411765,3354,347
30.330882311764707,3380,346
30.345588194117646,3393,343
30.360294076470588,3421,347
30.37499995882353,3442,347
30.389705841176472,3471,350
30.404411723529414,3497,350
30.419117605882352,3530,352
30.433823488235294,3583,353
30.448529370588236,3589,354
30.46323525294118,3656,356
30.477941135294117,3683,357
30.49264701764706,3714,358
30.5073529,3714,357
30.522058782352943,3722,361
30.53676466470588,3743,363
30.551470547058823,3739,361
30.566176429411765,3736,359
30.580882311764707,3742,363
30.595588194117646,3759,362
30.610294076470588,3751,361
30.62499995882353,3764,364
30.639705841176472,3773,359
30.654411723529414,3770,363
30.669117605882352,3775,366
30.683823488235294,3764,363
30.698529370588236,3770,362
30.71323525294118,3752,362
30.727941135294117,3753,364
30.74264701764706,3748,365
30.7573529,3752,362
30.772058782352943,3749,361
30.78676466470588,3734,358
30.801470547058823,3734,359
30.816176429411765,3722,359
30.830882311764707,3727,360
30.845588194117646,3712,357
30.860294076470588,3724,355
30.87499995882353,3721,357
30.889705841176472,3714,358
30.904411723529414,3712,357
30.919117605882352,3668,355
30.933823488235294,3648,354
30.948529370588236,3560,353
30.96323525294118,3499,351
30.977941135294117,3456,349
30.99264701764706,3405,347
31.0073529,3365,343
31.022058782352943,3337,343
31.03676466470588,3319,341
31.051470547058823,3288,337
31.066176429411765,3281,336
31.080882311764707,3251,333
31.095588194117646,3247,335
31.110294076470588,3245,335
31.12499995882353,3238,334
31.139705841176472,3234,333
31.154411723529414,3214,333
31.169117605882352,3229,330
31.183823488235294,3222,330
31.198529370588236,3216,334
31.21323525294118,3216,333
31.227941135294117,3231,331
31.24264701764706,3235,331
31.2573529,3253,335
31.272058782352943,3269,337
31.28676466470588,3261,335
31.301470547058823,3297,335
31.316176429411765,3304,341
31.330882311764707,3347,344
31.345588194117646,3372,343
31.360294076470588,3406,347
31.37499995882353,3451,348
31.389705841176472,3467,351
31.404411723529414,3535,352
31.419117605882352,3594,355
31.433823488235294,3652,357
31.448529370588236,3706,357
31.46323525294118,3747,363
31.477941135294117,3767,360
31.49264701764706,3754,361
31.5073529,3753,363
31.522058782352943,3739,361
31.53676466470588,3747,361
31.551470547058823,3734,357
31.566176429411765,3739,360
31.580882311764707,3732,362
31.595588194117646,3732,361
31.610294076470588,3734,360
31.62499995882353,3721,357
31.639705841176472,3723,356
31.654411723529414,3704,356
31.669117605882352,3705,356
31.683823488235294,3692,355
31.698529370588236,3681,354
31.71323525294118,3686,354
31.727941135294117,3676,357
31.74264701764706,3687,358
31.7573529,3677,356
31.772058782352943,3683,356
31.78676466470588,3665,355
31.801470547058823,3668,356
31.816176429411765,3671,357
31.830882311764707,3662,356
31.845588194117646,3687,356
31.860294076470588,3727,358
31.87499995882353,3764,359
31.889705841176472,3744,363
31.904411723529414,3746,364
31.919117605882352,3715,362
31.933823488235294,3691,360
31.948529370588236,3642,354
31.96323525294118,3592,353
31.977941135294117,3545,351
31.99264701764706,3481,351
32.0073529,3447,348
32.02205878235294,3391,347
32.036764664705885,3357,344
32.05147054705883,3338,342
32.06617642941176,3306,340
32.080882311764704,3290,341
32.095588194117646,3262,337
32.11029407647059,3250,334
32.12499995882353,3237,335
32.13970584117647,3242,335
32.154411723529414,3234,332
32.169117605882356,3250,335
32.1838234882353,3260,336
32.19852937058823,3268,335
32.213235252941175,3286,336
32.22794113529412,3279,338
32.24264701764706,3313,340
32.2573529,3319,341
32.27205878235294,3360,344
32.286764664705885,3404,346
32.30147054705883,3435,346
32.31617642941176,3469,348
32.330882311764704,3466,352
32.345588194117646,3479,351
32.36029407647059,3474,350
32.37499995882353,3487,350
32.38970584117647,3485,348
32.404411723529414,3494,350
32.419117605882356,3501,351
32.4338234882353,3496,350
32.44852937058823,3515,352
32.463235252941175,3514,352
32.47794113529412,3563,352
32.49264701764706,3587,352
32.5073529,3611,353
32.52205878235294,3636,353
32.536764664705885,3649,353
32.55147054705883,3644,353
32.56617642941176,3579,352
32.580882311764704,3545,352
32.595588194117646,3467,351
32.61029407647059,3405,346
32.62499995882353,3362,341
32.63970584117647,3312,339
32.654411723529414,3268,335
32.669117605882356,3243,334
32.6838234882353,3213,330
32.69852937058823,3189,329
32.713235252941175,3179,327
32.72794113529412,3151,323
32.74264701764706,3156,324
32.7573529,3147,322
32.77205878235294,3137,323
32.786764664705885,3136,327
32.80147054705883,3118,323
32.81617642941176,3124,321
32.830882311764704,3114,320
32.845588194117646,3116,323
32.86029407647059,3107,322
32.87499995882353,3119,324
32.88970584117647,3118,319
32.904411723529414,3120,320
32.919117605882356,3128,322
32.9338234882353,3126,328
32.94852937058823,3148,328
32.963235252941175,3140,327
32.97794113529412,3151,328
32.99264701764706,3154,326
33.0073529,3158,328
33.02205878235294,3174,328
33.036764664705885,3172,330
33.05147054705883,3190,331
33.06617642941176,3189,329
33.080882311764704,3208,334
33.095588194117646,3209,332
33.11029407647059,3223,332
33.12499995882353,3228,334
33.13970584117647,3223,334
33.154411723529414,3234,333
33.169117605882356,3218,332
33.1838234882353,3232,331
33.19852937058823,3221,330
33.213235252941175,3220,334
33.22794113529412,3209,333
33.24264701764706,3209,333
33.2573529,3206,332
33.27205878235294,3204,329
33.286764664705885,3194,331
33.30147054705883,3183,331
33.31617642941176,3187,325
33.330882311764704,3177,326
33.345588194117646,3174,325
33.36029407647059,3160,323
33.37499995882353,3153,323
33.38970584117647,3143,327
33.404411723529414,3123,327
33.419117605882356,3117,326
33.4338234882353,3087,321
33.44852937058823,3086,320
33.463235252941175,3060,319
33.47794113529412,3059,314
33.49264701764706,3056,313
33.5073529,3031,317
33.52205878235294,3031,313
33.536764664705885,3006,312
33.55147054705883,3019,314
33.56617642941176,3005,314
33.580882311764704,3012,314
33.595588194117646,2994,314
33.61029407647059,2987,313
33.62499995882353,3002,315
33.63970584117647,2981,313
33.654411723529414,2988,311
33.669117605882356,2968,310
33.6838234882353,2989,315
33.69852937058823,2996,313
33.713235252941175,2983,312
33.72794113529412,2988,312
33.74264701764706,2978,313
33.7573529,2980,314
33.77205878235294,2960,310
33.786764664705885,2978,313
33.80147054705883,2972,312
33.81617642941176,2969,313
33.830882311764704,2969,312
33.845588194117646,2977,316
33.86029407647059,2980,312
33.87499995882353,2972,310
33.88970584117647,2979,312
33.904411723529414,2962,312
33.919117605882356,2972,312
33.9338234882353,2963,312
33.94852937058823,2972,312
33.963235252941175,2967,313
33.97794113529412,2965,310
33.99264701764706,2972,308
34.0073529,2963,309
34.02205878235294,2970,310
34.036764664705885,2964,313
34.05147054705883,2973,314
34.06617642941176,2976,313
34.080882311764704,2972,315
34.095588194117646,2984,315
34.11029407647059,2973,312
34.12499995882353,2979,311
34.13970584117647,2982,312
34.154411723529414,2983,313
34.169117605882356,2980,312
34.1838234882353,2997,316
34.19852937058823,3005,316
34.213235252941175,2997,314
34.22794113529412,2997,313
34.24264701764706,2983,314
34.2573529,3006,315
34.27205878235294,3003,313
34.286764664705885,3011,313
34.30147054705883,3022,313
34.31617642941176,3022,311
34.330882311764704,3031,316
34.345588194117646,3025,319
34.36029407647059,3031,317
34.37499995882353,3033,314
34.38970584117647,3045,315
34.404411723529414,3040,314
34.419117605882356,3042,318
34.4338234882353,3051,318
34.44852937058823,3049,319
34.463235252941175,3068,316
34.47794113529412,3051,319
34.49264701764706,3062,321
34.5073529,3055,322
34.52205878235294,3078,319
34.536764664705885,3085,319
34.55147054705883,3084,321
34.56617642941176,3086,321
34.580882311764704,3076,318
34.595588194117646,3101,319
34.61029407647059,3087,319
34.62499995882353,3103,324
34.63970584117647,3105,324
34.654411723529414,3118,325
34.669117605882356,3134,325
34.6838234882353,3126,326
34.69852937058823,3142,326
34.713235252941175,3142,326
34.72794113529412,3152,324
34.74264701764706,3147,320
34.7573529,3154,324
34.77205878235294,3156,326
34.786764664705885,3156,323
34.80147054705883,3163,325
34.81617642941176,3159,326
34.830882311764704,3169,329
34.845588194117646,3163,331
34.86029407647059,3163,327
34.87499995882353,3159,328
34.88970584117647,3165,325
34.904411723529414,3171,327
34.919117605882356,3178,330
34.9338234882353,3181,333
34.94852937058823,3176,330
34.963235252941175,3176,326
34.97794113529412,3168,326
34.99264701764706,3188,328
35.0073529,3181,327
35.02205878235294,3192,330
35.036764664705885,3208,331
35.05147054705883,3199,332
35.06617642941176,3223,333
35.080882311764704,3212,333
35.095588194117646,3235,333
35.11029407647059,3236,335
35.12499995882353,3245,333
35.13970584117647,3263,331
35.154411723529414,3277,334
35.169117605882356,3307,337
35.1838234882353,3301,338
35.19852937058823,3331,340
35.213235252941175,3333,339
35.22794113529412,3363,341
35.24264701764706,3374,342
35.2573529,3386,346
35.27205878235294,3426,346
35.286764664705885,3450,349
35.30147054705883,3464,349
35.31617642941176,3453,349
35.330882311764704,3480,351
35.345588194117646,3486,351
35.36029407647059,3510,351
35.37499995882353,3518,351
35.38970584117647,3527,352
35.404411723529414,3549,352
35.419117605882356,3560,352
35.4338234882353,3568,353
35.44852937058823,3561,353
35.463235252941175,3568,354
35.47794113529412,3576,354
35.49264701764706,3586,354
35.5073529,3595,352
35.52205878235294,3591,353
35.536764664705885,3612,355
35.55147054705883,3609,355
35.56617642941176,3621,354
35.580882311764704,3627,357
35.595588194117646,3643,358
35.61029407647059,3653,355
35.62499995882353,3680,358
35.63970584117647,3702,358
35.654411723529414,3702,358
35.669117605882356,3717,358
35.6838234882353,3738,361
35.69852937058823,3751,361
35.713235252941175,3762,362
35.72794113529412,3776,369
35.74264701764706,3797,368
35.7573529,3801,368
35.77205878235294,3830,371
35.786764664705885,3841,370
35.80147054705883,3864,372
35.81617642941176,3882,371
35.830882311764704,3906,374
35.845588194117646,3922,375
35.86029407647059,3942,376
35.87499995882353,3955,377
35.88970584117647,3968,377
35.904411723529414,4004,378
35.919117605882356,4000,378
35.9338234882353,4031,380
35.94852937058823,4048,382
35.963235252941175,4068,383
35.97794113529412,4092,383
35.99264701764706,4105,383
36.0073529,4128,383
36.02205878235294,4121,384
36.036764664705885,4132,385
36.05147054705883,4126,385
36.06617642941176,4119,385
36.080882311764704,4117,385
36.095588194117646,4105,384
36.11029407647059,4107,383
36.12499995882353,4079,383
36.13970584117647,4087,383
36.154411723529414,4070,382
36.169117605882356,4072,382
36.1838234882353,4071,382
36.19852937058823,4062,382
36.213235252941175,4050,380
36.22794113529412,4017,380
36.24264701764706,3999,378
36.2573529,3967,377
36.27205878235294,3938,376
36.286764664705885,3915,375
36.30147054705883,3888,373
36.31617642941176,3858,371
36.330882311764704,3841,370
36.345588194117646,3834,368
36.36029407647059,3815,368
36.37499995882353,3816,369
36.38970584117647,3802,364
36.404411723529414,3811,365
36.419117605882356,3792,364
36.4338234882353,3767,364
36.44852937058823,3723,358
36.463235252941175,3692,356
36.47794113529412,3665,355
36.49264701764706,3630,354
36.5073529,3607,353
36.52205878235294,3556,353
36.536764664705885,3548,353
36.55147054705883,3524,352
36.56617642941176,3501,350
36.580882311764704,3490,350
36.595588194117646,3448,350
36.61029407647059,3447,351
36.62499995882353,3426,346
36.63970584117647,3416,347
36.654411723529414,3377,342
36.669117605882356,3369,341
36.6838234882353,3347,341
36.69852937058823,3315,337
36.713235252941175,3300,336
36.72794113529412,3258,336
36.74264701764706,3244,332
36.7573529,3206,333
36.77205878235294,3183,329
36.786764664705885,3172,325
36.80147054705883,3143,328
36.81617642941176,3132,327
36.830882311764704,3112,327
36.845588194117646,3111,325
36.86029407647059,3086,323
36.87499995882353,3082,322
36.88970584117647,3056,319
36.904411723529414,3057,319
36.919117605882356,3061,316
36.9338234882353,3048,316
36.94852937058823,3046,317
36.963235252941175,3030,319
36.97794113529412,3039,319
36.99264701764706,3031,316
37.0073529,3030,316
37.02205878235294,3027,316
37.036764664705885,3024,314
37.05147054705883,3026,314
37.06617642941176,3017,316
37.080882311764704,3026,316
37.095588194117646,3016,320
37.11029407647059,3019,322
37.12499995882353,3022,318
37.13970584117647,3017,316
37.154411723529414,3028,317
37.169117605882356,3030,316
37.1838234882353,3047,321
37.19852937058823,3028,321
37.213235252941175,3050,320
37.22794113529412,3042,320
37.24264701764706,3067,319
37.2573529,3078,319
37.27205878235294,3091,323
37.286764664705885,3103,325
37.30147054705883,3110,327
37.31617642941176,3127,326
37.330882311764704,3124,324
37.345588194117646,3149,324
37.36029407647059,3159,326
37.37499995882353,3181,331
37.38970584117647,3202,329
37.404411723529414,3215,331
37.419117605882356,3250,331
37.4338234882353,3263,339
37.44852937058823,3294,338
37.463235252941175,3318,339
37.47794113529412,3356,341
37.49264701764706,3387,343
37.5073529,3413,348
37.52205878235294,3441,348
37.536764664705885,3465,350
37.55147054705883,3505,352
37.56617642941176,3523,352
37.580882311764704,3561,354
37.595588194117646,3587,354
37.61029407647059,3627,355
37.62499995882353,3657,355
37.63970584117647,3668,356
37.654411723529414,3682,357
37.669117605882356,3693,358
37.6838234882353,3721,360
37.69852937058823,3726,361
37.713235252941175,3739,362
37.72794113529412,3748,363
37.74264701764706,3754,361
37.7573529,3777,362
37.77205878235294,3770,361
37.786764664705885,3780,360
37.80147054705883,3769,361
37.81617642941176,3774,362
37.830882311764704,3766,364
37.845588194117646,3773,363
37.86029407647059,3770,359
37.87499995882353,3762,360
37.88970584117647,3772,364
37.904411723529414,3762,366
37.919117605882356,3771,365
37.9338234882353,3761,366
37.94852937058823,3762,362
37.963235252941175,3757,363
37.97794113529412,3765,363
37.99264701764706,3775,361
38.0073529,3763,365
38.02205878235294,3770,365
38.036764664705885,3755,363
38.05147054705883,3769,363
38.06617642941176,3758,361
38.080882311764704,3764,363
38.095588194117646,3760,360
38.11029407647059,3757,360
38.12499995882353,3756,363
38.13970584117647,3736,360
38.154411723529414,3731,358
38.169117605882356,3700,357
38.1838234882353,3706,356
38.19852937058823,3700,356
38.213235252941175,3677,355
38.22794113529412,3660,355
38.24264701764706,3622,354
38.2573529,3587,353
38.27205878235294,3541,350
38.286764664705885,3491,349
38.30147054705883,3423,345
38.31617642941176,3392,345
38.330882311764704,3336,341
38.345588194117646,3310,338
38.36029407647059,3283,338
38.37499995882353,3245,335
38.38970584117647,3234,334
38.404411723529414,3203,330
38.419117605882356,3191,329
38.4338234882353,3182,328
38.44852937058823,3164,329
38.463235252941175,3161,328
38.47794113529412,3148,326
38.49264701764706,3149,327
38.5073529,3126,327
38.52205878235294,3133,326
38.536764664705885,3119,324
38.55147054705883,3119,324
38.56617642941176,3114,321
38.580882311764704,3105,322
38.595588194117646,3113,320
38.61029407647059,3086,318
38.62499995882353,3092,318
38.63970584117647,3087,320
38.654411723529414,3084,320
38.669117605882356,3071,321
38.6838234882353,3076,322
38.69852937058823,3075,318
38.713235252941175,3054,320
38.72794113529412,3053,317
38.74264701764706,3033,315
38.7573529,3051,319
38.77205878235294,3036,319
38.786764664705885,3036,315
38.80147054705883,3033,315
38.81617642941176,3024,314
38.830882311764704,3022,315
38.845588194117646,3014,315
38.86029407647059,3017,316
38.87499995882353,2999,313
38.88970584117647,3010,315
38.904411723529414,3005,315
38.919117605882356,3008,315
38.9338234882353,3008,315
38.94852937058823,2993,313
38.963235252941175,2993,310
38.97794113529412,2979,311
38.99264701764706,2993,312
39.0073529,2981,314
39.02205878235294,2977,314
39.036764664705885,2966,315
39.05147054705883,2973,313
39.06617642941176,2984,312
39.080882311764704,2971,311
39.095588194117646,2968,312
39.11029407647059,2951,310
39.12499995882353,2959,310
39.13970584117647,2961,313
39.154411723529414,2959,312
39.169117605882356,2955,310
39.1838234882353,2953,311
39.19852937058823,2959,311
39.213235252941175,2938,308
39.22794113529412,2951,308
39.24264701764706,2939,309
39.2573529,2947,308
39.27205878235294,2946,307
39.286764664705885,2945,307
39.30147054705883,2944,308
39.31617642941176,2935,310
39.330882311764704,2943,312
39.345588194117646,2926,312
39.36029407647059,2943,310
39.37499995882353,2937,310
39.38970584117647,2940,310
39.404411723529414,2930,310
39.419117605882356,2924,308
39.4338234882353,2944,308
39.44852937058823,2930,307
39.463235252941175,2930,307
39.47794113529412,2926,306
39.49264701764706,2930,306
39.5073529,2934,309
39.52205878235294,2931,307
39.536764664705885,2929,307
39.55147054705883,2924,307
39.56617642941176,2930,308
39.580882311764704,2921,305
39.595588194117646,2927,307
39.61029407647059,2912,305
39.62499995882353,2920,307
39.63970584117647,2925,310
39.654411723529414,2923,310
39.669117605882356,2927,310
39.6838234882353,2921,312
39.69852937058823,2929,312
39.713235252941175,2918,308
39.72794113529412,2928,309
39.74264701764706,2918,309
39.7573529,2923,313
39.77205878235294,2933,311
39.786764664705885,2922,307
39.80147054705883,2923,310
39.81617642941176,2915,309
39.830882311764704,2925,310
39.845588194117646,2926,311
39.86029407647059,2922,310
39.87499995882353,2932,309
39.88970584117647,2920,311
39.904411723529414,2935,309
39.919117605882356,2919,308
39.9338234882353,2935,307
39.94852937058823,2916,309
39.963235252941175,2935,309
39.97794113529412,2928,311
39.99264701764706,2927,308
40.0073529,2932,309
40.02205878235294,2917,311
40.036764664705885,2932,311
40.05147054705883,2917,308
40.06617642941176,2931,311
40.080882311764704,2929,310
40.095588194117646,2926,307
40.11029407647059,2918,308
40.12499995882353,2913,309
40.13970584117647,2928,310
40.154411723529414,2922,310
40.169117605882356,2933,313
40.1838234882353,2923,310
40.19852937058823,2932,311
40.213235252941175,2927,311
40.22794113529412,2925,309
40.24264701764706,2936,306
40.2573529,2921,307
40.27205878235294,2932,311
40.286764664705885,2917,311
40.30147054705883,2926,310
40.31617642941176,2917,310
40.330882311764704,2919,310
40.345588194117646,2925,310
40.36029407647059,2926,311
40.37499995882353,2933,310
40.38970584117647,2918,308
40.404411723529414,2927,309
40.419117605882356,2916,309
40.4338234882353,2927,310
40.44852937058823,2927,312
40.463235252941175,2920,308
40.47794113529412,2926,308
40.49264701764706,2914,308
40.5073529,2934,311
40.52205878235294,2917,309
40.536764664705885,2922,308
40.55147054705883,2917,311
40.56617642941176,2927,309
40.580882311764704,2929,309
40.595588194117646,2928,311
40.61029407647059,2929,309
40.62499995882353,2916,307
40.63970584117647,2926,309
40.654411723529414,2914,309
40.669117605882356,2920,311
40.6838234882353,2923,310
40.69852937058823,2927,310
40.713235252941175,2930,313
40.72794113529412,2922,312
40.74264701764706,2928,313
40.7573529,2918,310
40.77205878235294,2932,309
40.786764664705885,2929,309
40.80147054705883,2931,313
40.81617642941176,2930,313
40.830882311764704,2926,312
40.845588194117646,2941,310
40.86029407647059,2921,313
40.87499995882353,2927,315
40.88970584117647,2924,310
40.904411723529414,2927,308
40.919117605882356,2922,308
40.9338234882353,2934,311
40.94852937058823,2937,310
40.963235252941175,2921,310
40.97794113529412,2933,311
40.99264701764706,2915,310
41.0073529,2929,311
41.02205878235294,2927,312
41.036764664705885,2932,311
41.05147054705883,2933,309
41.06617642941176,2930,310
41.080882311764704,2939,311
41.095588194117646,2923,311
41.11029407647059,2928,311
41.12499995882353,2914,311
41.13970584117647,2925,307
41.154411723529414,2924,307
41.169117605882356,2931,308
41.1838234882353,2926,310
41.19852937058823,2922,311
