Time(Seconds),Length(Seconds),Label(string),Confidence(double),Comment(string)
0.0339535,2.0601774,Dry,1,
2.6483956,0.4201755,Touch,1,
3.5238715,1.3790805,Dry,1,
5.3487428,0.4453111999999999,Touch,1,
6.0679977,1.5648342,Dry,1,
8.016217300000001,0.3974571000000001,Touch,1,
10.7038778,0.38378149999999994,Touch,1,
11.7090719,1.2158423,Dry,1,
13.444038200000001,0.3713444000000001,Touch,1,
14.4683832,1.2552447,Dry,1,
16.057529000000002,0.411527,Touch,1,
16.8550368,1.4128538,Dry,1,
18.6515576,0.5267884000000002,Touch,1,
19.6019789,1.1145221,Dry,1,
21.170515899999998,0.5627909999999998,Touch,1,
22.1574995,1.1708111,Dry,1,
23.7168998,0.4832121,Touch,1,
24.8368168,0.7824171,Dry,1,
26.183021800000002,0.41750120000000013,Touch,1,
27.0827479,0.9963152,Dry,1,
28.585209399999997,0.44131289999999995,Touch,1,
29.5130676,0.9906864,Dry,1,
30.8263553,0.4590586000000001,Touch,1,
31.6182762,1.063862,Dry,1,
33.0909969,0.4841541999999999,Touch,1,
33.9496417,0.9175107,Dry,1,
35.2609549,0.5435732999999999,Touch,1,
36.1392838,0.9343974,Dry,1,
38.5709686,0.8499638,Dry,1,
39.8214495,0.5406362999999998,Touch,1,
40.7081825,0.9512841,Dry,1,
42.121572199999996,0.5053263,Touch,1,
42.980581,0.782417,Dry,1,
44.2658515,0.5166294,Touch,1,
45.2377699,0.4897142,Dry,1,
46.275405,0.6188053,Touch,1,
47.2979147,0.788046,Dry,1,
48.6463657,0.5280680000000002,Touch,1,
49.5157013,0.7711592,Dry,1,
50.6981621,0.6774452,Touch,1,
51.7793705,0.4334253,Dry,1,
52.651844399999995,0.6671110999999998,Touch,1,
53.6819387,0.7993037,Dry,1,
54.863626499999995,0.5655857000000002,Touch,1,
55.7083427,0.7486436,Dry,1,
56.813181300000004,0.6830374999999999,Touch,1,
57.9126419,0.4446831,Dry,1,
58.890012299999995,0.7211804,Touch,1,
59.9390459,0.6191789,Dry,1,
60.9902804,0.6629465000000002,Touch,1,
62.0667701,0.6923547,Dry,1,
63.027866,0.6669756,Touch,1,
64.0470443,0.6923547,Dry,1,
65.072124,0.6118017,Touch,1,
66.0396749,0.6304368,Dry,1,
66.99439299999999,0.5899597999999999,Touch,1,
67.9106276,0.6079212,Dry,1,
68.9148725,0.5577709,Touch,1,
69.7963091,0.61355,Dry,1,
70.8248532,0.5755646000000001,Touch,1,
71.7793003,0.5460032,Dry,1,
72.7140021,0.6048506000000001,Touch,1,
73.8732511,0.2364137,Dry,1,
74.6601239,0.6470112000000001,Touch,1,
75.703703,0.4559409,Dry,1,
76.5742758,0.6212352,Touch,1,
77.6400446,0.5797767,Dry,1,
78.6082422,0.6299709,Touch,1,
79.6267667,0.4390542,Dry,1,
80.4916167,0.6269324000000001,Touch,1,
81.5180771,0.4897143,Dry,1,
82.515001,0.5693958000000001,Touch,1,
83.4091404,0.5966633,Dry,1,
84.4992181,0.5936784000000002,Touch,1,
85.4411733,0.6698391,Dry,1,
86.59220090000001,0.6061597999999999,Touch,1,
87.4338039,0.7204992,Dry,1,
88.5163024,0.6518954000000001,Touch,1,
89.454579,0.6979836,Dry,1,
90.51180310000001,0.5775812,Touch,1,
91.3779077,0.6867258,Dry,1,
92.42367349999999,0.6133371,Touch,1,
93.3592805,0.5966633,Dry,1,
94.3985544,0.7192032,Touch,1,
95.4307156,0.6304368,Dry,1,
96.49075140000001,0.5927350999999998,Touch,1,
97.4155073,0.49534310000000004,Dry,1,
98.3597939,0.6006983000000001,Touch,1,
99.3237044,0.56289,Dry,1,
100.2429311,0.6121715,Touch,1,
101.1506528,0.6867257,Dry,1,
102.1311503,0.6383135000000001,Touch,1,
103.0701077,0.7373859,Dry,1,
104.1285561,0.6091983,Touch,1,
105.1184746,0.4221675,Dry,1,
105.89630550000001,0.6274691000000001,Touch,1,
106.790258,0.56289,Dry,1,
107.7349377,0.6400428,Touch,1,
108.6605477,0.5966634,Dry,1,
109.6799474,0.5769658999999999,Touch,1,
110.557487,0.619179,Dry,1,
111.5947802,0.5890679,Touch,1,
112.5332309,0.6304367,Dry,1,
113.5239397,0.6077969,Touch,1,
114.4129064,0.6360657,Dry,1,
115.3988779,0.6388637,Touch,1,
116.2760723,0.7204992,Dry,1,
117.31987960000001,0.5918705,Touch,1,
118.2249066,0.6079212,Dry,1,
119.1963309,0.6554975000000001,Touch,1,
120.1556193,0.5291166,Dry,1,
121.0652574,0.551976,Touch,1,
121.8949494,0.5854056,Dry,1,
