Time (seconds), Duration (seconds),pred_unlabelled,pred_Dry,pred_Wet,pred_Touch
0.00735,0.48529,0.05061,0.93516,0.01097,0.00326
0.11029,0.48529,0.05061,0.93516,0.01097,0.00326
0.21324,0.48529,0.05061,0.93516,0.01097,0.00326
0.31618,0.48529,0.05061,0.93516,0.01097,0.00326
0.41912,0.48529,0.05061,0.93516,0.01097,0.00326
0.52206,0.48529,0.05061,0.93516,0.01097,0.00326
0.62500,0.48529,0.05061,0.93516,0.01097,0.00326
0.72794,0.48529,0.05061,0.93516,0.01097,0.00326
0.83088,0.48529,0.05061,0.93516,0.01097,0.00326
0.93382,0.48529,0.05061,0.93516,0.01097,0.00326
1.03676,0.48529,0.05061,0.93516,0.01097,0.00326
1.13971,0.48529,0.05061,0.93516,0.01097,0.00326
1.24265,0.48529,0.05061,0.93516,0.01097,0.00326
1.34559,0.48529,0.05061,0.93516,0.01097,0.00326
1.44853,0.48529,0.05061,0.93516,0.01097,0.00326
1.55147,0.48529,0.78642,0.03679,0.16743,0.00936
1.65441,0.48529,0.81579,0.01579,0.16691,0.00151
1.75735,0.48529,0.95992,0.00184,0.03810,0.00014
1.86029,0.48529,0.99908,0.00034,0.00042,0.00016
1.96324,0.48529,0.99855,0.00027,0.00058,0.00059
2.06618,0.48529,0.98245,0.00112,0.01092,0.00551
2.16912,0.48529,0.13479,0.00170,0.03871,0.82480
2.27206,0.48529,0.98120,0.00004,0.00329,0.01547
2.37500,0.48529,0.98730,0.00021,0.01233,0.00015
2.47794,0.48529,0.98862,0.00116,0.00911,0.00111
2.58088,0.48529,0.99623,0.00167,0.00140,0.00069
2.68382,0.48529,0.83790,0.07841,0.06855,0.01514
2.78676,0.48529,0.33542,0.57289,0.08040,0.01129
2.88971,0.48529,0.05061,0.93516,0.01097,0.00326
2.99265,0.48529,0.05061,0.93516,0.01097,0.00326
3.09559,0.48529,0.05061,0.93516,0.01097,0.00326
3.19853,0.48529,0.05061,0.93516,0.01097,0.00326
3.30147,0.48529,0.05061,0.93516,0.01097,0.00326
3.40441,0.48529,0.05061,0.93516,0.01097,0.00326
3.50735,0.48529,0.05061,0.93516,0.01097,0.00326
3.61029,0.48529,0.05061,0.93516,0.01097,0.00326
3.71324,0.48529,0.05061,0.93516,0.01097,0.00326
3.81618,0.48529,0.23778,0.62709,0.12021,0.01491
3.91912,0.48529,0.73200,0.07374,0.18891,0.00535
4.02206,0.48529,0.87199,0.00536,0.12236,0.00030
4.12500,0.48529,0.91749,0.00380,0.07850,0.00021
4.22794,0.48529,0.96314,0.00721,0.02873,0.00092
4.33088,0.48529,0.95271,0.00018,0.04616,0.00095
4.43382,0.48529,0.96192,0.00619,0.02781,0.00409
4.53676,0.48529,0.32410,0.00412,0.03805,0.63372
4.63971,0.48529,0.56442,0.00099,0.00887,0.42573
4.74265,0.48529,0.99722,0.00020,0.00242,0.00016
4.84559,0.48529,0.99350,0.00013,0.00634,0.00003
4.94853,0.48529,0.99278,0.00571,0.00039,0.00112
5.05147,0.48529,0.99418,0.00267,0.00261,0.00054
5.15441,0.48529,0.84023,0.09729,0.04618,0.01629
5.25735,0.48529,0.05061,0.93516,0.01097,0.00326
5.36029,0.48529,0.05061,0.93516,0.01097,0.00326
5.46324,0.48529,0.05061,0.93516,0.01097,0.00326
5.56618,0.48529,0.05061,0.93516,0.01097,0.00326
5.66912,0.48529,0.05061,0.93516,0.01097,0.00326
5.77206,0.48529,0.05061,0.93516,0.01097,0.00326
5.87500,0.48529,0.23983,0.67630,0.07127,0.01260
5.97794,0.48529,0.56985,0.26435,0.15263,0.01317
6.08088,0.48529,0.95188,0.00532,0.04251,0.00029
6.18382,0.48529,0.99133,0.00276,0.00575,0.00016
6.28676,0.48529,0.99521,0.00009,0.00388,0.00082
6.38971,0.48529,0.98895,0.00581,0.00461,0.00064
6.49265,0.48529,0.28360,0.00093,0.00444,0.71103
6.59559,0.48529,0.50489,0.00036,0.00293,0.49181
6.69853,0.48529,0.99832,0.00018,0.00130,0.00020
6.80147,0.48529,0.99008,0.00003,0.00987,0.00002
6.90441,0.48529,0.96576,0.03209,0.00049,0.00167
7.00735,0.48529,0.97771,0.00700,0.01237,0.00293
7.11029,0.48529,0.64717,0.19877,0.12856,0.02550
7.21324,0.48529,0.05061,0.93516,0.01097,0.00326
7.31618,0.48529,0.05061,0.93516,0.01097,0.00326
7.41912,0.48529,0.05061,0.93516,0.01097,0.00326
7.52206,0.48529,0.05061,0.93516,0.01097,0.00326
7.62500,0.48529,0.05061,0.93516,0.01097,0.00326
7.72794,0.48529,0.05061,0.93516,0.01097,0.00326
7.83088,0.48529,0.05061,0.93516,0.01097,0.00326
7.93382,0.48529,0.05061,0.93516,0.01097,0.00326
8.03677,0.48529,0.05061,0.93516,0.01097,0.00326
8.13971,0.48529,0.05061,0.93516,0.01097,0.00326
8.24265,0.48529,0.05061,0.93516,0.01097,0.00326
8.34559,0.48529,0.68201,0.07360,0.23346,0.01093
8.44853,0.48529,0.82434,0.01423,0.16019,0.00125
8.55147,0.48529,0.96515,0.00548,0.02921,0.00016
8.65441,0.48529,0.99484,0.00132,0.00350,0.00034
8.75735,0.48529,0.99137,0.00409,0.00261,0.00193
8.86029,0.48529,0.87063,0.00501,0.05269,0.07167
8.96323,0.48529,0.06873,0.00039,0.00562,0.92526
9.06618,0.48529,0.99908,0.00003,0.00071,0.00018
9.16912,0.48529,0.98529,0.00017,0.01450,0.00004
9.27206,0.48529,0.97494,0.01268,0.00872,0.00366
9.37500,0.48529,0.98912,0.00443,0.00549,0.00095
9.47794,0.48529,0.79888,0.07637,0.10555,0.01919
9.58088,0.48529,0.05061,0.93516,0.01097,0.00326
9.68382,0.48529,0.05061,0.93516,0.01097,0.00326
9.78677,0.48529,0.05061,0.93516,0.01097,0.00326
9.88971,0.48529,0.05061,0.93516,0.01097,0.00326
9.99265,0.48529,0.05061,0.93516,0.01097,0.00326
10.09559,0.48529,0.05061,0.93516,0.01097,0.00326
10.19853,0.48529,0.63752,0.05902,0.29316,0.01030
10.30147,0.48529,0.84747,0.02058,0.13006,0.00188
10.40441,0.48529,0.94527,0.00712,0.04736,0.00025
10.50735,0.48529,0.86042,0.00630,0.13286,0.00041
10.61029,0.48529,0.80202,0.01029,0.18685,0.00084
10.71323,0.48529,0.96242,0.00009,0.03696,0.00053
10.81618,0.48529,0.99647,0.00035,0.00221,0.00097
10.91912,0.48529,0.99447,0.00131,0.00171,0.00251
11.02206,0.48529,0.77138,0.00399,0.00081,0.22382
11.12500,0.48529,0.08542,0.00292,0.00159,0.91006
11.22794,0.48529,0.06557,0.00336,0.00351,0.92756
11.33088,0.48529,0.06469,0.00326,0.00354,0.92851
11.43382,0.48529,0.03708,0.00190,0.00188,0.95914
11.53677,0.48529,0.78283,0.00855,0.00362,0.20500
11.63971,0.48529,0.99891,0.00037,0.00057,0.00016
11.74265,0.48529,0.98068,0.00006,0.01924,0.00003
11.84559,0.48529,0.97448,0.01938,0.00372,0.00242
11.94853,0.48529,0.98021,0.00854,0.00872,0.00252
12.05147,0.48529,0.73932,0.12822,0.10860,0.02386
12.15441,0.48529,0.05061,0.93516,0.01097,0.00326
12.25735,0.48529,0.05061,0.93516,0.01097,0.00326
12.36029,0.48529,0.05061,0.93516,0.01097,0.00326
12.46323,0.48529,0.05061,0.93516,0.01097,0.00326
12.56618,0.48529,0.05061,0.93516,0.01097,0.00326
12.66912,0.48529,0.25561,0.65475,0.07646,0.01319
12.77206,0.48529,0.79847,0.05302,0.14477,0.00374
12.87500,0.48529,0.91861,0.00311,0.07809,0.00019
12.97794,0.48529,0.98195,0.00850,0.00932,0.00023
13.08088,0.48529,0.96878,0.00228,0.02708,0.00186
13.18382,0.48529,0.99608,0.00099,0.00220,0.00073
13.28677,0.48529,0.98387,0.00714,0.00404,0.00495
13.38971,0.48529,0.88258,0.00314,0.00076,0.11351
13.49265,0.48529,0.08305,0.00300,0.00410,0.90985
13.59559,0.48529,0.06533,0.00372,0.00348,0.92747
13.69853,0.48529,0.05766,0.00213,0.00067,0.93954
13.80147,0.48529,0.99520,0.00007,0.00083,0.00390
13.90441,0.48529,0.99603,0.00028,0.00365,0.00005
14.00735,0.48529,0.96890,0.00059,0.03031,0.00021
14.11029,0.48529,0.99949,0.00022,0.00020,0.00009
14.21323,0.48529,0.98003,0.00423,0.01276,0.00298
14.31618,0.48529,0.86238,0.10626,0.02473,0.00662
14.41912,0.48529,0.34455,0.60076,0.04132,0.01337
14.52206,0.48529,0.05061,0.93516,0.01097,0.00326
14.62500,0.48529,0.05061,0.93516,0.01097,0.00326
14.72794,0.48529,0.05061,0.93516,0.01097,0.00326
14.83088,0.48529,0.05061,0.93516,0.01097,0.00326
14.93382,0.48529,0.05061,0.93516,0.01097,0.00326
15.03677,0.48529,0.05061,0.93516,0.01097,0.00326
15.13971,0.48529,0.05061,0.93516,0.01097,0.00326
15.24265,0.48529,0.05061,0.93516,0.01097,0.00326
15.34559,0.48529,0.05061,0.93516,0.01097,0.00326
15.44853,0.48529,0.76400,0.05974,0.16862,0.00765
15.55147,0.48529,0.86837,0.00914,0.12189,0.00060
15.65441,0.48529,0.97802,0.00182,0.02003,0.00013
15.75735,0.48529,0.99856,0.00008,0.00122,0.00014
15.86029,0.48529,0.99033,0.00072,0.00019,0.00875
15.96323,0.48530,0.89291,0.00029,0.01345,0.09335
16.06618,0.48529,0.17371,0.00103,0.01976,0.80550
16.16912,0.48529,0.99648,0.00002,0.00280,0.00070
16.27206,0.48529,0.99446,0.00002,0.00549,0.00003
16.37500,0.48529,0.99762,0.00203,0.00001,0.00034
16.47794,0.48529,0.98304,0.00883,0.00660,0.00153
16.58088,0.48529,0.32409,0.62107,0.04179,0.01305
16.68382,0.48529,0.05061,0.93516,0.01097,0.00326
16.78676,0.48529,0.05061,0.93516,0.01097,0.00326
16.88971,0.48529,0.05061,0.93516,0.01097,0.00326
16.99265,0.48529,0.05061,0.93516,0.01097,0.00326
17.09559,0.48529,0.05061,0.93516,0.01097,0.00326
17.19853,0.48529,0.05061,0.93516,0.01097,0.00326
17.30147,0.48529,0.05061,0.93516,0.01097,0.00326
17.40441,0.48529,0.05061,0.93516,0.01097,0.00326
17.50735,0.48529,0.76266,0.06598,0.16212,0.00925
17.61029,0.48529,0.96221,0.00281,0.03477,0.00021
17.71324,0.48529,0.99746,0.00210,0.00014,0.00031
17.81618,0.48529,0.98783,0.00423,0.00134,0.00660
17.91912,0.48529,0.82088,0.00011,0.00589,0.17312
18.02206,0.48529,0.14771,0.00016,0.00125,0.85088
18.12500,0.48529,0.99871,0.00002,0.00099,0.00028
18.22794,0.48529,0.96953,0.00009,0.03020,0.00018
18.33088,0.48529,0.99471,0.00482,0.00006,0.00041
18.43382,0.48529,0.93584,0.01459,0.03901,0.01056
18.53676,0.48529,0.05061,0.93516,0.01097,0.00326
18.63971,0.48529,0.05061,0.93516,0.01097,0.00326
18.74265,0.48529,0.05061,0.93516,0.01097,0.00326
18.84559,0.48529,0.05061,0.93516,0.01097,0.00326
18.94853,0.48529,0.05061,0.93516,0.01097,0.00326
19.05147,0.48529,0.05061,0.93516,0.01097,0.00326
19.15441,0.48529,0.05061,0.93516,0.01097,0.00326
19.25735,0.48529,0.05061,0.93516,0.01097,0.00326
19.36029,0.48529,0.05061,0.93516,0.01097,0.00326
19.46324,0.48529,0.53944,0.19788,0.24254,0.02014
19.56618,0.48529,0.77985,0.02351,0.19440,0.00223
19.66912,0.48529,0.94592,0.01301,0.04057,0.00050
19.77206,0.48529,0.98974,0.00104,0.00685,0.00237
19.87500,0.48529,0.99098,0.00280,0.00521,0.00101
19.97794,0.48529,0.87436,0.00154,0.01444,0.10966
20.08088,0.48529,0.18888,0.00073,0.00544,0.80495
20.18382,0.48529,0.99714,0.00009,0.00233,0.00044
20.28676,0.48529,0.97557,0.00011,0.02426,0.00005
20.38971,0.48529,0.99275,0.00599,0.00028,0.00098
20.49265,0.48529,0.97794,0.00693,0.01116,0.00397
20.59559,0.48529,0.76449,0.09143,0.11727,0.02680
20.69853,0.48529,0.05061,0.93516,0.01097,0.00326
20.80147,0.48529,0.05061,0.93516,0.01097,0.00326
20.90441,0.48529,0.05061,0.93516,0.01097,0.00326
21.00735,0.48529,0.05061,0.93516,0.01097,0.00326
21.11029,0.48529,0.05061,0.93516,0.01097,0.00326
21.21324,0.48529,0.05061,0.93516,0.01097,0.00326
21.31618,0.48529,0.05061,0.93516,0.01097,0.00326
21.41912,0.48529,0.24578,0.61274,0.12621,0.01527
21.52206,0.48529,0.86681,0.01504,0.11436,0.00378
21.62500,0.48529,0.95998,0.00392,0.03570,0.00040
21.72794,0.48529,0.98087,0.00279,0.01608,0.00025
21.83088,0.48529,0.99511,0.00018,0.00378,0.00094
21.93382,0.48529,0.99369,0.00169,0.00367,0.00095
22.03676,0.48529,0.91178,0.00169,0.01358,0.07295
22.13971,0.48529,0.07969,0.00084,0.00481,0.91466
22.24265,0.48529,0.99912,0.00002,0.00081,0.00005
22.34559,0.48529,0.95087,0.00013,0.04895,0.00005
22.44853,0.48529,0.98814,0.00665,0.00182,0.00339
22.55147,0.48529,0.99363,0.00097,0.00505,0.00035
22.65441,0.48529,0.87359,0.05439,0.05999,0.01202
22.75735,0.48529,0.70398,0.17985,0.08869,0.02749
22.86029,0.48529,0.05061,0.93516,0.01097,0.00326
22.96324,0.48529,0.05061,0.93516,0.01097,0.00326
23.06618,0.48529,0.05061,0.93516,0.01097,0.00326
23.16912,0.48529,0.05061,0.93516,0.01097,0.00326
23.27206,0.48529,0.05061,0.93516,0.01097,0.00326
23.37500,0.48529,0.05061,0.93516,0.01097,0.00326
23.47794,0.48529,0.57475,0.09903,0.31331,0.01291
23.58088,0.48529,0.88989,0.02032,0.08816,0.00162
23.68382,0.48529,0.97487,0.00447,0.02050,0.00016
23.78676,0.48529,0.97639,0.00054,0.02123,0.00185
23.88971,0.48529,0.97363,0.01125,0.01232,0.00280
23.99265,0.48529,0.25819,0.00684,0.01767,0.71730
24.09559,0.48529,0.46116,0.00070,0.01435,0.52379
24.19853,0.48529,0.99780,0.00070,0.00134,0.00016
24.30147,0.48529,0.98440,0.00010,0.01547,0.00003
24.40441,0.48529,0.95739,0.03863,0.00129,0.00269
24.50735,0.48529,0.98412,0.00560,0.00772,0.00257
24.61029,0.48529,0.71357,0.14463,0.11746,0.02434
24.71324,0.48529,0.05061,0.93516,0.01097,0.00326
24.81618,0.48529,0.05061,0.93516,0.01097,0.00326
24.91912,0.48529,0.05061,0.93516,0.01097,0.00326
25.02206,0.48529,0.05061,0.93516,0.01097,0.00326
25.12500,0.48529,0.05061,0.93516,0.01097,0.00326
25.22794,0.48529,0.05061,0.93516,0.01097,0.00326
25.33088,0.48529,0.53455,0.19083,0.25479,0.01983
25.43382,0.48529,0.79285,0.01767,0.18783,0.00166
25.53676,0.48529,0.90572,0.00909,0.08496,0.00024
25.63971,0.48529,0.99447,0.00125,0.00375,0.00052
25.74265,0.48529,0.99228,0.00202,0.00352,0.00219
25.84559,0.48529,0.97207,0.00306,0.02145,0.00342
25.94853,0.48529,0.08346,0.00061,0.00343,0.91250
26.05147,0.48529,0.82666,0.00028,0.00848,0.16458
26.15441,0.48529,0.99864,0.00005,0.00128,0.00003
26.25735,0.48529,0.97377,0.00042,0.02573,0.00008
26.36029,0.48529,0.99740,0.00114,0.00066,0.00080
26.46324,0.48529,0.97993,0.00224,0.01539,0.00244
26.56618,0.48529,0.76901,0.11698,0.10362,0.01039
26.66912,0.48529,0.64115,0.29244,0.04913,0.01727
26.77206,0.48529,0.05061,0.93516,0.01097,0.00326
26.87500,0.48529,0.05061,0.93516,0.01097,0.00326
26.97794,0.48529,0.05061,0.93516,0.01097,0.00326
27.08088,0.48529,0.05061,0.93516,0.01097,0.00326
27.18382,0.48529,0.05061,0.93516,0.01097,0.00326
27.28676,0.48529,0.05061,0.93516,0.01097,0.00326
27.38971,0.48529,0.36810,0.38631,0.22194,0.02364
27.49265,0.48529,0.83196,0.01837,0.14752,0.00215
27.59559,0.48529,0.98645,0.00336,0.01007,0.00012
27.69853,0.48529,0.99712,0.00053,0.00095,0.00140
27.80147,0.48529,0.93458,0.01624,0.04290,0.00628
27.90441,0.48529,0.43018,0.00229,0.00875,0.55878
28.00735,0.48529,0.27886,0.00046,0.00241,0.71827
28.11029,0.48529,0.99830,0.00080,0.00082,0.00008
28.21324,0.48529,0.98852,0.00010,0.01131,0.00007
28.31618,0.48529,0.99135,0.00636,0.00141,0.00088
28.41912,0.48529,0.97696,0.00775,0.01129,0.00400
28.52206,0.48529,0.70588,0.14610,0.12123,0.02679
28.62500,0.48529,0.05061,0.93516,0.01097,0.00326
28.72794,0.48529,0.05061,0.93516,0.01097,0.00326
28.83088,0.48529,0.05061,0.93516,0.01097,0.00326
28.93382,0.48529,0.05061,0.93516,0.01097,0.00326
29.03676,0.48529,0.05061,0.93516,0.01097,0.00326
29.13971,0.48529,0.05061,0.93516,0.01097,0.00326
29.24265,0.48529,0.05061,0.93516,0.01097,0.00326
29.34559,0.48529,0.82525,0.02636,0.14335,0.00504
29.44853,0.48529,0.91917,0.00541,0.07510,0.00032
29.55147,0.48529,0.99980,0.00004,0.00011,0.00005
29.65441,0.48529,0.99666,0.00130,0.00110,0.00095
29.75735,0.48529,0.96358,0.00044,0.01864,0.01734
29.86029,0.48529,0.10091,0.00142,0.02369,0.87398
29.96324,0.48529,0.99246,0.00000,0.00284,0.00470
30.06618,0.48529,0.98286,0.00011,0.01698,0.00005
30.16912,0.48529,0.98272,0.00462,0.00794,0.00472
30.27206,0.48529,0.98719,0.00323,0.00751,0.00207
30.37500,0.48529,0.80556,0.05203,0.13079,0.01162
30.47794,0.48529,0.34832,0.53111,0.10176,0.01881
30.58088,0.48529,0.05061,0.93516,0.01097,0.00326
30.68382,0.48529,0.05061,0.93516,0.01097,0.00326
30.78676,0.48529,0.05061,0.93516,0.01097,0.00326
30.88971,0.48529,0.05061,0.93516,0.01097,0.00326
30.99265,0.48529,0.05061,0.93516,0.01097,0.00326
31.09559,0.48529,0.05061,0.93516,0.01097,0.00326
31.19853,0.48529,0.53854,0.18747,0.25415,0.01985
31.30147,0.48529,0.77111,0.01841,0.20859,0.00189
31.40441,0.48529,0.94389,0.01599,0.03964,0.00047
31.50735,0.48529,0.98792,0.00219,0.00603,0.00386
31.61029,0.48529,0.98968,0.00619,0.00339,0.00073
31.71324,0.48529,0.72894,0.00288,0.01496,0.25322
31.81618,0.48529,0.13497,0.00091,0.00421,0.85991
31.91912,0.48529,0.99927,0.00016,0.00040,0.00017
32.02206,0.48529,0.98731,0.00006,0.01261,0.00003
32.12500,0.48529,0.98656,0.00852,0.00165,0.00327
32.22794,0.48529,0.99522,0.00180,0.00245,0.00053
32.33088,0.48529,0.88556,0.03759,0.06369,0.01316
32.43382,0.48529,0.37078,0.50309,0.10651,0.01962
32.53677,0.48529,0.05061,0.93516,0.01097,0.00326
32.63971,0.48529,0.05061,0.93516,0.01097,0.00326
32.74265,0.48529,0.05061,0.93516,0.01097,0.00326
32.84559,0.48529,0.05061,0.93516,0.01097,0.00326
32.94853,0.48529,0.05061,0.93516,0.01097,0.00326
33.05147,0.48529,0.05061,0.93516,0.01097,0.00326
33.15441,0.48529,0.05061,0.93516,0.01097,0.00326
33.25735,0.48529,0.05061,0.93516,0.01097,0.00326
33.36029,0.48529,0.44101,0.33802,0.20359,0.01738
33.46323,0.48529,0.94331,0.00551,0.05048,0.00071
33.56618,0.48529,0.98672,0.00247,0.01069,0.00012
33.66912,0.48529,0.99581,0.00304,0.00041,0.00074
33.77206,0.48529,0.94865,0.00864,0.03823,0.00447
33.87500,0.48529,0.30628,0.00276,0.01975,0.67121
33.97794,0.48529,0.29590,0.00034,0.00728,0.69647
34.08088,0.48529,0.99722,0.00068,0.00205,0.00006
34.18382,0.48529,0.98342,0.00063,0.01519,0.00075
34.28677,0.48529,0.98854,0.00854,0.00140,0.00152
34.38971,0.48529,0.89455,0.01849,0.07630,0.01066
34.49265,0.48529,0.38152,0.48979,0.10868,0.02000
34.59559,0.48529,0.05061,0.93516,0.01097,0.00326
34.69853,0.48529,0.05061,0.93516,0.01097,0.00326
34.80147,0.48529,0.05061,0.93516,0.01097,0.00326
34.90441,0.48529,0.05061,0.93516,0.01097,0.00326
35.00735,0.48529,0.05061,0.93516,0.01097,0.00326
35.11029,0.48529,0.05061,0.93516,0.01097,0.00326
35.21323,0.48529,0.05061,0.93516,0.01097,0.00326
35.31618,0.48529,0.74403,0.05754,0.19164,0.00679
35.41912,0.48529,0.86729,0.00613,0.12618,0.00039
35.52206,0.48529,0.99790,0.00033,0.00168,0.00009
35.62500,0.48529,0.97214,0.00769,0.00045,0.01972
35.72794,0.48529,0.98413,0.00219,0.00547,0.00822
35.83088,0.48529,0.04570,0.00026,0.00310,0.95095
35.93382,0.48529,0.99607,0.00002,0.00148,0.00244
36.03677,0.48529,0.99053,0.00016,0.00922,0.00008
36.13971,0.48529,0.98248,0.00060,0.01541,0.00151
36.24265,0.48529,0.99425,0.00206,0.00294,0.00075
36.34559,0.48529,0.83986,0.05087,0.08969,0.01958
36.44853,0.48529,0.41573,0.40926,0.16116,0.01385
36.55147,0.48529,0.05061,0.93516,0.01097,0.00326
36.65441,0.48529,0.05061,0.93516,0.01097,0.00326
36.75735,0.48529,0.05061,0.93516,0.01097,0.00326
36.86029,0.48529,0.05061,0.93516,0.01097,0.00326
36.96323,0.48529,0.05061,0.93516,0.01097,0.00326
37.06618,0.48529,0.34940,0.54956,0.08656,0.01448
37.16912,0.48529,0.80077,0.03258,0.16345,0.00320
37.27206,0.48529,0.88639,0.00586,0.10720,0.00055
37.37500,0.48529,0.95860,0.01064,0.03040,0.00037
37.47794,0.48529,0.99761,0.00012,0.00158,0.00069
37.58088,0.48529,0.98899,0.00163,0.00799,0.00139
37.68382,0.48529,0.83773,0.00344,0.01007,0.14876
37.78677,0.48529,0.08000,0.00056,0.00330,0.91614
37.88971,0.48529,0.99963,0.00003,0.00030,0.00004
37.99265,0.48529,0.97371,0.00008,0.02618,0.00003
38.09559,0.48529,0.98051,0.00966,0.00412,0.00571
38.19853,0.48529,0.98847,0.00263,0.00741,0.00149
38.30147,0.48529,0.77138,0.12458,0.09503,0.00900
38.40441,0.48529,0.61046,0.28914,0.08007,0.02033
38.50735,0.48529,0.05061,0.93516,0.01097,0.00326
38.61029,0.48529,0.05061,0.93516,0.01097,0.00326
38.71323,0.48529,0.05061,0.93516,0.01097,0.00326
38.81618,0.48529,0.05061,0.93516,0.01097,0.00326
38.91912,0.48529,0.79248,0.04933,0.15186,0.00633
39.02206,0.48529,0.87171,0.00757,0.12030,0.00042
39.12500,0.48529,0.97164,0.00233,0.02584,0.00019
39.22794,0.48529,0.83669,0.00759,0.15538,0.00035
39.33088,0.48529,0.99877,0.00006,0.00096,0.00020
39.43382,0.48529,0.98627,0.00138,0.01132,0.00102
39.53677,0.48529,0.95952,0.00079,0.02399,0.01570
39.63971,0.48529,0.10499,0.00209,0.03663,0.85629
39.74265,0.48529,0.97090,0.00003,0.00625,0.02281
39.84559,0.48529,0.99683,0.00011,0.00303,0.00003
39.94853,0.48529,0.99018,0.00041,0.00892,0.00048
40.05147,0.48529,0.99567,0.00129,0.00242,0.00062
40.15441,0.48529,0.97261,0.00789,0.01764,0.00186
40.25735,0.48529,0.87622,0.03815,0.07290,0.01273
40.36029,0.48529,0.39884,0.46967,0.11083,0.02066
40.46323,0.48529,0.05061,0.93516,0.01097,0.00326
40.56618,0.48529,0.05061,0.93516,0.01097,0.00326
40.66912,0.48529,0.05061,0.93516,0.01097,0.00326
40.77206,0.48529,0.75388,0.04982,0.18894,0.00736
40.87500,0.48529,0.80666,0.01210,0.18020,0.00104
40.97794,0.48529,0.94353,0.00459,0.05170,0.00018
41.08088,0.48529,0.86912,0.00781,0.12225,0.00082
41.18382,0.48529,0.98402,0.00033,0.01517,0.00048
41.28677,0.48529,0.99339,0.00105,0.00404,0.00152
41.38971,0.48529,0.86715,0.00417,0.02065,0.10803
41.49265,0.48529,0.09877,0.00107,0.00931,0.89085
41.59559,0.48529,0.99867,0.00008,0.00108,0.00017
41.69853,0.48529,0.99102,0.00006,0.00890,0.00002
41.80147,0.48529,0.98948,0.00405,0.00275,0.00372
41.90441,0.48529,0.99427,0.00144,0.00279,0.00150
42.00735,0.48529,0.97358,0.00885,0.01355,0.00402
42.11029,0.48529,0.72313,0.19973,0.06370,0.01345
42.21323,0.48529,0.05061,0.93516,0.01097,0.00326
42.31618,0.48529,0.05061,0.93516,0.01097,0.00326
42.41912,0.48529,0.05061,0.93516,0.01097,0.00326
42.52206,0.48529,0.05061,0.93516,0.01097,0.00326
42.62500,0.48529,0.05061,0.93516,0.01097,0.00326
42.72794,0.48529,0.05061,0.93516,0.01097,0.00326
42.83088,0.48529,0.75904,0.03709,0.19694,0.00693
42.93382,0.48529,0.96030,0.00764,0.03140,0.00067
43.03677,0.48529,0.98922,0.00329,0.00737,0.00012
43.13971,0.48529,0.99545,0.00132,0.00191,0.00132
43.24265,0.48529,0.98320,0.00349,0.01131,0.00199
43.34559,0.48529,0.42090,0.00546,0.01362,0.56002
43.44853,0.48529,0.27458,0.00078,0.01009,0.71455
43.55147,0.48529,0.99856,0.00013,0.00127,0.00005
43.65441,0.48529,0.99383,0.00010,0.00603,0.00004
43.75735,0.48529,0.99423,0.00415,0.00074,0.00088
43.86029,0.48529,0.98733,0.00449,0.00703,0.00115
43.96323,0.48529,0.81827,0.05081,0.10744,0.02348
44.06618,0.48529,0.05061,0.93516,0.01097,0.00326
44.16912,0.48529,0.05061,0.93516,0.01097,0.00326
44.27206,0.48529,0.05061,0.93516,0.01097,0.00326
44.37500,0.48529,0.05061,0.93516,0.01097,0.00326
44.47794,0.48529,0.05061,0.93516,0.01097,0.00326
44.58088,0.48529,0.05061,0.93516,0.01097,0.00326
44.68382,0.48529,0.05061,0.93516,0.01097,0.00326
44.78677,0.48529,0.76290,0.04766,0.18180,0.00764
44.88971,0.48529,0.86972,0.00968,0.11995,0.00065
44.99265,0.48529,0.98404,0.00423,0.01147,0.00026
45.09559,0.48529,0.99924,0.00001,0.00056,0.00019
45.19853,0.48529,0.95651,0.00195,0.03739,0.00415
45.30147,0.48529,0.14351,0.00044,0.00570,0.85036
45.40441,0.48529,0.83638,0.00003,0.00464,0.15895
45.50735,0.48529,0.99624,0.00042,0.00320,0.00014
45.61029,0.48529,0.99086,0.00036,0.00848,0.00030
45.71323,0.48529,0.98931,0.00656,0.00130,0.00283
45.81618,0.48529,0.93138,0.01693,0.04427,0.00742
45.91912,0.48529,0.05061,0.93516,0.01097,0.00326
46.02206,0.48529,0.05061,0.93516,0.01097,0.00326
46.12500,0.48529,0.05061,0.93516,0.01097,0.00326
46.22794,0.48529,0.05061,0.93516,0.01097,0.00326
46.33088,0.48529,0.05061,0.93516,0.01097,0.00326
46.43382,0.48529,0.05061,0.93516,0.01097,0.00326
46.53677,0.48529,0.05061,0.93516,0.01097,0.00326
46.63971,0.48529,0.05061,0.93516,0.01097,0.00326
46.74265,0.48529,0.79245,0.02090,0.18386,0.00278
46.84559,0.48529,0.94230,0.01739,0.03974,0.00057
46.94853,0.48529,0.96155,0.01056,0.02070,0.00718
47.05147,0.48529,0.99588,0.00077,0.00268,0.00066
47.15441,0.48529,0.77806,0.00526,0.05384,0.16284
47.25735,0.48529,0.07314,0.00058,0.00303,0.92325
47.36029,0.48529,0.99880,0.00023,0.00086,0.00012
47.46323,0.48529,0.98291,0.00029,0.01674,0.00005
47.56618,0.48529,0.97718,0.01817,0.00155,0.00310
47.66912,0.48529,0.98507,0.00484,0.00866,0.00143
47.77206,0.48529,0.74539,0.10790,0.11899,0.02772
47.87500,0.48529,0.05061,0.93516,0.01097,0.00326
47.97794,0.48529,0.05061,0.93516,0.01097,0.00326
48.08088,0.48529,0.05061,0.93516,0.01097,0.00326
48.18382,0.48529,0.05061,0.93516,0.01097,0.00326
48.28677,0.48529,0.05061,0.93516,0.01097,0.00326
48.38971,0.48529,0.05061,0.93516,0.01097,0.00326
48.49265,0.48529,0.05061,0.93516,0.01097,0.00326
48.59559,0.48529,0.76146,0.05285,0.17993,0.00576
48.69853,0.48529,0.89382,0.01135,0.09434,0.00049
48.80147,0.48529,0.99054,0.00172,0.00764,0.00011
48.90441,0.48529,0.99056,0.00589,0.00213,0.00142
49.00735,0.48529,0.99460,0.00183,0.00151,0.00206
49.11029,0.48529,0.24751,0.00658,0.01074,0.73517
49.21323,0.48529,0.88698,0.00051,0.01698,0.09553
49.31618,0.48529,0.99914,0.00038,0.00045,0.00003
49.41912,0.48529,0.96577,0.00207,0.03192,0.00024
49.52206,0.48529,0.99149,0.00649,0.00117,0.00085
49.62500,0.48529,0.96586,0.00832,0.02129,0.00453
49.72794,0.48529,0.53121,0.24404,0.19752,0.02722
49.83088,0.48529,0.05061,0.93516,0.01097,0.00326
49.93382,0.48529,0.05061,0.93516,0.01097,0.00326
50.03677,0.48529,0.05061,0.93516,0.01097,0.00326
50.13971,0.48529,0.05061,0.93516,0.01097,0.00326
50.24265,0.48529,0.05061,0.93516,0.01097,0.00326
50.34559,0.48529,0.59045,0.22435,0.16736,0.01783
50.44853,0.48529,0.89810,0.01443,0.08549,0.00198
50.55147,0.48529,0.98558,0.00319,0.01112,0.00011
50.65441,0.48529,0.99666,0.00217,0.00068,0.00049
50.75735,0.48529,0.99469,0.00150,0.00277,0.00104
50.86029,0.48529,0.95490,0.00704,0.00591,0.03215
50.96323,0.48529,0.05794,0.00054,0.00176,0.93976
51.06618,0.48529,0.99895,0.00012,0.00016,0.00078
51.16912,0.48529,0.99289,0.00020,0.00685,0.00007
51.27206,0.48529,0.99332,0.00052,0.00572,0.00044
51.37500,0.48529,0.99788,0.00135,0.00030,0.00046
51.47794,0.48529,0.95728,0.01921,0.01992,0.00360
51.58088,0.48529,0.54458,0.37205,0.06431,0.01905
51.68382,0.48529,0.05061,0.93516,0.01097,0.00326
51.78677,0.48529,0.05061,0.93516,0.01097,0.00326
51.88971,0.48529,0.05061,0.93516,0.01097,0.00326
51.99265,0.48529,0.05061,0.93516,0.01097,0.00326
52.09559,0.48529,0.05061,0.93516,0.01097,0.00326
52.19853,0.48529,0.48374,0.22169,0.27412,0.02046
52.30147,0.48529,0.87383,0.03072,0.09132,0.00413
52.40441,0.48529,0.94255,0.00182,0.05550,0.00012
52.50735,0.48529,0.99681,0.00046,0.00256,0.00016
52.61029,0.48529,0.96741,0.00914,0.00733,0.01611
52.71323,0.48529,0.99123,0.00353,0.00298,0.00227
52.81618,0.48529,0.30652,0.00919,0.00554,0.67875
52.91912,0.48529,0.27987,0.00052,0.01170,0.70790
53.02206,0.48529,0.99917,0.00010,0.00045,0.00029
53.12500,0.48529,0.98720,0.00047,0.01226,0.00007
53.22794,0.48529,0.99320,0.00119,0.00413,0.00149
53.33088,0.48529,0.99301,0.00232,0.00293,0.00175
53.43382,0.48529,0.89288,0.04307,0.05748,0.00657
53.53677,0.48529,0.64840,0.28675,0.04768,0.01717
53.63971,0.48529,0.05061,0.93516,0.01097,0.00326
53.74265,0.48529,0.05061,0.93516,0.01097,0.00326
53.84559,0.48529,0.05061,0.93516,0.01097,0.00326
53.94853,0.48529,0.05061,0.93516,0.01097,0.00326
54.05147,0.48529,0.05061,0.93516,0.01097,0.00326
54.15441,0.48529,0.05061,0.93516,0.01097,0.00326
54.25735,0.48529,0.65183,0.06599,0.27142,0.01076
54.36029,0.48529,0.81520,0.02452,0.15854,0.00174
54.46323,0.48529,0.96858,0.00566,0.02532,0.00043
54.56618,0.48529,0.98450,0.00035,0.01448,0.00067
54.66912,0.48529,0.99643,0.00178,0.00107,0.00072
54.77206,0.48529,0.97520,0.00820,0.00165,0.01495
54.87500,0.48529,0.81107,0.00159,0.00166,0.18568
54.97794,0.48529,0.09103,0.00728,0.00400,0.89769
55.08088,0.48529,0.05291,0.00485,0.00103,0.94122
55.18382,0.48529,0.98912,0.00070,0.00060,0.00958
55.28677,0.48529,0.99702,0.00046,0.00246,0.00006
55.38971,0.48529,0.99212,0.00052,0.00715,0.00021
55.49265,0.48529,0.98790,0.00815,0.00198,0.00197
55.59559,0.48529,0.94617,0.01267,0.03436,0.00680
55.69853,0.48529,0.48192,0.37426,0.11996,0.02386
55.80147,0.48529,0.05061,0.93516,0.01097,0.00326
55.90441,0.48529,0.05061,0.93516,0.01097,0.00326
56.00735,0.48529,0.05061,0.93516,0.01097,0.00326
56.11029,0.48529,0.71363,0.03097,0.24683,0.00858
56.21323,0.48529,0.95231,0.00748,0.03962,0.00058
56.31618,0.48529,0.98020,0.00808,0.01154,0.00018
56.41912,0.48529,0.99958,0.00004,0.00028,0.00009
56.52206,0.48529,0.99872,0.00017,0.00035,0.00076
56.62500,0.48529,0.99483,0.00061,0.00094,0.00362
56.72794,0.48529,0.88792,0.00048,0.00096,0.11063
56.83088,0.48529,0.07970,0.00096,0.00034,0.91900
56.93382,0.48529,0.06548,0.00057,0.00029,0.93366
57.03677,0.48529,0.97093,0.00023,0.00089,0.02796
57.13971,0.48529,0.99684,0.00001,0.00256,0.00058
57.24265,0.48529,0.98798,0.00001,0.01199,0.00002
57.34559,0.48529,0.98963,0.00465,0.00122,0.00449
57.44853,0.48529,0.98830,0.00494,0.00488,0.00187
57.55147,0.48529,0.82472,0.04985,0.11282,0.01261
57.65441,0.48529,0.35952,0.51712,0.10415,0.01921
57.75735,0.48529,0.05061,0.93516,0.01097,0.00326
57.86029,0.48529,0.05061,0.93516,0.01097,0.00326
57.96323,0.48529,0.05061,0.93516,0.01097,0.00326
58.06618,0.48529,0.05061,0.93516,0.01097,0.00326
58.16912,0.48529,0.63585,0.09847,0.25426,0.01142
58.27206,0.48529,0.85741,0.01273,0.12912,0.00074
58.37500,0.48529,0.98839,0.00473,0.00659,0.00028
58.47794,0.48529,0.98935,0.00039,0.00812,0.00213
58.58088,0.48529,0.96842,0.02159,0.00698,0.00301
58.68382,0.48529,0.11341,0.00144,0.00718,0.87798
58.78677,0.48529,0.64965,0.00056,0.01082,0.33898
58.88971,0.48529,0.99894,0.00036,0.00060,0.00011
58.99265,0.48529,0.96482,0.00056,0.03453,0.00009
59.09559,0.48529,0.98433,0.01215,0.00128,0.00223
59.19853,0.48529,0.97514,0.00720,0.01434,0.00331
59.30147,0.48529,0.65165,0.15331,0.16675,0.02829
59.40441,0.48529,0.05061,0.93516,0.01097,0.00326
59.50735,0.48529,0.05061,0.93516,0.01097,0.00326
59.61029,0.48529,0.05061,0.93516,0.01097,0.00326
59.71323,0.48529,0.05061,0.93516,0.01097,0.00326
59.81618,0.48529,0.05061,0.93516,0.01097,0.00326
59.91912,0.48529,0.23778,0.62709,0.12021,0.01491
60.02206,0.48529,0.77850,0.03827,0.17904,0.00419
60.12500,0.48529,0.94870,0.00407,0.04706,0.00017
60.22794,0.48529,0.99826,0.00016,0.00150,0.00008
60.33088,0.48529,0.98314,0.00259,0.00013,0.01414
60.43382,0.48529,0.95167,0.00538,0.01780,0.02515
60.53677,0.48529,0.04258,0.00033,0.00408,0.95302
60.63971,0.48529,0.99676,0.00004,0.00126,0.00194
60.74265,0.48529,0.97688,0.00039,0.02257,0.00016
60.84559,0.48529,0.99379,0.00133,0.00408,0.00081
60.94853,0.48529,0.98499,0.00925,0.00323,0.00253
61.05147,0.48529,0.77115,0.08726,0.12091,0.02068
61.15441,0.48529,0.05061,0.93516,0.01097,0.00326
61.25735,0.48529,0.05061,0.93516,0.01097,0.00326
61.36029,0.48529,0.05061,0.93516,0.01097,0.00326
61.46323,0.48529,0.05061,0.93516,0.01097,0.00326
61.56618,0.48529,0.05061,0.93516,0.01097,0.00326
61.66912,0.48529,0.05061,0.93516,0.01097,0.00326
61.77206,0.48529,0.05061,0.93516,0.01097,0.00326
61.87500,0.48529,0.23983,0.67630,0.07127,0.01260
61.97794,0.48529,0.83225,0.04553,0.11849,0.00374
62.08088,0.48529,0.99917,0.00024,0.00054,0.00006
62.18382,0.48529,0.99114,0.00568,0.00042,0.00275
62.28677,0.48529,0.95623,0.01666,0.00857,0.01854
62.38971,0.48529,0.09459,0.00159,0.01109,0.89273
62.49265,0.48529,0.99150,0.00025,0.00213,0.00612
62.59559,0.48529,0.98164,0.00022,0.01800,0.00014
62.69853,0.48529,0.99029,0.00590,0.00271,0.00110
62.80147,0.48529,0.98157,0.00396,0.01119,0.00329
62.90441,0.48529,0.42149,0.38003,0.17440,0.02408
63.00735,0.48529,0.05061,0.93516,0.01097,0.00326
63.11029,0.48529,0.05061,0.93516,0.01097,0.00326
63.21323,0.48529,0.05061,0.93516,0.01097,0.00326
63.31618,0.48529,0.05061,0.93516,0.01097,0.00326
63.41912,0.48529,0.05061,0.93516,0.01097,0.00326
63.52206,0.48529,0.05061,0.93516,0.01097,0.00326
63.62500,0.48529,0.05061,0.93516,0.01097,0.00326
63.72794,0.48529,0.05061,0.93516,0.01097,0.00326
63.83088,0.48529,0.05061,0.93516,0.01097,0.00326
63.93382,0.48530,0.05061,0.93516,0.01097,0.00326
64.03677,0.48529,0.57516,0.16808,0.23657,0.02019
64.13971,0.48529,0.87006,0.01355,0.11517,0.00122
64.24265,0.48530,0.97804,0.01383,0.00378,0.00436
64.34559,0.48529,0.96811,0.01203,0.01470,0.00515
64.44853,0.48529,0.53270,0.00277,0.00844,0.45609
64.55147,0.48530,0.64191,0.01745,0.00265,0.33799
64.65441,0.48530,0.99221,0.00012,0.00755,0.00012
64.75735,0.48529,0.98384,0.00416,0.01078,0.00122
64.86029,0.48530,0.98783,0.00566,0.00468,0.00182
64.96323,0.48530,0.72695,0.12725,0.11826,0.02754
65.06618,0.48529,0.05061,0.93516,0.01097,0.00326
65.16912,0.48529,0.05061,0.93516,0.01097,0.00326
65.27206,0.48530,0.05061,0.93516,0.01097,0.00326
65.37500,0.48529,0.05061,0.93516,0.01097,0.00326
65.47794,0.48529,0.05061,0.93516,0.01097,0.00326
65.58088,0.48530,0.05061,0.93516,0.01097,0.00326
65.68382,0.48530,0.05061,0.93516,0.01097,0.00326
65.78677,0.48529,0.74442,0.05989,0.18689,0.00881
65.88971,0.48529,0.77937,0.01191,0.20765,0.00107
65.99265,0.48530,0.90367,0.00725,0.08872,0.00035
66.09559,0.48529,0.99820,0.00072,0.00077,0.00031
66.19853,0.48529,0.99640,0.00099,0.00057,0.00205
66.30147,0.48530,0.76210,0.00047,0.01485,0.22258
66.40441,0.48530,0.13983,0.00087,0.00304,0.85626
66.50735,0.48529,0.99269,0.00013,0.00597,0.00121
66.61029,0.48530,0.97459,0.00015,0.02516,0.00010
66.71323,0.48530,0.99090,0.00771,0.00019,0.00120
66.81618,0.48529,0.94739,0.01491,0.03415,0.00355
66.91912,0.48529,0.61783,0.28503,0.07774,0.01940
67.02206,0.48530,0.05061,0.93516,0.01097,0.00326
67.12500,0.48529,0.05061,0.93516,0.01097,0.00326
67.22794,0.48529,0.05061,0.93516,0.01097,0.00326
67.33088,0.48530,0.05061,0.93516,0.01097,0.00326
67.43382,0.48530,0.05061,0.93516,0.01097,0.00326
67.53677,0.48529,0.05061,0.93516,0.01097,0.00326
67.63971,0.48529,0.05061,0.93516,0.01097,0.00326
67.74265,0.48530,0.77928,0.02057,0.19743,0.00271
67.84559,0.48529,0.93964,0.01155,0.04835,0.00046
67.94853,0.48529,0.98475,0.00318,0.00938,0.00269
68.05147,0.48530,0.98440,0.00946,0.00421,0.00193
68.15441,0.48530,0.62691,0.00561,0.06448,0.30300
68.25735,0.48529,0.11884,0.00060,0.00407,0.87649
68.36029,0.48530,0.99887,0.00013,0.00093,0.00007
68.46323,0.48530,0.98515,0.00021,0.01459,0.00005
68.56618,0.48529,0.99092,0.00621,0.00100,0.00188
68.66912,0.48529,0.99080,0.00300,0.00516,0.00104
68.77206,0.48530,0.76916,0.08239,0.12361,0.02484
68.87500,0.48529,0.05061,0.93516,0.01097,0.00326
68.97794,0.48529,0.05061,0.93516,0.01097,0.00326
69.08088,0.48530,0.05061,0.93516,0.01097,0.00326
69.18382,0.48530,0.05061,0.93516,0.01097,0.00326
69.28677,0.48529,0.05061,0.93516,0.01097,0.00326
69.38971,0.48529,0.05061,0.93516,0.01097,0.00326
69.49265,0.48530,0.75745,0.02417,0.21197,0.00641
69.59559,0.48529,0.92270,0.01190,0.06478,0.00062
69.69853,0.48529,0.97402,0.00268,0.02302,0.00029
69.80147,0.48530,0.99596,0.00044,0.00159,0.00202
69.90441,0.48530,0.98882,0.00097,0.00868,0.00153
70.00735,0.48529,0.75443,0.00043,0.00735,0.23779
70.11029,0.48530,0.28588,0.00013,0.00615,0.70784
70.21323,0.48530,0.99836,0.00031,0.00123,0.00010
70.31618,0.48529,0.99022,0.00011,0.00951,0.00016
70.41912,0.48529,0.99676,0.00224,0.00078,0.00023
70.52206,0.48530,0.95260,0.01567,0.02573,0.00601
70.62500,0.48529,0.80457,0.07427,0.09485,0.02631
70.72794,0.48529,0.05061,0.93516,0.01097,0.00326
70.83088,0.48530,0.05061,0.93516,0.01097,0.00326
70.93382,0.48530,0.05061,0.93516,0.01097,0.00326
71.03677,0.48529,0.05061,0.93516,0.01097,0.00326
71.13971,0.48529,0.05061,0.93516,0.01097,0.00326
71.24265,0.48530,0.05061,0.93516,0.01097,0.00326
71.34559,0.48529,0.29267,0.52386,0.16620,0.01727
71.44853,0.48529,0.76621,0.06917,0.15946,0.00515
71.55147,0.48530,0.89622,0.00554,0.09800,0.00024
71.65441,0.48530,0.96270,0.00637,0.03044,0.00049
71.75735,0.48529,0.99336,0.00025,0.00494,0.00145
71.86029,0.48530,0.91955,0.00690,0.06720,0.00635
71.96323,0.48530,0.13169,0.00040,0.01687,0.85105
72.06618,0.48529,0.96508,0.00003,0.00399,0.03089
72.16912,0.48529,0.99002,0.00030,0.00958,0.00010
72.27206,0.48530,0.98946,0.00104,0.00794,0.00156
72.37500,0.48529,0.99187,0.00332,0.00330,0.00151
72.47794,0.48529,0.84275,0.04151,0.10460,0.01113
72.58088,0.48530,0.32527,0.56084,0.09596,0.01793
72.68382,0.48530,0.05061,0.93516,0.01097,0.00326
72.78677,0.48529,0.05061,0.93516,0.01097,0.00326
72.88971,0.48529,0.05061,0.93516,0.01097,0.00326
72.99265,0.48530,0.05061,0.93516,0.01097,0.00326
73.09559,0.48529,0.05061,0.93516,0.01097,0.00326
73.19853,0.48529,0.05061,0.93516,0.01097,0.00326
73.30147,0.48530,0.05061,0.93516,0.01097,0.00326
73.40441,0.48530,0.23983,0.67630,0.07127,0.01260
73.50735,0.48529,0.77900,0.04439,0.17214,0.00447
73.61029,0.48530,0.96032,0.00347,0.03607,0.00014
73.71323,0.48530,0.99014,0.00268,0.00681,0.00036
73.81618,0.48529,0.99286,0.00019,0.00650,0.00045
73.91912,0.48529,0.92086,0.00436,0.03620,0.03858
74.02206,0.48530,0.25129,0.00706,0.02673,0.71493
74.12500,0.48529,0.99627,0.00025,0.00300,0.00048
74.22794,0.48529,0.99266,0.00053,0.00679,0.00002
74.33088,0.48530,0.98937,0.00524,0.00326,0.00213
74.43382,0.48530,0.98472,0.00464,0.00753,0.00311
74.53677,0.48529,0.79673,0.06535,0.12231,0.01561
74.63971,0.48529,0.05061,0.93516,0.01097,0.00326
74.74265,0.48530,0.05061,0.93516,0.01097,0.00326
74.84559,0.48529,0.05061,0.93516,0.01097,0.00326
74.94853,0.48529,0.05061,0.93516,0.01097,0.00326
75.05147,0.48530,0.05061,0.93516,0.01097,0.00326
75.15441,0.48530,0.05061,0.93516,0.01097,0.00326
75.25735,0.48529,0.05061,0.93516,0.01097,0.00326
75.36029,0.48530,0.57203,0.14397,0.26400,0.02000
75.46323,0.48530,0.90152,0.00702,0.08960,0.00186
75.56618,0.48529,0.98945,0.00250,0.00792,0.00013
75.66912,0.48529,0.99536,0.00284,0.00027,0.00154
75.77206,0.48530,0.98485,0.00471,0.00880,0.00164
75.87500,0.48529,0.86571,0.00315,0.01224,0.11890
75.97794,0.48529,0.11093,0.00032,0.00160,0.88715
76.08088,0.48530,0.99897,0.00005,0.00066,0.00031
76.18382,0.48530,0.99167,0.00003,0.00828,0.00003
76.28677,0.48529,0.98684,0.01020,0.00154,0.00142
76.38971,0.48529,0.98619,0.00641,0.00637,0.00103
76.49265,0.48530,0.92884,0.03901,0.01765,0.01449
76.59559,0.48529,0.05061,0.93516,0.01097,0.00326
76.69853,0.48529,0.05061,0.93516,0.01097,0.00326
76.80147,0.48530,0.05061,0.93516,0.01097,0.00326
76.90441,0.48530,0.05061,0.93516,0.01097,0.00326
77.00735,0.48529,0.05061,0.93516,0.01097,0.00326
77.11029,0.48530,0.05061,0.93516,0.01097,0.00326
77.21323,0.48530,0.05061,0.93516,0.01097,0.00326
77.31618,0.48529,0.74931,0.04338,0.20038,0.00693
77.41912,0.48529,0.85257,0.00898,0.13792,0.00052
77.52206,0.48530,0.99882,0.00096,0.00012,0.00010
77.62500,0.48529,0.99395,0.00283,0.00048,0.00274
77.72794,0.48529,0.99497,0.00025,0.00184,0.00293
77.83088,0.48530,0.04513,0.00005,0.00009,0.95473
77.93382,0.48530,0.99406,0.00004,0.00037,0.00553
78.03677,0.48529,0.99782,0.00009,0.00197,0.00012
78.13971,0.48529,0.98230,0.00008,0.01757,0.00006
78.24265,0.48530,0.99234,0.00648,0.00033,0.00085
78.34559,0.48529,0.95900,0.00952,0.02624,0.00525
78.44853,0.48529,0.63540,0.20409,0.13530,0.02520
78.55147,0.48530,0.05061,0.93516,0.01097,0.00326
78.65441,0.48530,0.05061,0.93516,0.01097,0.00326
78.75735,0.48529,0.05061,0.93516,0.01097,0.00326
78.86029,0.48530,0.05061,0.93516,0.01097,0.00326
78.96323,0.48530,0.05061,0.93516,0.01097,0.00326
79.06618,0.48529,0.05061,0.93516,0.01097,0.00326
79.16912,0.48529,0.66947,0.16656,0.14920,0.01477
79.27206,0.48530,0.90927,0.00675,0.08344,0.00054
79.37500,0.48529,0.99615,0.00286,0.00087,0.00012
79.47794,0.48529,0.99308,0.00392,0.00023,0.00277
79.58088,0.48530,0.98129,0.00101,0.00378,0.01392
79.68382,0.48530,0.05469,0.00049,0.00253,0.94229
79.78677,0.48529,0.99848,0.00002,0.00104,0.00046
79.88971,0.48529,0.98333,0.00018,0.01644,0.00006
79.99265,0.48530,0.99077,0.00400,0.00412,0.00110
80.09559,0.48529,0.98098,0.00490,0.01076,0.00336
80.19853,0.48529,0.81813,0.05477,0.11127,0.01583
80.30147,0.48530,0.05061,0.93516,0.01097,0.00326
80.40441,0.48530,0.05061,0.93516,0.01097,0.00326
80.50735,0.48529,0.05061,0.93516,0.01097,0.00326
80.61029,0.48530,0.05061,0.93516,0.01097,0.00326
80.71323,0.48530,0.05061,0.93516,0.01097,0.00326
80.81618,0.48529,0.32639,0.57769,0.08202,0.01391
80.91912,0.48529,0.79203,0.05936,0.14504,0.00357
81.02206,0.48530,0.88586,0.00852,0.10465,0.00096
81.12500,0.48529,0.96998,0.00317,0.02652,0.00032
81.22794,0.48529,0.99795,0.00033,0.00156,0.00015
81.33088,0.48530,0.97969,0.00324,0.00696,0.01010
81.43382,0.48530,0.82098,0.00184,0.03664,0.14055
81.53677,0.48529,0.18315,0.00167,0.01333,0.80185
81.63971,0.48529,0.99505,0.00009,0.00469,0.00018
81.74265,0.48530,0.97141,0.00080,0.02762,0.00017
81.84559,0.48529,0.99157,0.00618,0.00083,0.00142
81.94853,0.48529,0.96361,0.01076,0.02082,0.00481
82.05147,0.48530,0.58023,0.23585,0.16092,0.02300
82.15441,0.48530,0.05061,0.93516,0.01097,0.00326
82.25735,0.48529,0.05061,0.93516,0.01097,0.00326
82.36029,0.48530,0.05061,0.93516,0.01097,0.00326
82.46323,0.48530,0.05061,0.93516,0.01097,0.00326
82.56618,0.48529,0.05061,0.93516,0.01097,0.00326
82.66912,0.48529,0.56959,0.16419,0.25227,0.01395
82.77206,0.48530,0.77925,0.01639,0.20295,0.00141
82.87500,0.48529,0.98476,0.00668,0.00826,0.00031
82.97794,0.48529,0.99747,0.00018,0.00165,0.00070
83.08088,0.48530,0.87988,0.01185,0.09790,0.01037
83.18382,0.48530,0.12447,0.00052,0.01260,0.86241
83.28677,0.48529,0.96465,0.00000,0.00660,0.02874
83.38971,0.48529,0.99106,0.00002,0.00890,0.00002
83.49265,0.48530,0.94851,0.00148,0.04887,0.00114
83.59559,0.48529,0.99457,0.00060,0.00409,0.00075
83.69853,0.48529,0.97668,0.00448,0.01753,0.00131
83.80147,0.48530,0.80506,0.11628,0.06931,0.00935
83.90441,0.48530,0.76214,0.13028,0.08184,0.02574
84.00735,0.48529,0.84510,0.02711,0.12014,0.00765
84.11029,0.48530,0.80224,0.00891,0.18787,0.00098
84.21323,0.48530,0.92959,0.00405,0.06611,0.00025
84.31618,0.48529,0.73743,0.00387,0.25803,0.00067
84.41912,0.48529,0.73652,0.00402,0.25806,0.00141
84.52206,0.48530,0.97375,0.00003,0.02596,0.00026
84.62500,0.48529,0.89694,0.00121,0.08827,0.01358
84.72794,0.48529,0.19718,0.00207,0.06200,0.73875
84.83088,0.48530,0.94346,0.00039,0.01543,0.04072
84.93382,0.48530,0.99322,0.00004,0.00673,0.00001
85.03677,0.48529,0.97654,0.00477,0.01543,0.00327
85.13971,0.48529,0.98829,0.00451,0.00615,0.00106
85.24265,0.48530,0.93692,0.02137,0.03335,0.00836
85.34559,0.48529,0.64389,0.19693,0.13189,0.02729
85.44853,0.48529,0.05061,0.93516,0.01097,0.00326
85.55147,0.48530,0.05061,0.93516,0.01097,0.00326
85.65441,0.48530,0.05061,0.93516,0.01097,0.00326
85.75735,0.48529,0.05061,0.93516,0.01097,0.00326
85.86029,0.48530,0.74362,0.05941,0.18922,0.00775
85.96323,0.48530,0.95133,0.00201,0.04644,0.00022
86.06618,0.48529,0.99916,0.00066,0.00011,0.00006
86.16912,0.48529,0.99123,0.00269,0.00050,0.00559
86.27206,0.48530,0.86198,0.00042,0.01068,0.12691
86.37500,0.48529,0.09484,0.00022,0.00072,0.90422
86.47794,0.48529,0.99785,0.00010,0.00127,0.00078
86.58088,0.48530,0.96680,0.00019,0.03289,0.00012
86.68382,0.48530,0.97019,0.02511,0.00081,0.00390
86.78677,0.48529,0.96103,0.01066,0.02481,0.00350
86.88971,0.48529,0.67414,0.22913,0.07547,0.02126
86.99265,0.48530,0.05061,0.93516,0.01097,0.00326
87.09559,0.48529,0.05061,0.93516,0.01097,0.00326
87.19853,0.48529,0.05061,0.93516,0.01097,0.00326
87.30147,0.48530,0.05061,0.93516,0.01097,0.00326
87.40441,0.48530,0.05061,0.93516,0.01097,0.00326
87.50735,0.48529,0.05061,0.93516,0.01097,0.00326
87.61029,0.48530,0.57336,0.09962,0.31412,0.01290
87.71323,0.48530,0.85551,0.02363,0.11901,0.00184
87.81618,0.48529,0.99870,0.00060,0.00063,0.00007
87.91912,0.48529,0.99624,0.00080,0.00030,0.00267
88.02206,0.48530,0.98225,0.00190,0.00496,0.01089
88.12500,0.48529,0.05812,0.00019,0.00350,0.93819
88.22794,0.48529,0.99542,0.00005,0.00343,0.00110
88.33088,0.48530,0.97984,0.00006,0.02006,0.00004
88.43382,0.48530,0.96502,0.02092,0.00875,0.00530
88.53677,0.48529,0.98903,0.00397,0.00606,0.00094
88.63971,0.48529,0.83581,0.05243,0.08752,0.02423
88.74265,0.48530,0.05061,0.93516,0.01097,0.00326
88.84559,0.48529,0.05061,0.93516,0.01097,0.00326
88.94853,0.48529,0.05061,0.93516,0.01097,0.00326
89.05147,0.48530,0.05061,0.93516,0.01097,0.00326
89.15441,0.48530,0.05061,0.93516,0.01097,0.00326
89.25735,0.48529,0.30515,0.50120,0.17604,0.01761
89.36029,0.48530,0.83526,0.01518,0.14739,0.00217
89.46323,0.48530,0.94809,0.00679,0.04497,0.00015
89.56618,0.48529,0.99862,0.00016,0.00094,0.00028
89.66912,0.48529,0.99720,0.00026,0.00096,0.00157
89.77206,0.48530,0.96123,0.00030,0.01957,0.01891
89.87500,0.48529,0.12089,0.00189,0.04506,0.83216
89.97794,0.48529,0.97131,0.00002,0.00894,0.01972
90.08088,0.48530,0.99551,0.00002,0.00445,0.00002
90.18382,0.48530,0.99423,0.00041,0.00469,0.00067
90.28677,0.48529,0.99625,0.00174,0.00173,0.00029
90.38971,0.48529,0.95486,0.01294,0.02685,0.00536
90.49265,0.48530,0.85408,0.05493,0.06427,0.02672
90.59559,0.48529,0.05061,0.93516,0.01097,0.00326
90.69853,0.48529,0.05061,0.93516,0.01097,0.00326
90.80147,0.48530,0.05061,0.93516,0.01097,0.00326
90.90441,0.48530,0.05061,0.93516,0.01097,0.00326
91.00735,0.48529,0.72294,0.05401,0.21505,0.00800
91.11029,0.48530,0.94583,0.00260,0.05125,0.00033
91.21323,0.48530,0.97592,0.00579,0.01813,0.00015
91.31618,0.48529,0.99066,0.00040,0.00678,0.00216
91.41912,0.48529,0.94491,0.00574,0.04302,0.00633
91.52206,0.48530,0.42206,0.00510,0.03248,0.54036
91.62500,0.48529,0.40498,0.00037,0.01912,0.57554
91.72794,0.48529,0.99807,0.00018,0.00173,0.00002
91.83088,0.48530,0.98420,0.00044,0.01495,0.00040
91.93382,0.48530,0.99363,0.00312,0.00224,0.00100
92.03677,0.48529,0.96474,0.00945,0.02338,0.00243
92.13971,0.48529,0.78651,0.07162,0.11512,0.02676
92.24265,0.48530,0.05061,0.93516,0.01097,0.00326
92.34559,0.48529,0.05061,0.93516,0.01097,0.00326
92.44853,0.48529,0.05061,0.93516,0.01097,0.00326
92.55147,0.48530,0.05061,0.93516,0.01097,0.00326
92.65441,0.48530,0.05061,0.93516,0.01097,0.00326
92.75735,0.48529,0.05061,0.93516,0.01097,0.00326
92.86029,0.48530,0.73162,0.03910,0.22062,0.00866
92.96323,0.48530,0.91010,0.01490,0.07329,0.00170
93.06618,0.48529,0.99786,0.00054,0.00075,0.00085
93.16912,0.48529,0.96435,0.01938,0.01083,0.00545
93.27206,0.48530,0.63394,0.00669,0.00694,0.35244
93.37500,0.48529,0.19769,0.00085,0.00274,0.79873
93.47794,0.48529,0.99941,0.00012,0.00040,0.00007
93.58088,0.48530,0.98364,0.00009,0.01624,0.00003
93.68382,0.48530,0.98143,0.01282,0.00188,0.00388
93.78677,0.48529,0.98381,0.00367,0.01055,0.00198
93.88971,0.48529,0.86272,0.02535,0.09793,0.01400
93.99265,0.48530,0.38152,0.48979,0.10868,0.02000
94.09559,0.48529,0.05061,0.93516,0.01097,0.00326
94.19853,0.48529,0.05061,0.93516,0.01097,0.00326
94.30147,0.48530,0.05061,0.93516,0.01097,0.00326
94.40441,0.48530,0.05061,0.93516,0.01097,0.00326
94.50735,0.48529,0.05061,0.93516,0.01097,0.00326
94.61029,0.48530,0.53010,0.19774,0.25245,0.01971
94.71323,0.48530,0.80468,0.02151,0.17166,0.00215
94.81618,0.48529,0.98735,0.00840,0.00280,0.00145
94.91912,0.48529,0.99123,0.00363,0.00465,0.00049
95.02206,0.48530,0.92305,0.00155,0.01137,0.06403
95.12500,0.48529,0.10083,0.00031,0.00142,0.89743
95.22794,0.48529,0.99771,0.00012,0.00206,0.00011
95.33088,0.48530,0.99616,0.00005,0.00377,0.00002
95.43382,0.48530,0.99378,0.00559,0.00025,0.00038
95.53677,0.48529,0.98836,0.00469,0.00457,0.00237
95.63971,0.48529,0.75576,0.13751,0.08186,0.02487
95.74265,0.48530,0.05061,0.93516,0.01097,0.00326
95.84559,0.48529,0.05061,0.93516,0.01097,0.00326
95.94853,0.48529,0.05061,0.93516,0.01097,0.00326
96.05147,0.48530,0.05061,0.93516,0.01097,0.00326
96.15441,0.48530,0.05061,0.93516,0.01097,0.00326
96.25735,0.48529,0.05061,0.93516,0.01097,0.00326
96.36029,0.48530,0.05061,0.93516,0.01097,0.00326
96.46323,0.48530,0.54552,0.18117,0.25317,0.02014
96.56618,0.48529,0.87071,0.01224,0.11597,0.00107
96.66912,0.48529,0.99843,0.00045,0.00072,0.00041
96.77206,0.48530,0.99795,0.00035,0.00048,0.00122
96.87500,0.48529,0.93680,0.00055,0.00704,0.05560
96.97794,0.48529,0.22612,0.00254,0.02225,0.74909
97.08088,0.48530,0.98698,0.00006,0.00534,0.00762
97.18382,0.48530,0.97211,0.00014,0.02770,0.00006
97.28677,0.48529,0.98903,0.00823,0.00101,0.00172
97.38971,0.48529,0.97820,0.00495,0.01304,0.00381
97.49265,0.48530,0.75176,0.10926,0.12095,0.01803
97.59559,0.48529,0.05061,0.93516,0.01097,0.00326
97.69853,0.48529,0.05061,0.93516,0.01097,0.00326
97.80147,0.48530,0.05061,0.93516,0.01097,0.00326
97.90441,0.48530,0.05061,0.93516,0.01097,0.00326
98.00735,0.48529,0.05061,0.93516,0.01097,0.00326
98.11029,0.48530,0.76824,0.03697,0.18777,0.00703
98.21323,0.48530,0.95845,0.01073,0.03005,0.00076
98.31618,0.48529,0.99785,0.00052,0.00102,0.00061
98.41912,0.48529,0.97209,0.01136,0.01369,0.00287
98.52206,0.48530,0.21368,0.00322,0.00692,0.77618
98.62500,0.48529,0.55365,0.00045,0.00768,0.43823
98.72794,0.48529,0.99868,0.00001,0.00127,0.00003
98.83088,0.48530,0.98640,0.00004,0.01355,0.00002
98.93382,0.48530,0.98938,0.00711,0.00150,0.00201
99.03677,0.48529,0.98290,0.00313,0.01286,0.00111
99.13971,0.48529,0.88732,0.03806,0.06226,0.01236
99.24265,0.48530,0.51193,0.25959,0.20123,0.02724
99.34559,0.48529,0.05061,0.93516,0.01097,0.00326
99.44853,0.48529,0.05061,0.93516,0.01097,0.00326
99.55147,0.48530,0.05061,0.93516,0.01097,0.00326
99.65441,0.48530,0.05061,0.93516,0.01097,0.00326
99.75735,0.48529,0.71300,0.05756,0.22037,0.00908
99.86029,0.48530,0.91899,0.01285,0.06681,0.00135
99.96323,0.48530,0.98564,0.00337,0.01071,0.00029
100.06618,0.48529,0.99698,0.00029,0.00119,0.00154
100.16912,0.48529,0.92104,0.01628,0.05762,0.00506
100.27206,0.48530,0.25230,0.00195,0.00904,0.73671
100.37500,0.48529,0.30827,0.00039,0.00486,0.68649
100.47794,0.48529,0.99941,0.00002,0.00055,0.00002
100.58088,0.48530,0.99075,0.00002,0.00922,0.00001
100.68382,0.48530,0.99195,0.00329,0.00325,0.00151
100.78677,0.48529,0.99366,0.00120,0.00452,0.00062
100.88971,0.48529,0.82557,0.06300,0.09546,0.01596
100.99265,0.48530,0.59961,0.29005,0.09076,0.01957
101.09559,0.48529,0.05061,0.93516,0.01097,0.00326
101.19853,0.48529,0.05061,0.93516,0.01097,0.00326
101.30147,0.48530,0.05061,0.93516,0.01097,0.00326
101.40441,0.48530,0.05061,0.93516,0.01097,0.00326
101.50735,0.48529,0.74579,0.03255,0.21490,0.00676
101.61029,0.48530,0.90390,0.01240,0.08307,0.00064
101.71323,0.48530,0.98133,0.00432,0.01396,0.00039
101.81618,0.48529,0.99602,0.00051,0.00200,0.00147
101.91912,0.48529,0.98276,0.00542,0.01013,0.00168
102.02206,0.48530,0.96519,0.00814,0.00663,0.02004
102.12500,0.48529,0.05271,0.00045,0.00059,0.94625
102.22794,0.48529,0.93218,0.00038,0.00282,0.06462
102.33088,0.48530,0.99904,0.00011,0.00069,0.00016
102.43382,0.48530,0.99697,0.00006,0.00295,0.00001
102.53677,0.48529,0.99704,0.00108,0.00119,0.00069
102.63971,0.48529,0.99056,0.00384,0.00440,0.00121
102.74265,0.48530,0.90770,0.01892,0.05957,0.01381
102.84559,0.48529,0.32527,0.56084,0.09596,0.01793
102.94853,0.48529,0.05061,0.93516,0.01097,0.00326
103.05147,0.48530,0.05061,0.93516,0.01097,0.00326
103.15441,0.48530,0.05061,0.93516,0.01097,0.00326
103.25735,0.48529,0.22984,0.64121,0.11440,0.01455
103.36029,0.48530,0.84076,0.01827,0.13820,0.00278
103.46323,0.48530,0.97414,0.02235,0.00146,0.00204
103.56618,0.48529,0.99497,0.00211,0.00271,0.00020
103.66912,0.48529,0.99838,0.00030,0.00024,0.00108
103.77206,0.48530,0.75572,0.00191,0.00003,0.24234
103.87500,0.48529,0.04194,0.00057,0.00028,0.95721
103.97794,0.48529,0.99795,0.00016,0.00042,0.00146
104.08088,0.48530,0.99239,0.00038,0.00697,0.00027
104.18382,0.48530,0.98643,0.00026,0.01322,0.00009
104.28677,0.48529,0.99074,0.00804,0.00024,0.00099
104.38971,0.48529,0.90267,0.02961,0.06148,0.00624
104.49265,0.48530,0.53857,0.35676,0.08527,0.01940
104.59559,0.48529,0.05061,0.93516,0.01097,0.00326
104.69853,0.48529,0.05061,0.93516,0.01097,0.00326
104.80147,0.48530,0.05061,0.93516,0.01097,0.00326
104.90441,0.48530,0.05061,0.93516,0.01097,0.00326
105.00735,0.48529,0.05061,0.93516,0.01097,0.00326
105.11029,0.48530,0.46676,0.24655,0.26602,0.02067
105.21323,0.48530,0.92358,0.00854,0.06665,0.00123
105.31618,0.48529,0.99397,0.00465,0.00070,0.00068
105.41912,0.48529,0.93698,0.00359,0.03088,0.02856
105.52206,0.48530,0.85296,0.00204,0.01739,0.12761
105.62500,0.48529,0.93792,0.02757,0.00294,0.03157
105.72794,0.48529,0.99288,0.00020,0.00689,0.00004
105.83088,0.48530,0.96861,0.02692,0.00091,0.00356
105.93382,0.48530,0.96516,0.01026,0.02056,0.00402
106.03677,0.48529,0.05061,0.93516,0.01097,0.00326
106.13971,0.48529,0.05061,0.93516,0.01097,0.00326
106.24265,0.48530,0.05061,0.93516,0.01097,0.00326
106.34559,0.48529,0.05061,0.93516,0.01097,0.00326
106.44853,0.48529,0.05061,0.93516,0.01097,0.00326
106.55147,0.48530,0.05061,0.93516,0.01097,0.00326
106.65441,0.48530,0.05061,0.93516,0.01097,0.00326
106.75735,0.48529,0.23778,0.62709,0.12021,0.01491
106.86029,0.48530,0.81048,0.01336,0.17294,0.00323
106.96323,0.48530,0.99213,0.00756,0.00022,0.00009
107.06618,0.48529,0.95121,0.01561,0.00600,0.02718
107.16912,0.48529,0.89640,0.00145,0.01287,0.08929
107.27206,0.48530,0.94949,0.00675,0.00171,0.04204
107.37500,0.48529,0.96607,0.00019,0.03365,0.00009
107.47794,0.48529,0.95397,0.03145,0.00830,0.00628
107.58088,0.48530,0.98685,0.00500,0.00558,0.00256
107.68382,0.48530,0.65565,0.15435,0.16234,0.02766
107.78677,0.48529,0.05061,0.93516,0.01097,0.00326
107.88971,0.48529,0.05061,0.93516,0.01097,0.00326
107.99265,0.48530,0.05061,0.93516,0.01097,0.00326
108.09559,0.48529,0.05061,0.93516,0.01097,0.00326
108.19853,0.48529,0.26134,0.58343,0.13923,0.01601
108.30147,0.48530,0.77419,0.05216,0.16622,0.00744
108.40441,0.48530,0.93538,0.00848,0.05528,0.00085
108.50735,0.48529,0.89566,0.00481,0.09895,0.00058
108.61029,0.48530,0.79101,0.00836,0.19961,0.00101
108.71323,0.48530,0.97346,0.00051,0.02555,0.00048
108.81618,0.48529,0.97402,0.00158,0.01655,0.00786
108.91912,0.48529,0.89380,0.00172,0.04098,0.06351
109.02206,0.48530,0.24271,0.00096,0.01331,0.74302
109.12500,0.48529,0.99543,0.00002,0.00446,0.00009
109.22794,0.48529,0.98704,0.00030,0.01253,0.00013
109.33088,0.48530,0.99579,0.00286,0.00085,0.00050
109.43382,0.48530,0.97490,0.00629,0.01669,0.00212
109.53677,0.48529,0.78427,0.06288,0.12618,0.02668
109.63971,0.48529,0.05061,0.93516,0.01097,0.00326
109.74265,0.48530,0.05061,0.93516,0.01097,0.00326
109.84559,0.48529,0.05061,0.93516,0.01097,0.00326
109.94853,0.48529,0.05061,0.93516,0.01097,0.00326
110.05147,0.48530,0.05061,0.93516,0.01097,0.00326
110.15441,0.48530,0.05061,0.93516,0.01097,0.00326
110.25735,0.48529,0.05061,0.93516,0.01097,0.00326
110.36029,0.48530,0.05061,0.93516,0.01097,0.00326
110.46323,0.48530,0.74271,0.03222,0.22040,0.00468
110.56618,0.48529,0.99857,0.00094,0.00019,0.00030
110.66912,0.48529,0.99811,0.00068,0.00035,0.00086
110.77206,0.48530,0.94835,0.00023,0.00439,0.04703
110.87500,0.48529,0.37760,0.00293,0.01628,0.60319
110.97794,0.48529,0.99477,0.00060,0.00168,0.00295
111.08088,0.48530,0.98059,0.00016,0.01913,0.00012
111.18382,0.48530,0.99238,0.00667,0.00014,0.00081
111.28677,0.48529,0.94500,0.01336,0.03362,0.00802
111.38971,0.48529,0.35866,0.46930,0.15655,0.01550
111.49265,0.48530,0.05061,0.93516,0.01097,0.00326
111.59559,0.48529,0.05061,0.93516,0.01097,0.00326
111.69853,0.48529,0.05061,0.93516,0.01097,0.00326
111.80147,0.48530,0.05061,0.93516,0.01097,0.00326
111.90441,0.48530,0.05061,0.93516,0.01097,0.00326
112.00735,0.48529,0.05061,0.93516,0.01097,0.00326
112.11029,0.48530,0.05061,0.93516,0.01097,0.00326
112.21323,0.48530,0.71124,0.05812,0.22173,0.00891
112.31618,0.48529,0.90148,0.01131,0.08601,0.00119
112.41912,0.48529,0.96557,0.00226,0.03194,0.00023
112.52206,0.48530,0.99168,0.00264,0.00462,0.00107
112.62500,0.48529,0.98143,0.00541,0.00468,0.00848
112.72794,0.48529,0.87557,0.00029,0.01341,0.11073
112.83088,0.48530,0.12831,0.00082,0.00492,0.86595
112.93382,0.48530,0.99791,0.00003,0.00192,0.00014
113.03677,0.48529,0.97066,0.00034,0.02856,0.00044
113.13971,0.48529,0.99234,0.00664,0.00027,0.00075
113.24265,0.48530,0.91909,0.01849,0.04916,0.01325
113.34559,0.48529,0.05061,0.93516,0.01097,0.00326
113.44853,0.48529,0.05061,0.93516,0.01097,0.00326
113.55147,0.48530,0.05061,0.93516,0.01097,0.00326
113.65441,0.48530,0.05061,0.93516,0.01097,0.00326
113.75735,0.48529,0.05061,0.93516,0.01097,0.00326
113.86029,0.48530,0.05061,0.93516,0.01097,0.00326
113.96323,0.48530,0.05061,0.93516,0.01097,0.00326
114.06618,0.48529,0.05061,0.93516,0.01097,0.00326
114.16912,0.48529,0.70163,0.05200,0.24072,0.00565
114.27206,0.48530,0.84133,0.00896,0.14916,0.00055
114.37500,0.48529,0.99723,0.00115,0.00106,0.00056
114.47794,0.48529,0.99756,0.00022,0.00101,0.00120
114.58088,0.48530,0.92079,0.00026,0.03742,0.04154
114.68382,0.48530,0.35871,0.00371,0.03281,0.60477
114.78677,0.48529,0.98535,0.00032,0.00463,0.00970
114.88971,0.48529,0.98233,0.00020,0.01741,0.00007
114.99265,0.48530,0.99530,0.00313,0.00026,0.00131
115.09559,0.48529,0.99172,0.00286,0.00392,0.00150
115.19853,0.48529,0.70995,0.20506,0.07085,0.01414
115.30147,0.48530,0.05061,0.93516,0.01097,0.00326
115.40441,0.48530,0.05061,0.93516,0.01097,0.00326
115.50735,0.48529,0.05061,0.93516,0.01097,0.00326
115.61029,0.48530,0.05061,0.93516,0.01097,0.00326
115.71323,0.48530,0.05061,0.93516,0.01097,0.00326
115.81618,0.48529,0.52482,0.16529,0.29053,0.01936
115.91912,0.48529,0.87527,0.03902,0.08098,0.00473
116.02206,0.48530,0.92977,0.00193,0.06810,0.00021
116.12500,0.48529,0.92624,0.00456,0.06851,0.00068
116.22794,0.48529,0.98940,0.00070,0.00612,0.00378
116.33088,0.48530,0.93754,0.00265,0.05617,0.00365
116.43382,0.48530,0.43814,0.00108,0.02678,0.53400
116.53677,0.48529,0.36537,0.00049,0.00836,0.62578
116.63971,0.48529,0.99529,0.00150,0.00303,0.00018
116.74265,0.48530,0.98025,0.00108,0.01687,0.00180
116.84559,0.48529,0.98947,0.00613,0.00275,0.00165
116.94853,0.48529,0.88050,0.02242,0.08558,0.01150
117.05147,0.48530,0.34832,0.53111,0.10176,0.01881
117.15441,0.48530,0.05061,0.93516,0.01097,0.00326
117.25735,0.48529,0.05061,0.93516,0.01097,0.00326
117.36029,0.48530,0.05061,0.93516,0.01097,0.00326
117.46323,0.48530,0.05061,0.93516,0.01097,0.00326
117.56618,0.48529,0.05061,0.93516,0.01097,0.00326
117.66912,0.48529,0.05061,0.93516,0.01097,0.00326
117.77206,0.48530,0.05061,0.93516,0.01097,0.00326
117.87500,0.48529,0.76362,0.03017,0.20231,0.00390
117.97794,0.48529,0.99872,0.00066,0.00022,0.00040
118.08088,0.48530,0.99170,0.00330,0.00333,0.00166
118.18382,0.48530,0.97233,0.00126,0.00371,0.02270
118.28677,0.48529,0.14847,0.00682,0.01706,0.82765
118.38971,0.48529,0.99202,0.00030,0.00167,0.00601
118.49265,0.48530,0.98712,0.00016,0.01266,0.00006
118.59559,0.48529,0.96260,0.03484,0.00096,0.00160
118.69853,0.48529,0.93898,0.01495,0.03329,0.01278
118.80147,0.48530,0.42125,0.39120,0.16993,0.01762
118.90441,0.48530,0.05061,0.93516,0.01097,0.00326
119.00735,0.48529,0.05061,0.93516,0.01097,0.00326
119.11029,0.48530,0.05061,0.93516,0.01097,0.00326
119.21323,0.48530,0.05061,0.93516,0.01097,0.00326
119.31618,0.48529,0.05061,0.93516,0.01097,0.00326
119.41912,0.48529,0.05061,0.93516,0.01097,0.00326
119.52206,0.48530,0.05061,0.93516,0.01097,0.00326
119.62500,0.48529,0.05061,0.93516,0.01097,0.00326
119.72794,0.48529,0.55021,0.15859,0.27074,0.02046
119.83088,0.48530,0.90028,0.00770,0.08985,0.00217
119.93382,0.48530,0.99514,0.00444,0.00029,0.00014
120.03677,0.48529,0.97985,0.01349,0.00052,0.00614
120.13971,0.48529,0.96459,0.00061,0.00260,0.03220
120.24265,0.48530,0.09804,0.00080,0.00237,0.89878
120.34559,0.48529,0.99484,0.00029,0.00381,0.00106
120.44853,0.48529,0.97729,0.00019,0.02244,0.00009
120.55147,0.48530,0.95588,0.03804,0.00161,0.00448
120.65441,0.48530,0.98048,0.00764,0.00991,0.00197
120.75735,0.48529,0.67717,0.23601,0.06661,0.02021
120.86029,0.48530,0.05061,0.93516,0.01097,0.00326
120.96323,0.48530,0.05061,0.93516,0.01097,0.00326
121.06618,0.48529,0.05061,0.93516,0.01097,0.00326
121.16912,0.48529,0.05061,0.93516,0.01097,0.00326
121.27206,0.48530,0.05061,0.93516,0.01097,0.00326
121.37500,0.48529,0.05061,0.93516,0.01097,0.00326
121.47794,0.48529,0.23011,0.68935,0.06826,0.01228
121.58088,0.48530,0.76025,0.05422,0.18034,0.00519
121.68382,0.48530,0.99888,0.00063,0.00022,0.00027
121.78677,0.48529,0.99874,0.00041,0.00019,0.00066
121.88971,0.48529,0.99552,0.00141,0.00176,0.00132
121.99265,0.48530,0.13984,0.00295,0.00534,0.85187
122.09559,0.48529,0.77620,0.00054,0.00224,0.22103
122.19853,0.48529,0.99561,0.00060,0.00371,0.00008
122.30147,0.48530,0.98400,0.00154,0.01365,0.00081
122.40441,0.48530,0.98721,0.00949,0.00121,0.00208
122.50735,0.48529,0.86584,0.05254,0.06335,0.01828
122.61029,0.48530,0.05061,0.93516,0.01097,0.00326
122.71323,0.48530,0.05061,0.93516,0.01097,0.00326
122.81618,0.48529,0.05061,0.93516,0.01097,0.00326
122.91912,0.48529,0.05061,0.93516,0.01097,0.00326
123.02206,0.48530,0.05061,0.93516,0.01097,0.00326
