Time(Seconds),Length(Seconds),Label(string),Confidence(double),Comment(string)
0.0207447,1.773539,Dry,1,
2.3174119,0.44134209999999985,Touch,1,
3.0311401,0.8521074,Dry,1,
4.1550004000000005,0.4388198,Touch,1,
4.8399063,0.9676475,Dry,1,
6.1728989,0.4481974999999999,Touch,1,
6.9232121,0.768341,Dry,1,
7.998309600000001,0.7368093000000001,Touch,1,
8.9400625,0.7307905,Dry,1,
9.900454100000001,0.5754816,Touch,1,
10.7287743,0.7134595,Dry,1,
11.7947187,0.47153449999999997,Touch,1,
12.5398637,0.7596755,Dry,1,
13.6805007,0.43919579999999997,Touch,1,
14.4072293,0.756787,Dry,1,
15.5314073,0.5288921999999999,Touch,1,
16.3569668,0.6383585,Dry,1,
17.416274400000002,0.4551391999999999,Touch,1,
18.2228728,0.6210275,Dry,1,
19.1367625,0.5036646,Touch,1,
19.8932155,0.675909,Dry,1,
20.7795864,0.4744843000000001,Touch,1,
21.5144966,0.7972259,Dry,1,
22.5948659,0.42663339999999994,Touch,1,
23.288581,0.6383585,Dry,1,
24.277574299999998,0.4269497,Touch,1,
25.0172184,0.554592,Dry,1,
25.9656244,0.4654141,Touch,1,
26.7946601,0.2975154,Dry,1,
27.4730557,0.4986184999999999,Touch,1,
29.135796600000003,0.4232316,Touch,1,
29.9455262,0.5834769,Dry,1,
30.8159307,0.5057174999999999,Touch,1,
31.5955471,0.5112644,Dry,1,
32.388420599999996,0.5433754000000001,Touch,1,
33.1876165,0.5748115,Dry,1,
33.9751818,0.5282490000000001,Touch,1,
34.7716836,0.647024,Dry,1,
35.6912685,0.4788353,Touch,1,
36.4393689,0.687463,Dry,1,
37.3706369,0.5201086,Touch,1,
38.1590174,0.5661459,Dry,1,
38.974005600000005,0.454496,Touch,1,
39.7658064,0.571923,Dry,1,
40.5838071,0.5215793000000001,Touch,1,
41.449802,0.4419405,Dry,1,
42.1565963,0.5520770999999999,Touch,1,
43.0837468,0.4303864,Dry,1,
43.791617099999996,0.540403,Touch,1,
44.6733567,0.543038,Dry,1,
45.4774785,0.5715649,Touch,1,
46.3703987,0.600808,Dry,1,
48.0346971,0.5257069,Dry,1,
48.7791334,0.5303794,Touch,1,
49.7063862,0.4881565,Dry,1,
50.4138557,0.5474888999999998,Touch,1,
51.3445429,0.3957245,Dry,1,
52.005180200000005,0.49268329999999994,Touch,1,
52.8638939,0.40438999999999997,Dry,1,
53.5877605,0.41400419999999993,Touch,1,
54.4263424,0.3235119,Dry,1,
55.1157568,0.45288059999999986,Touch,1,
56.5383658,0.5976593000000001,Touch,1,
57.4622955,0.3292889,Dry,1,
58.0786681,0.5349306000000001,Touch,1,
58.9163604,0.5285954,Dry,1,
59.6856908,0.5166407000000001,Touch,1,
60.4331341,0.3783935,Dry,1,
61.1059399,0.5512395000000001,Touch,1,
61.9237265,0.1588674,Dry,1,
62.5390301,0.6298768,Touch,1,
63.45752,0.1184285,Dry,1,
63.9240064,0.6396747999999999,Touch,1,
65.3295478,0.6014732,Touch,1,
66.2319141,0.3148465,Dry,1,
66.8299214,0.6076257999999999,Touch,1,
68.3143737,0.6461856999999999,Touch,1,
69.1836387,0.2975155,Dry,1,
69.7603508,0.6164966,Touch,1,
70.6638948,0.1906409,Dry,1,
71.2587449,0.5888303999999999,Touch,1,
72.050752,0.4534944,Dry,1,
72.8770616,0.5565496,Touch,1,
73.6365385,0.5141529,Dry,1,
74.4520986,0.5446654000000001,Touch,1,
75.2101318,0.537261,Dry,1,
76.079819,0.49630740000000007,Touch,1,
76.7934367,0.5690345,Dry,1,
77.6024287,0.5813723,Touch,1,
78.3878887,0.4246094,Dry,1,
79.2073867,0.5270159000000001,Touch,1,
79.9043686,0.7365675,Dry,1,
80.84594870000001,0.5073659000000001,Touch,1,
81.5575156,0.6152505,Dry,1,
82.4435338,0.5964079999999999,Touch,1,
83.2107022,0.629693,Dry,1,
84.0333814,0.47993149999999996,Touch,1,
84.7358302,0.595031,Dry,1,
85.5743215,0.43956799999999996,Touch,1,
86.2182785,0.7307904,Dry,1,
87.1383467,0.4098263,Touch,1,
87.7699748,0.69324,Dry,1,
88.716098,0.3662388,Touch,1,
89.3217537,0.6094734,Dry,1,
90.20708760000001,0.5588459,Touch,1,
91.0181094,0.473714,Dry,1,
91.77905159999999,0.5560804,Touch,1,
92.56194880000001,0.5170414000000001,Dry,1,
93.31236439999999,0.4528267999999999,Touch,1,
94.0137091,0.5285955,Dry,1,
94.78393120000001,0.3927203,Touch,1,
95.4503045,0.5863654,Dry,1,
96.3067688,0.3981407,Touch,1,
97.0314501,0.4794909,Dry,1,
97.7735648,0.3896252,Touch,1,
98.4537877,0.38128199999999995,Dry,1,
99.1516496,0.5104224,Touch,1,
100.5677728,0.5205859000000002,Touch,1,
101.9937653,0.42954829999999994,Touch,1,
102.7611009,0.2975155,Dry,1,
103.4030929,0.46593869999999993,Touch,1,
104.1661239,0.5257069,Dry,1,
104.8692561,0.4129935,Touch,1,
105.637269,0.3408429,Dry,1,
106.2536961,0.48615789999999987,Touch,1,
106.954425,0.6354699,Dry,1,
107.7699667,0.39336160000000003,Touch,1,
108.4568585,0.439052,Dry,1,
109.18837909999999,0.4263991,Touch,1,
109.9372169,0.2975155,Dry,1,
110.4911919,0.5008819,Touch,1,
111.70784029999999,0.589118,Touch,1,
112.8806075,0.6338772,Touch,1,
114.1753816,0.6304703,Touch,1,
115.41301639999999,0.6036771999999999,Touch,1,
116.6897137,0.6335656000000001,Touch,1,
117.98106369999999,0.5540640000000002,Touch,1,
119.3954005,0.549156,Touch,1,
120.92640610000001,0.5388274999999999,Touch,1,
121.7731323,0.629693,Dry,1,
122.759736,0.5528384000000001,Touch,1,
123.6221495,0.7452329,Dry,1,
124.6994892,0.5157167,Touch,1,
125.4685917,1.028306,Dry,1,
126.7396382,0.5477116,Touch,1,
127.5224514,0.970536,Dry,1,
128.6979733,0.5694083000000001,Touch,1,
129.4756328,0.7394559,Dry,1,
130.49819979999998,0.5731636,Touch,1,
131.3972485,0.5632575,Dry,1,
132.4101422,0.5700152999999999,Touch,1,
134.34188519999998,0.4417587,Touch,1,
135.1454269,0.4592714,Dry,1,
136.8588397,1.8168665,Dry,1,
138.91270029999998,0.464766,Touch,1,
139.6573979,1.0543025,Dry,1,
141.0174063,0.4785146,Touch,1,
141.7029585,0.8463304,Dry,1,
142.7742656,0.47788849999999994,Touch,1,
143.3787084,2.466779,Dry,1,
