Time (seconds), Duration (seconds),pred_unlabelled,pred_Dry,pred_Wet,pred_Touch
0.00735,0.48529,0.05334,0.00015,0.94615,0.00035
0.11029,0.48529,0.05297,0.00014,0.94657,0.00032
0.21324,0.48529,0.05281,0.00014,0.94673,0.00033
0.31618,0.48529,0.06195,0.00022,0.93735,0.00048
0.41912,0.48529,0.06190,0.00021,0.93740,0.00050
0.52206,0.48529,0.06171,0.00024,0.93749,0.00057
0.62500,0.48529,0.06816,0.00025,0.93094,0.00065
0.72794,0.48529,0.06296,0.00020,0.93634,0.00050
0.83088,0.48529,0.06030,0.00019,0.93904,0.00046
0.93382,0.48529,0.06138,0.00018,0.93804,0.00041
1.03676,0.48529,0.05739,0.00018,0.94202,0.00041
1.13971,0.48529,0.06132,0.00019,0.93807,0.00043
1.24265,0.48529,0.06206,0.00020,0.93725,0.00049
1.34559,0.48529,0.06289,0.00024,0.93630,0.00057
1.44853,0.48529,0.06888,0.00028,0.93018,0.00066
1.55147,0.48529,0.06416,0.00022,0.93507,0.00055
1.65441,0.48529,0.06340,0.00021,0.93588,0.00051
1.75735,0.48529,0.06517,0.00021,0.93411,0.00050
1.86029,0.48529,0.05944,0.00018,0.93996,0.00042
1.96324,0.48529,0.06374,0.00018,0.93564,0.00044
2.06618,0.48529,0.07164,0.00023,0.92758,0.00055
2.16912,0.48529,0.15326,0.00037,0.84547,0.00089
2.27206,0.48529,0.50347,0.00015,0.49514,0.00124
2.37500,0.48529,0.57197,0.00029,0.42490,0.00284
2.47794,0.48529,0.41179,0.00192,0.58016,0.00613
2.58088,0.48529,0.32188,0.00314,0.66729,0.00769
2.68382,0.48529,0.68391,0.00199,0.31204,0.00207
2.78676,0.48529,0.64543,0.00154,0.35188,0.00116
2.88971,0.48529,0.32709,0.00083,0.67074,0.00134
2.99265,0.48529,0.14352,0.00044,0.85497,0.00108
3.09559,0.48529,0.07918,0.00024,0.91982,0.00075
3.19853,0.48529,0.07830,0.00025,0.92072,0.00073
3.30147,0.48529,0.06769,0.00020,0.93151,0.00060
3.40441,0.48529,0.07163,0.00020,0.92760,0.00057
3.50735,0.48529,0.07509,0.00023,0.92410,0.00058
3.61029,0.48529,0.10645,0.00022,0.89273,0.00059
3.71324,0.48529,0.27185,0.00021,0.72695,0.00099
3.81618,0.48529,0.48889,0.00024,0.50904,0.00183
3.91912,0.48529,0.30622,0.00101,0.68850,0.00428
4.02206,0.48529,0.26668,0.00312,0.72297,0.00724
4.12500,0.48529,0.56626,0.00304,0.42629,0.00442
4.22794,0.48529,0.69147,0.00138,0.30603,0.00113
4.33088,0.48529,0.29431,0.00081,0.70372,0.00115
4.43382,0.48529,0.09278,0.00023,0.90641,0.00058
4.53676,0.48529,0.07327,0.00020,0.92601,0.00052
4.63971,0.48529,0.06901,0.00018,0.93032,0.00049
4.74265,0.48529,0.08443,0.00023,0.91472,0.00062
4.84559,0.48529,0.17900,0.00038,0.81947,0.00116
4.94853,0.48529,0.34436,0.00025,0.65407,0.00132
5.05147,0.48529,0.73690,0.00018,0.26067,0.00225
5.15441,0.48529,0.91829,0.00008,0.08010,0.00153
5.25735,0.48529,0.85835,0.00014,0.13882,0.00269
5.36029,0.48529,0.45936,0.00129,0.53104,0.00831
5.46324,0.48529,0.55214,0.00105,0.43510,0.01171
5.56618,0.48529,0.73583,0.00104,0.25226,0.01087
5.66912,0.48529,0.71695,0.00061,0.27827,0.00417
5.77206,0.48529,0.43623,0.00051,0.56071,0.00255
5.87500,0.48529,0.28062,0.00024,0.71738,0.00176
5.97794,0.48529,0.25863,0.00030,0.73897,0.00211
6.08088,0.48529,0.26476,0.00041,0.73205,0.00278
6.18382,0.48529,0.35063,0.00060,0.64520,0.00358
6.28676,0.48529,0.47848,0.00101,0.51564,0.00487
6.38971,0.48529,0.60387,0.00203,0.38856,0.00555
6.49265,0.48529,0.81455,0.00391,0.17777,0.00377
6.59559,0.48529,0.87756,0.00348,0.11729,0.00168
6.69853,0.48529,0.69034,0.00192,0.30638,0.00136
6.80147,0.48529,0.34831,0.00103,0.64897,0.00169
6.90441,0.48529,0.11556,0.00031,0.88321,0.00093
7.00735,0.48529,0.08540,0.00021,0.91375,0.00064
7.11029,0.48529,0.13990,0.00023,0.85911,0.00075
7.21324,0.48529,0.26140,0.00027,0.73710,0.00123
7.31618,0.48529,0.36066,0.00037,0.63674,0.00223
7.41912,0.48529,0.28171,0.00069,0.71432,0.00328
7.52206,0.48529,0.20822,0.00111,0.78701,0.00365
7.62500,0.48529,0.31601,0.00240,0.67570,0.00589
7.72794,0.48529,0.48051,0.00169,0.51518,0.00262
7.83088,0.48529,0.41168,0.00108,0.58565,0.00159
7.93382,0.48529,0.22353,0.00058,0.77479,0.00110
8.03677,0.48529,0.10337,0.00022,0.89571,0.00070
8.13971,0.48529,0.08468,0.00020,0.91448,0.00064
8.24265,0.48529,0.08496,0.00024,0.91408,0.00072
8.34559,0.48529,0.09459,0.00034,0.90416,0.00091
8.44853,0.48529,0.09925,0.00039,0.89926,0.00111
8.55147,0.48529,0.10583,0.00044,0.89240,0.00133
8.65441,0.48529,0.09981,0.00037,0.89865,0.00117
8.75735,0.48529,0.10999,0.00036,0.88869,0.00096
8.86029,0.48529,0.10008,0.00027,0.89899,0.00066
8.96323,0.48529,0.07594,0.00019,0.92335,0.00052
9.06618,0.48529,0.07062,0.00020,0.92860,0.00057
9.16912,0.48529,0.07036,0.00023,0.92879,0.00062
9.27206,0.48529,0.07003,0.00026,0.92907,0.00065
9.37500,0.48529,0.06998,0.00025,0.92910,0.00067
9.47794,0.48529,0.06864,0.00022,0.93053,0.00061
9.58088,0.48529,0.06675,0.00021,0.93248,0.00056
9.68382,0.48529,0.06479,0.00018,0.93457,0.00046
9.78677,0.48529,0.06075,0.00017,0.93866,0.00042
9.88971,0.48529,0.06770,0.00020,0.93159,0.00050
9.99265,0.48529,0.08066,0.00029,0.91837,0.00068
10.09559,0.48529,0.09682,0.00036,0.90203,0.00080
10.19853,0.48529,0.21193,0.00034,0.78654,0.00119
10.30147,0.48529,0.54235,0.00017,0.45606,0.00142
10.40441,0.48529,0.95019,0.00002,0.04904,0.00075
10.50735,0.48529,0.96362,0.00002,0.03567,0.00069
10.61029,0.48529,0.79375,0.00045,0.19993,0.00587
10.71323,0.48529,0.53913,0.00140,0.44547,0.01401
10.81618,0.48529,0.80010,0.00195,0.17094,0.02702
10.91912,0.48529,0.89896,0.00179,0.08907,0.01018
11.02206,0.48529,0.92400,0.00169,0.07074,0.00357
11.12500,0.48529,0.87780,0.00352,0.11640,0.00228
11.22794,0.48529,0.80300,0.00337,0.19144,0.00219
11.33088,0.48529,0.58867,0.00185,0.40765,0.00183
11.43382,0.48529,0.38221,0.00110,0.61511,0.00159
11.53677,0.48529,0.23952,0.00069,0.75862,0.00117
11.63971,0.48529,0.14528,0.00037,0.85354,0.00081
11.74265,0.48529,0.09260,0.00026,0.90644,0.00069
11.84559,0.48529,0.07446,0.00022,0.92467,0.00065
11.94853,0.48529,0.07615,0.00030,0.92273,0.00081
12.05147,0.48529,0.07386,0.00024,0.92522,0.00068
12.15441,0.48529,0.06554,0.00019,0.93371,0.00056
12.25735,0.48529,0.06651,0.00020,0.93272,0.00057
12.36029,0.48529,0.06515,0.00018,0.93420,0.00047
12.46323,0.48529,0.06408,0.00017,0.93532,0.00043
12.56618,0.48529,0.06848,0.00022,0.93073,0.00056
12.66912,0.48529,0.07912,0.00030,0.91987,0.00070
12.77206,0.48529,0.07030,0.00023,0.92881,0.00066
12.87500,0.48529,0.08111,0.00031,0.91779,0.00079
12.97794,0.48529,0.10073,0.00033,0.89803,0.00091
13.08088,0.48529,0.10506,0.00030,0.89379,0.00086
13.18382,0.48529,0.12261,0.00032,0.87620,0.00087
13.28677,0.48529,0.12762,0.00036,0.87096,0.00106
13.38971,0.48529,0.12339,0.00032,0.87519,0.00110
13.49265,0.48529,0.12443,0.00037,0.87390,0.00130
13.59559,0.48529,0.11955,0.00038,0.87883,0.00123
13.69853,0.48529,0.12623,0.00042,0.87188,0.00147
13.80147,0.48529,0.12893,0.00046,0.86918,0.00143
13.90441,0.48529,0.13360,0.00040,0.86458,0.00143
14.00735,0.48529,0.13379,0.00039,0.86457,0.00125
14.11029,0.48529,0.13687,0.00043,0.86129,0.00142
14.21323,0.48529,0.13501,0.00037,0.86321,0.00141
14.31618,0.48529,0.15293,0.00043,0.84511,0.00153
14.41912,0.48529,0.16040,0.00054,0.83742,0.00165
14.52206,0.48529,0.17305,0.00060,0.82466,0.00169
14.62500,0.48529,0.13860,0.00050,0.85937,0.00153
14.72794,0.48529,0.10080,0.00033,0.89776,0.00112
14.83088,0.48529,0.08608,0.00022,0.91300,0.00071
14.93382,0.48529,0.08841,0.00020,0.91076,0.00062
15.03677,0.48529,0.13097,0.00022,0.86806,0.00075
15.13971,0.48529,0.27086,0.00028,0.72763,0.00124
15.24265,0.48529,0.39883,0.00035,0.59863,0.00220
15.34559,0.48529,0.37260,0.00064,0.62313,0.00363
15.44853,0.48529,0.24944,0.00103,0.74523,0.00429
15.55147,0.48529,0.24745,0.00116,0.74706,0.00433
15.65441,0.48529,0.35693,0.00160,0.63715,0.00432
15.75735,0.48529,0.53406,0.00174,0.46187,0.00233
15.86029,0.48529,0.44381,0.00119,0.55348,0.00152
15.96323,0.48530,0.25186,0.00054,0.74643,0.00118
16.06618,0.48529,0.12623,0.00030,0.87251,0.00096
16.16912,0.48529,0.10097,0.00027,0.89794,0.00083
16.27206,0.48529,0.09021,0.00027,0.90864,0.00087
16.37500,0.48529,0.09090,0.00029,0.90790,0.00091
16.47794,0.48529,0.09905,0.00035,0.89957,0.00103
16.58088,0.48529,0.12800,0.00034,0.87058,0.00108
16.68382,0.48529,0.19185,0.00028,0.80685,0.00103
16.78676,0.48529,0.44480,0.00025,0.55303,0.00192
16.88971,0.48529,0.63996,0.00029,0.35712,0.00263
16.99265,0.48529,0.68143,0.00038,0.31437,0.00382
17.09559,0.48529,0.41964,0.00081,0.57336,0.00620
17.19853,0.48529,0.32670,0.00096,0.66699,0.00535
17.30147,0.48529,0.54359,0.00138,0.44689,0.00814
17.40441,0.48529,0.69001,0.00168,0.30402,0.00429
17.50735,0.48529,0.62863,0.00254,0.36606,0.00278
17.61029,0.48529,0.44568,0.00123,0.55127,0.00181
17.71324,0.48529,0.25624,0.00064,0.74121,0.00192
17.81618,0.48529,0.19158,0.00039,0.80640,0.00163
17.91912,0.48529,0.21599,0.00036,0.78195,0.00170
18.02206,0.48529,0.31164,0.00037,0.68574,0.00226
18.12500,0.48529,0.43405,0.00028,0.56293,0.00274
18.22794,0.48529,0.33683,0.00044,0.65932,0.00341
18.33088,0.48529,0.31742,0.00068,0.67772,0.00418
18.43382,0.48529,0.40940,0.00055,0.58553,0.00451
18.53676,0.48529,0.39529,0.00044,0.60117,0.00311
18.63971,0.48529,0.34468,0.00053,0.65214,0.00265
18.74265,0.48529,0.31062,0.00070,0.68585,0.00283
18.84559,0.48529,0.41610,0.00124,0.57810,0.00456
18.94853,0.48529,0.56189,0.00235,0.42982,0.00595
19.05147,0.48529,0.76037,0.00394,0.23236,0.00333
19.15441,0.48529,0.73479,0.00246,0.26075,0.00200
19.25735,0.48529,0.52289,0.00155,0.47368,0.00188
19.36029,0.48529,0.23548,0.00054,0.76278,0.00120
19.46324,0.48529,0.14660,0.00036,0.85198,0.00106
19.56618,0.48529,0.10920,0.00030,0.88958,0.00093
19.66912,0.48529,0.07850,0.00017,0.92075,0.00058
19.77206,0.48529,0.08685,0.00027,0.91202,0.00086
19.87500,0.48529,0.09838,0.00033,0.90030,0.00099
19.97794,0.48529,0.12083,0.00035,0.87774,0.00108
20.08088,0.48529,0.22417,0.00039,0.77393,0.00150
20.18382,0.48529,0.26999,0.00038,0.72783,0.00180
20.28676,0.48529,0.24378,0.00050,0.75342,0.00230
20.38971,0.48529,0.17937,0.00073,0.81738,0.00253
20.49265,0.48529,0.29393,0.00145,0.70060,0.00403
20.59559,0.48529,0.53524,0.00187,0.46053,0.00236
20.69853,0.48529,0.49084,0.00135,0.50644,0.00137
20.80147,0.48529,0.21411,0.00061,0.78418,0.00110
20.90441,0.48529,0.08324,0.00026,0.91570,0.00080
21.00735,0.48529,0.06951,0.00021,0.92969,0.00059
21.11029,0.48529,0.06694,0.00019,0.93238,0.00050
21.21324,0.48529,0.06188,0.00015,0.93756,0.00041
21.31618,0.48529,0.06777,0.00020,0.93154,0.00049
21.41912,0.48529,0.07047,0.00022,0.92876,0.00054
21.52206,0.48529,0.06874,0.00022,0.93045,0.00059
21.62500,0.48529,0.07449,0.00027,0.92450,0.00073
21.72794,0.48529,0.07030,0.00025,0.92880,0.00065
21.83088,0.48529,0.06785,0.00023,0.93127,0.00066
21.93382,0.48529,0.06384,0.00016,0.93555,0.00044
22.03676,0.48529,0.06205,0.00016,0.93741,0.00038
22.13971,0.48529,0.06670,0.00022,0.93259,0.00050
22.24265,0.48529,0.07922,0.00025,0.91993,0.00060
22.34559,0.48529,0.07581,0.00024,0.92328,0.00067
22.44853,0.48529,0.25331,0.00035,0.74513,0.00122
22.55147,0.48529,0.83364,0.00007,0.16517,0.00112
22.65441,0.48529,0.89938,0.00008,0.09900,0.00154
22.75735,0.48529,0.70287,0.00180,0.28300,0.01233
22.86029,0.48529,0.63797,0.00582,0.32812,0.02808
22.96324,0.48529,0.94024,0.00245,0.05142,0.00589
23.06618,0.48529,0.96618,0.00184,0.03130,0.00068
23.16912,0.48529,0.82211,0.00183,0.17529,0.00077
23.27206,0.48529,0.36317,0.00096,0.63449,0.00138
23.37500,0.48529,0.12209,0.00038,0.87642,0.00111
23.47794,0.48529,0.09449,0.00030,0.90426,0.00095
23.58088,0.48529,0.07302,0.00020,0.92616,0.00062
23.68382,0.48529,0.07287,0.00021,0.92630,0.00062
23.78676,0.48529,0.07186,0.00021,0.92740,0.00053
23.88971,0.48529,0.06693,0.00017,0.93242,0.00048
23.99265,0.48529,0.06693,0.00017,0.93243,0.00047
24.09559,0.48529,0.07432,0.00025,0.92478,0.00064
24.19853,0.48529,0.07997,0.00029,0.91900,0.00074
24.30147,0.48529,0.07679,0.00030,0.92213,0.00079
24.40441,0.48529,0.07727,0.00026,0.92171,0.00077
24.50735,0.48529,0.07555,0.00021,0.92365,0.00059
24.61029,0.48529,0.08470,0.00024,0.91443,0.00063
24.71324,0.48529,0.11733,0.00021,0.88176,0.00069
24.81618,0.48529,0.29677,0.00029,0.70163,0.00131
24.91912,0.48529,0.54391,0.00023,0.45397,0.00189
25.02206,0.48529,0.46832,0.00058,0.52723,0.00388
25.12500,0.48529,0.27189,0.00145,0.72077,0.00589
25.22794,0.48529,0.38950,0.00290,0.59899,0.00861
25.33088,0.48529,0.72909,0.00295,0.26461,0.00334
25.43382,0.48529,0.73148,0.00173,0.26570,0.00108
25.53676,0.48529,0.36770,0.00084,0.63035,0.00111
25.63971,0.48529,0.16359,0.00048,0.83491,0.00102
25.74265,0.48529,0.08819,0.00026,0.91078,0.00077
25.84559,0.48529,0.08136,0.00025,0.91768,0.00071
25.94853,0.48529,0.06726,0.00021,0.93194,0.00060
26.05147,0.48529,0.07340,0.00027,0.92560,0.00074
26.15441,0.48529,0.06513,0.00019,0.93416,0.00053
26.25735,0.48529,0.06584,0.00018,0.93346,0.00051
26.36029,0.48529,0.06878,0.00022,0.93049,0.00051
26.46324,0.48529,0.06541,0.00019,0.93394,0.00047
26.56618,0.48529,0.06242,0.00016,0.93703,0.00039
26.66912,0.48529,0.06355,0.00021,0.93574,0.00050
26.77206,0.48529,0.06582,0.00021,0.93344,0.00053
26.87500,0.48529,0.06574,0.00023,0.93347,0.00057
26.97794,0.48529,0.07028,0.00026,0.92876,0.00070
27.08088,0.48529,0.06795,0.00025,0.93118,0.00062
27.18382,0.48529,0.06284,0.00019,0.93648,0.00049
27.28676,0.48529,0.05775,0.00016,0.94169,0.00040
27.38971,0.48529,0.05971,0.00016,0.93976,0.00037
27.49265,0.48529,0.06318,0.00020,0.93613,0.00048
27.59559,0.48529,0.06623,0.00023,0.93299,0.00056
27.69853,0.48529,0.07271,0.00032,0.92624,0.00073
27.80147,0.48529,0.06440,0.00020,0.93487,0.00053
27.90441,0.48529,0.07393,0.00026,0.92508,0.00072
28.00735,0.48529,0.08430,0.00029,0.91466,0.00074
28.11029,0.48529,0.10873,0.00026,0.89032,0.00069
28.21324,0.48529,0.27567,0.00021,0.72320,0.00093
28.31618,0.48529,0.57196,0.00015,0.42634,0.00155
28.41912,0.48529,0.53520,0.00057,0.46006,0.00417
28.52206,0.48529,0.30044,0.00150,0.69169,0.00637
28.62500,0.48529,0.43041,0.00287,0.55650,0.01023
28.72794,0.48529,0.74213,0.00343,0.25057,0.00386
28.83088,0.48529,0.73524,0.00218,0.26108,0.00150
28.93382,0.48529,0.38483,0.00087,0.61300,0.00131
29.03676,0.48529,0.15927,0.00043,0.83929,0.00101
29.13971,0.48529,0.08911,0.00023,0.90998,0.00069
29.24265,0.48529,0.08314,0.00022,0.91599,0.00065
29.34559,0.48529,0.08687,0.00031,0.91202,0.00080
29.44853,0.48529,0.07741,0.00026,0.92157,0.00076
29.55147,0.48529,0.07552,0.00029,0.92340,0.00080
29.65441,0.48529,0.07244,0.00026,0.92657,0.00073
29.75735,0.48529,0.06608,0.00018,0.93323,0.00052
29.86029,0.48529,0.06491,0.00018,0.93442,0.00048
29.96324,0.48529,0.06893,0.00019,0.93042,0.00046
30.06618,0.48529,0.06713,0.00019,0.93218,0.00050
30.16912,0.48529,0.06706,0.00021,0.93220,0.00053
30.27206,0.48529,0.07587,0.00029,0.92311,0.00072
30.37500,0.48529,0.06921,0.00023,0.92995,0.00061
30.47794,0.48529,0.07732,0.00029,0.92160,0.00079
30.58088,0.48529,0.07352,0.00027,0.92548,0.00073
30.68382,0.48529,0.06864,0.00020,0.93062,0.00054
30.78676,0.48529,0.06584,0.00020,0.93344,0.00052
30.88971,0.48529,0.06857,0.00021,0.93069,0.00054
30.99265,0.48529,0.06696,0.00020,0.93232,0.00053
31.09559,0.48529,0.07140,0.00023,0.92779,0.00058
31.19853,0.48529,0.07823,0.00030,0.92070,0.00077
31.30147,0.48529,0.07864,0.00030,0.92030,0.00076
31.40441,0.48529,0.07767,0.00028,0.92132,0.00074
31.50735,0.48529,0.07005,0.00023,0.92908,0.00064
31.61029,0.48529,0.07561,0.00022,0.92355,0.00061
31.71324,0.48529,0.07347,0.00021,0.92579,0.00053
31.81618,0.48529,0.07434,0.00022,0.92489,0.00055
31.91912,0.48529,0.08531,0.00026,0.91378,0.00065
32.02206,0.48529,0.09631,0.00025,0.90272,0.00072
32.12500,0.48529,0.25281,0.00026,0.74585,0.00108
32.22794,0.48529,0.47932,0.00025,0.51826,0.00217
32.33088,0.48529,0.46695,0.00061,0.52848,0.00396
32.43382,0.48529,0.24445,0.00141,0.74948,0.00466
32.53677,0.48529,0.38985,0.00217,0.60152,0.00646
32.63971,0.48529,0.72323,0.00220,0.27260,0.00196
32.74265,0.48529,0.68771,0.00143,0.30998,0.00088
32.84559,0.48529,0.35568,0.00105,0.64188,0.00138
32.94853,0.48529,0.14183,0.00047,0.85669,0.00102
33.05147,0.48529,0.07587,0.00025,0.92320,0.00069
33.15441,0.48529,0.06790,0.00021,0.93129,0.00061
33.25735,0.48529,0.06202,0.00018,0.93732,0.00048
33.36029,0.48529,0.06547,0.00021,0.93382,0.00051
33.46323,0.48529,0.06102,0.00017,0.93839,0.00043
33.56618,0.48529,0.05930,0.00016,0.94011,0.00042
33.66912,0.48529,0.06592,0.00024,0.93333,0.00051
33.77206,0.48529,0.06680,0.00024,0.93239,0.00057
33.87500,0.48529,0.06247,0.00020,0.93681,0.00052
33.97794,0.48529,0.06744,0.00024,0.93172,0.00060
34.08088,0.48529,0.06414,0.00021,0.93508,0.00056
34.18382,0.48529,0.06319,0.00020,0.93608,0.00053
34.28677,0.48529,0.05966,0.00018,0.93971,0.00044
34.38971,0.48529,0.05594,0.00015,0.94356,0.00035
34.49265,0.48529,0.06394,0.00019,0.93543,0.00044
34.59559,0.48529,0.06402,0.00021,0.93524,0.00054
34.69853,0.48529,0.06828,0.00027,0.93081,0.00064
34.80147,0.48529,0.07284,0.00029,0.92615,0.00071
34.90441,0.48529,0.06587,0.00022,0.93333,0.00057
35.00735,0.48529,0.06584,0.00021,0.93341,0.00054
35.11029,0.48529,0.06166,0.00019,0.93768,0.00047
35.21323,0.48529,0.06123,0.00016,0.93821,0.00040
35.31618,0.48529,0.06138,0.00017,0.93805,0.00040
35.41912,0.48529,0.06563,0.00021,0.93367,0.00049
35.52206,0.48529,0.06821,0.00023,0.93104,0.00052
35.62500,0.48529,0.07261,0.00028,0.92641,0.00071
35.72794,0.48529,0.06664,0.00022,0.93259,0.00055
35.83088,0.48529,0.06800,0.00022,0.93119,0.00059
35.93382,0.48529,0.07083,0.00022,0.92836,0.00059
36.03677,0.48529,0.11521,0.00025,0.88392,0.00062
36.13971,0.48529,0.59359,0.00012,0.40515,0.00114
36.24265,0.48529,0.85864,0.00005,0.14027,0.00104
36.34559,0.48529,0.65440,0.00119,0.33489,0.00952
36.44853,0.48529,0.52702,0.00625,0.44215,0.02458
36.55147,0.48529,0.89846,0.00333,0.09011,0.00811
36.65441,0.48529,0.95101,0.00190,0.04634,0.00075
36.75735,0.48529,0.63818,0.00190,0.35845,0.00148
36.86029,0.48529,0.19282,0.00047,0.80572,0.00099
36.96323,0.48529,0.11672,0.00034,0.88207,0.00088
37.06618,0.48529,0.07662,0.00018,0.92263,0.00057
37.16912,0.48529,0.07213,0.00018,0.92715,0.00055
37.27206,0.48529,0.07948,0.00026,0.91953,0.00072
37.37500,0.48529,0.08815,0.00034,0.91061,0.00090
37.47794,0.48529,0.07893,0.00027,0.92004,0.00075
37.58088,0.48529,0.10778,0.00031,0.89100,0.00091
37.68382,0.48529,0.32210,0.00025,0.67644,0.00121
37.78677,0.48529,0.61084,0.00013,0.38739,0.00163
37.88971,0.48529,0.48567,0.00067,0.50903,0.00463
37.99265,0.48529,0.31709,0.00226,0.67323,0.00743
38.09559,0.48529,0.59153,0.00399,0.39394,0.01054
38.19853,0.48529,0.86832,0.00234,0.12783,0.00152
38.30147,0.48529,0.74033,0.00215,0.25643,0.00109
38.40441,0.48529,0.31532,0.00095,0.68235,0.00138
38.50735,0.48529,0.10729,0.00032,0.89156,0.00082
38.61029,0.48529,0.07498,0.00022,0.92417,0.00063
38.71323,0.48529,0.06443,0.00017,0.93496,0.00044
38.81618,0.48529,0.06184,0.00017,0.93754,0.00045
38.91912,0.48529,0.06295,0.00016,0.93647,0.00041
39.02206,0.48529,0.06700,0.00023,0.93223,0.00055
39.12500,0.48529,0.06368,0.00020,0.93561,0.00051
39.22794,0.48529,0.06398,0.00023,0.93520,0.00059
39.33088,0.48529,0.06353,0.00021,0.93570,0.00056
39.43382,0.48529,0.06093,0.00017,0.93842,0.00048
39.53677,0.48529,0.05962,0.00018,0.93975,0.00046
39.63971,0.48529,0.06049,0.00018,0.93890,0.00043
39.74265,0.48529,0.06153,0.00019,0.93781,0.00047
39.84559,0.48529,0.06351,0.00018,0.93584,0.00047
39.94853,0.48529,0.05868,0.00019,0.94068,0.00046
40.05147,0.48529,0.06674,0.00025,0.93240,0.00060
40.15441,0.48529,0.06644,0.00024,0.93272,0.00059
40.25735,0.48529,0.06255,0.00019,0.93674,0.00052
40.36029,0.48529,0.06587,0.00021,0.93338,0.00054
40.46323,0.48529,0.06165,0.00018,0.93775,0.00041
40.56618,0.48529,0.05743,0.00016,0.94203,0.00038
40.66912,0.48529,0.06392,0.00019,0.93545,0.00044
40.77206,0.48529,0.06200,0.00019,0.93733,0.00048
40.87500,0.48529,0.06203,0.00022,0.93720,0.00055
40.97794,0.48529,0.06848,0.00026,0.93059,0.00067
41.08088,0.48529,0.06312,0.00022,0.93610,0.00056
41.18382,0.48529,0.06470,0.00023,0.93451,0.00057
41.28677,0.48529,0.06141,0.00019,0.93793,0.00047
41.38971,0.48529,0.05639,0.00016,0.94309,0.00036
41.49265,0.48529,0.06382,0.00020,0.93554,0.00045
41.59559,0.48529,0.06297,0.00019,0.93638,0.00046
41.69853,0.48529,0.06280,0.00024,0.93644,0.00052
41.80147,0.48529,0.06825,0.00026,0.93091,0.00059
41.90441,0.48529,0.06451,0.00023,0.93468,0.00058
42.00735,0.48529,0.06207,0.00020,0.93718,0.00054
42.11029,0.48529,0.06336,0.00020,0.93590,0.00054
42.21323,0.48529,0.06086,0.00017,0.93854,0.00043
42.31618,0.48529,0.06061,0.00018,0.93879,0.00042
42.41912,0.48529,0.06215,0.00018,0.93723,0.00043
42.52206,0.48529,0.06361,0.00019,0.93574,0.00046
42.62500,0.48529,0.06814,0.00024,0.93104,0.00058
42.72794,0.48529,0.06452,0.00022,0.93470,0.00056
42.83088,0.48529,0.06809,0.00023,0.93109,0.00059
42.93382,0.48529,0.07244,0.00026,0.92663,0.00068
43.03677,0.48529,0.07849,0.00025,0.92063,0.00063
43.13971,0.48529,0.07295,0.00023,0.92626,0.00056
43.24265,0.48529,0.07349,0.00021,0.92576,0.00053
43.34559,0.48529,0.07802,0.00023,0.92113,0.00062
43.44853,0.48529,0.08272,0.00026,0.91630,0.00072
43.55147,0.48529,0.09040,0.00031,0.90841,0.00088
43.65441,0.48529,0.08819,0.00034,0.91050,0.00096
43.75735,0.48529,0.08639,0.00027,0.91245,0.00090
43.86029,0.48529,0.08718,0.00027,0.91174,0.00081
43.96323,0.48529,0.08148,0.00022,0.91762,0.00067
44.06618,0.48529,0.08197,0.00021,0.91721,0.00061
44.16912,0.48529,0.08481,0.00024,0.91425,0.00071
44.27206,0.48529,0.09486,0.00032,0.90393,0.00090
44.37500,0.48529,0.08725,0.00027,0.91162,0.00086
44.47794,0.48529,0.10086,0.00037,0.89769,0.00108
44.58088,0.48529,0.10474,0.00042,0.89362,0.00122
44.68382,0.48529,0.11306,0.00039,0.88545,0.00111
44.78677,0.48529,0.12993,0.00033,0.86867,0.00107
44.88971,0.48529,0.16150,0.00037,0.83685,0.00128
44.99265,0.48529,0.15350,0.00038,0.84464,0.00148
45.09559,0.48529,0.13705,0.00043,0.86097,0.00154
45.19853,0.48529,0.18942,0.00090,0.80732,0.00236
45.30147,0.48529,0.23915,0.00083,0.75825,0.00176
45.40441,0.48529,0.22270,0.00084,0.77484,0.00163
45.50735,0.48529,0.12531,0.00042,0.87319,0.00108
45.61029,0.48529,0.08463,0.00024,0.91444,0.00068
45.71323,0.48529,0.07763,0.00023,0.92149,0.00065
45.81618,0.48529,0.06397,0.00016,0.93544,0.00043
45.91912,0.48529,0.06950,0.00021,0.92973,0.00055
46.02206,0.48529,0.06617,0.00019,0.93315,0.00049
46.12500,0.48529,0.06418,0.00019,0.93508,0.00054
46.22794,0.48529,0.06469,0.00023,0.93449,0.00059
46.33088,0.48529,0.07015,0.00025,0.92896,0.00064
46.43382,0.48529,0.06708,0.00020,0.93217,0.00054
46.53677,0.48529,0.06915,0.00024,0.93000,0.00060
46.63971,0.48529,0.06863,0.00022,0.93064,0.00051
46.74265,0.48529,0.05749,0.00014,0.94199,0.00038
46.84559,0.48529,0.06334,0.00017,0.93606,0.00043
46.94853,0.48529,0.06948,0.00023,0.92976,0.00053
47.05147,0.48529,0.07225,0.00028,0.92678,0.00068
47.15441,0.48529,0.07688,0.00029,0.92207,0.00076
47.25735,0.48529,0.07391,0.00024,0.92518,0.00067
47.36029,0.48529,0.07496,0.00023,0.92417,0.00064
47.46323,0.48529,0.08029,0.00024,0.91882,0.00065
47.56618,0.48529,0.07904,0.00022,0.92015,0.00059
47.66912,0.48529,0.08322,0.00023,0.91593,0.00062
47.77206,0.48529,0.08153,0.00022,0.91756,0.00068
47.87500,0.48529,0.08808,0.00029,0.91076,0.00087
47.97794,0.48529,0.09023,0.00032,0.90845,0.00100
48.08088,0.48529,0.09090,0.00033,0.90770,0.00106
48.18382,0.48529,0.08805,0.00028,0.91077,0.00089
48.28677,0.48529,0.08859,0.00029,0.91023,0.00089
48.38971,0.48529,0.08171,0.00023,0.91739,0.00067
48.49265,0.48529,0.08459,0.00022,0.91454,0.00065
48.59559,0.48529,0.08376,0.00022,0.91534,0.00067
48.69853,0.48529,0.08298,0.00023,0.91609,0.00070
48.80147,0.48529,0.08568,0.00026,0.91327,0.00079
48.90441,0.48529,0.09356,0.00033,0.90511,0.00100
49.00735,0.48529,0.09371,0.00036,0.90488,0.00105
49.11029,0.48529,0.08996,0.00030,0.90883,0.00091
49.21323,0.48529,0.08643,0.00025,0.91257,0.00075
49.31618,0.48529,0.10632,0.00029,0.89259,0.00080
49.41912,0.48529,0.13704,0.00026,0.86179,0.00091
49.52206,0.48529,0.19563,0.00027,0.80292,0.00118
49.62500,0.48529,0.22111,0.00050,0.77631,0.00208
49.72794,0.48529,0.18364,0.00080,0.81296,0.00260
49.83088,0.48529,0.14548,0.00057,0.85188,0.00207
49.93382,0.48529,0.16390,0.00054,0.83345,0.00212
50.03677,0.48529,0.14328,0.00034,0.85491,0.00147
50.13971,0.48529,0.14468,0.00036,0.85347,0.00149
50.24265,0.48529,0.15609,0.00041,0.84189,0.00161
50.34559,0.48529,0.15262,0.00037,0.84553,0.00148
50.44853,0.48529,0.16075,0.00043,0.83713,0.00168
50.55147,0.48529,0.17019,0.00049,0.82739,0.00193
50.65441,0.48529,0.15510,0.00050,0.84253,0.00187
50.75735,0.48529,0.14396,0.00044,0.85374,0.00187
50.86029,0.48529,0.16236,0.00047,0.83529,0.00188
50.96323,0.48529,0.13895,0.00035,0.85923,0.00146
51.06618,0.48529,0.14392,0.00035,0.85432,0.00141
51.16912,0.48529,0.14618,0.00032,0.85220,0.00130
51.27206,0.48529,0.15145,0.00039,0.84661,0.00155
51.37500,0.48529,0.16970,0.00049,0.82799,0.00183
51.47794,0.48529,0.20097,0.00076,0.79554,0.00273
51.58088,0.48529,0.21012,0.00112,0.78577,0.00298
51.68382,0.48529,0.25825,0.00097,0.73866,0.00212
51.78677,0.48529,0.20362,0.00057,0.79429,0.00152
51.88971,0.48529,0.13402,0.00038,0.86456,0.00104
51.99265,0.48529,0.09366,0.00025,0.90539,0.00070
52.09559,0.48529,0.07657,0.00020,0.92264,0.00060
52.19853,0.48529,0.07156,0.00019,0.92767,0.00059
52.30147,0.48529,0.07151,0.00024,0.92758,0.00067
52.40441,0.48529,0.06982,0.00023,0.92932,0.00063
52.50735,0.48529,0.07307,0.00025,0.92596,0.00071
52.61029,0.48529,0.07181,0.00023,0.92732,0.00064
52.71323,0.48529,0.06909,0.00020,0.93018,0.00054
52.81618,0.48529,0.07309,0.00021,0.92615,0.00055
52.91912,0.48529,0.06820,0.00019,0.93109,0.00051
53.02206,0.48529,0.07349,0.00019,0.92582,0.00050
53.12500,0.48529,0.07608,0.00026,0.92294,0.00072
53.22794,0.48529,0.08342,0.00030,0.91553,0.00075
53.33088,0.48529,0.11649,0.00041,0.88207,0.00103
53.43382,0.48529,0.22759,0.00031,0.77092,0.00118
53.53677,0.48529,0.45489,0.00025,0.54309,0.00176
53.63971,0.48529,0.51693,0.00039,0.47952,0.00316
53.74265,0.48529,0.28110,0.00098,0.71363,0.00429
53.84559,0.48529,0.34071,0.00204,0.65023,0.00702
53.94853,0.48529,0.68284,0.00340,0.30938,0.00439
54.05147,0.48529,0.80877,0.00173,0.18853,0.00098
54.15441,0.48529,0.52299,0.00163,0.47389,0.00148
54.25735,0.48529,0.18735,0.00061,0.81084,0.00120
54.36029,0.48529,0.07488,0.00019,0.92437,0.00056
54.46323,0.48529,0.07033,0.00021,0.92885,0.00062
54.56618,0.48529,0.06479,0.00017,0.93459,0.00045
54.66912,0.48529,0.06102,0.00015,0.93844,0.00039
54.77206,0.48529,0.06084,0.00018,0.93852,0.00045
54.87500,0.48529,0.06828,0.00023,0.93095,0.00054
54.97794,0.48529,0.06747,0.00024,0.93171,0.00059
55.08088,0.48529,0.07081,0.00026,0.92820,0.00072
55.18382,0.48529,0.06812,0.00023,0.93104,0.00061
55.28677,0.48529,0.06705,0.00022,0.93217,0.00056
55.38971,0.48529,0.06547,0.00020,0.93379,0.00054
55.49265,0.48529,0.06067,0.00018,0.93875,0.00040
55.59559,0.48529,0.06262,0.00017,0.93680,0.00041
55.69853,0.48529,0.06537,0.00020,0.93392,0.00051
55.80147,0.48529,0.07521,0.00030,0.92380,0.00069
55.90441,0.48529,0.09874,0.00033,0.90014,0.00079
56.00735,0.48529,0.19250,0.00029,0.80620,0.00100
56.11029,0.48529,0.47018,0.00024,0.52798,0.00161
56.21323,0.48529,0.48543,0.00038,0.51143,0.00275
56.31618,0.48529,0.33477,0.00111,0.65960,0.00452
56.41912,0.48529,0.24893,0.00129,0.74563,0.00415
56.52206,0.48529,0.35156,0.00125,0.64372,0.00347
56.62500,0.48529,0.50245,0.00159,0.49400,0.00196
56.72794,0.48529,0.42134,0.00141,0.57504,0.00221
56.83088,0.48529,0.24925,0.00081,0.74789,0.00205
56.93382,0.48529,0.13626,0.00048,0.86180,0.00146
57.03677,0.48529,0.11233,0.00038,0.88600,0.00128
57.13971,0.48529,0.09466,0.00023,0.90437,0.00074
57.24265,0.48529,0.10573,0.00029,0.89310,0.00087
57.34559,0.48529,0.12395,0.00025,0.87487,0.00093
57.44853,0.48529,0.22358,0.00031,0.77475,0.00137
57.55147,0.48529,0.40639,0.00033,0.59099,0.00229
57.65441,0.48529,0.58372,0.00030,0.41334,0.00264
57.75735,0.48529,0.48079,0.00078,0.51312,0.00531
57.86029,0.48529,0.27690,0.00135,0.71560,0.00615
57.96323,0.48529,0.52223,0.00232,0.46631,0.00914
58.06618,0.48529,0.82590,0.00333,0.16741,0.00335
58.16912,0.48529,0.83698,0.00222,0.15962,0.00118
58.27206,0.48529,0.57121,0.00141,0.42604,0.00134
58.37500,0.48529,0.25919,0.00064,0.73880,0.00137
58.47794,0.48529,0.15011,0.00042,0.84822,0.00124
58.58088,0.48529,0.09685,0.00034,0.90172,0.00109
58.68382,0.48529,0.08789,0.00028,0.91093,0.00091
58.78677,0.48529,0.08235,0.00023,0.91667,0.00075
58.88971,0.48529,0.08854,0.00024,0.91049,0.00073
58.99265,0.48529,0.10780,0.00027,0.89113,0.00080
59.09559,0.48529,0.13066,0.00029,0.86814,0.00092
59.19853,0.48529,0.22658,0.00033,0.77179,0.00130
59.30147,0.48529,0.37801,0.00032,0.61963,0.00204
59.40441,0.48529,0.45197,0.00050,0.54415,0.00339
59.50735,0.48529,0.32133,0.00079,0.67369,0.00419
59.61029,0.48529,0.23875,0.00069,0.75721,0.00334
59.71323,0.48529,0.21458,0.00057,0.78247,0.00238
59.81618,0.48529,0.25363,0.00081,0.74295,0.00261
59.91912,0.48529,0.28710,0.00102,0.70909,0.00279
60.02206,0.48529,0.29765,0.00102,0.69897,0.00236
60.12500,0.48529,0.33064,0.00119,0.66551,0.00266
60.22794,0.48529,0.26830,0.00080,0.72859,0.00231
60.33088,0.48529,0.24765,0.00095,0.74829,0.00311
60.43382,0.48529,0.18725,0.00052,0.81030,0.00193
60.53677,0.48529,0.16263,0.00033,0.83545,0.00159
60.63971,0.48529,0.21714,0.00048,0.78026,0.00213
60.74265,0.48529,0.26097,0.00049,0.73613,0.00241
60.84559,0.48529,0.25597,0.00042,0.74145,0.00216
60.94853,0.48529,0.22743,0.00045,0.76986,0.00227
61.05147,0.48529,0.23370,0.00059,0.76306,0.00264
61.15441,0.48529,0.27869,0.00101,0.71683,0.00348
61.25735,0.48529,0.39782,0.00192,0.59481,0.00545
61.36029,0.48529,0.61092,0.00307,0.38194,0.00407
61.46323,0.48529,0.65383,0.00245,0.34124,0.00248
61.56618,0.48529,0.49032,0.00128,0.50681,0.00159
61.66912,0.48529,0.25531,0.00060,0.74255,0.00154
61.77206,0.48529,0.15387,0.00039,0.84451,0.00123
61.87500,0.48529,0.13808,0.00046,0.86008,0.00138
61.97794,0.48529,0.11275,0.00039,0.88568,0.00118
62.08088,0.48529,0.10005,0.00035,0.89844,0.00116
62.18382,0.48529,0.09025,0.00026,0.90862,0.00087
62.28677,0.48529,0.08179,0.00023,0.91722,0.00076
62.38971,0.48529,0.07878,0.00024,0.92023,0.00075
62.49265,0.48529,0.07281,0.00019,0.92645,0.00055
62.59559,0.48529,0.06875,0.00016,0.93064,0.00045
62.69853,0.48529,0.07442,0.00021,0.92477,0.00059
62.80147,0.48529,0.07072,0.00021,0.92848,0.00059
62.90441,0.48529,0.07454,0.00027,0.92443,0.00075
63.00735,0.48529,0.07461,0.00023,0.92443,0.00073
63.11029,0.48529,0.07709,0.00026,0.92189,0.00076
63.21323,0.48529,0.07623,0.00021,0.92293,0.00063
63.31618,0.48529,0.07606,0.00019,0.92320,0.00054
63.41912,0.48529,0.11817,0.00022,0.88095,0.00066
63.52206,0.48529,0.19659,0.00029,0.80207,0.00105
63.62500,0.48529,0.47066,0.00027,0.52717,0.00190
63.72794,0.48529,0.65155,0.00029,0.34526,0.00290
63.83088,0.48529,0.51728,0.00079,0.47655,0.00538
63.93382,0.48530,0.28466,0.00138,0.70733,0.00664
64.03677,0.48529,0.42992,0.00203,0.56061,0.00744
64.13971,0.48529,0.69887,0.00280,0.29360,0.00473
64.24265,0.48530,0.78496,0.00221,0.21124,0.00158
64.34559,0.48529,0.57055,0.00127,0.42683,0.00135
64.44853,0.48529,0.29111,0.00078,0.70643,0.00169
64.55147,0.48530,0.18332,0.00061,0.81447,0.00160
64.65441,0.48530,0.11344,0.00035,0.88498,0.00123
64.75735,0.48529,0.10207,0.00036,0.89644,0.00112
64.86029,0.48530,0.10097,0.00033,0.89761,0.00109
64.96323,0.48530,0.10628,0.00032,0.89246,0.00095
65.06618,0.48529,0.11690,0.00028,0.88196,0.00086
65.16912,0.48529,0.19940,0.00032,0.79899,0.00130
65.27206,0.48530,0.34224,0.00030,0.65558,0.00188
65.37500,0.48529,0.52352,0.00036,0.47338,0.00275
65.47794,0.48529,0.70884,0.00022,0.28838,0.00257
65.58088,0.48530,0.40168,0.00086,0.59045,0.00701
65.68382,0.48530,0.45507,0.00197,0.53255,0.01042
65.78677,0.48529,0.87713,0.00413,0.10563,0.01310
65.88971,0.48529,0.97337,0.00172,0.02402,0.00089
65.99265,0.48530,0.91430,0.00220,0.08284,0.00066
66.09559,0.48529,0.43026,0.00095,0.56770,0.00109
66.19853,0.48529,0.14581,0.00038,0.85293,0.00088
66.30147,0.48530,0.08361,0.00026,0.91539,0.00074
66.40441,0.48530,0.07860,0.00025,0.92040,0.00074
66.50735,0.48529,0.07257,0.00022,0.92659,0.00062
66.61029,0.48530,0.07694,0.00027,0.92202,0.00077
66.71323,0.48530,0.07951,0.00026,0.91954,0.00069
66.81618,0.48529,0.09309,0.00021,0.90610,0.00059
66.91912,0.48529,0.28026,0.00026,0.71842,0.00105
67.02206,0.48530,0.81077,0.00005,0.18796,0.00121
67.12500,0.48529,0.59126,0.00065,0.40183,0.00626
67.22794,0.48529,0.41504,0.00429,0.56817,0.01249
67.33088,0.48530,0.64336,0.00349,0.33563,0.01753
67.43382,0.48530,0.86995,0.00185,0.12687,0.00133
67.53677,0.48529,0.39681,0.00135,0.59911,0.00273
67.63971,0.48529,0.18474,0.00052,0.81311,0.00164
67.74265,0.48530,0.14523,0.00039,0.85313,0.00125
67.84559,0.48529,0.11596,0.00030,0.88264,0.00111
67.94853,0.48529,0.11832,0.00031,0.88014,0.00123
68.05147,0.48530,0.10818,0.00031,0.89035,0.00116
68.15441,0.48530,0.11934,0.00040,0.87881,0.00144
68.25735,0.48529,0.11039,0.00043,0.88773,0.00145
68.36029,0.48530,0.11068,0.00042,0.88752,0.00138
68.46323,0.48530,0.09799,0.00030,0.90064,0.00107
68.56618,0.48529,0.11646,0.00041,0.88208,0.00106
68.66912,0.48529,0.11501,0.00029,0.88402,0.00067
68.77206,0.48530,0.09494,0.00025,0.90423,0.00058
68.87500,0.48529,0.07337,0.00022,0.92587,0.00054
68.97794,0.48529,0.06503,0.00021,0.93422,0.00053
69.08088,0.48530,0.06360,0.00022,0.93563,0.00055
69.18382,0.48530,0.06130,0.00022,0.93793,0.00055
69.28677,0.48529,0.05683,0.00017,0.94260,0.00040
69.38971,0.48529,0.06179,0.00021,0.93750,0.00051
69.49265,0.48530,0.05690,0.00015,0.94260,0.00035
69.59559,0.48529,0.05647,0.00015,0.94304,0.00034
69.69853,0.48529,0.05992,0.00019,0.93946,0.00043
69.80147,0.48530,0.06044,0.00020,0.93892,0.00044
69.90441,0.48530,0.06343,0.00025,0.93578,0.00054
70.00735,0.48529,0.06165,0.00022,0.93761,0.00052
70.11029,0.48530,0.06392,0.00023,0.93529,0.00056
70.21323,0.48530,0.06548,0.00023,0.93369,0.00060
