Time(Seconds),Length(Seconds),Label(string),Confidence(double),Comment(string)
0.0500166,2.6415487,Dry,1,
3.1978238,0.42273399999999983,Touch,1,
3.8042726,0.7553744,Dry,1,
4.8544775,0.37645439999999997,Touch,1,
5.4241858,0.7010959,Dry,1,
6.4272522,0.3855823999999999,Touch,1,
7.0932466,0.67848,Dry,1,
8.081912299999999,0.3977532999999999,Touch,1,
8.7268646,0.5789695,Dry,1,
9.712269000000001,0.42998290000000006,Touch,1,
10.474353,0.4116111,Dry,1,
11.300089400000001,0.5307256000000001,Touch,1,
12.125321,0.5518304,Dry,1,
13.0603757,0.45909360000000005,Touch,1,
13.7784722,0.520168,Dry,1,
14.793878600000001,0.46277529999999995,Touch,1,
15.5063346,1.3388672,Dry,1,
17.3963507,0.3311576,Touch,1,
18.070411,0.6106319,Dry,1,
19.0419973,0.43663099999999994,Touch,1,
19.789227,0.5337375,Dry,1,
20.614494699999998,0.5033411999999999,Touch,1,
21.3956694,0.3347168,Dry,1,
22.1143973,0.5070613000000002,Touch,1,
22.9471269,0.5970624,Dry,1,
23.8273932,0.5172765,Touch,1,
24.6026181,0.5337376,Dry,1,
25.465075300000002,0.47843690000000005,Touch,1,
26.2013082,0.5246911,Dry,1,
27.032650999999998,0.44812460000000004,Touch,1,
27.6939642,0.5744463,Dry,1,
28.564783300000002,0.5457481000000001,Touch,1,
29.3223162,0.6739567,Dry,1,
30.229811499999997,0.47475519999999993,Touch,1,
30.961513,0.6015855,Dry,1,
31.922033000000003,0.4821187,Touch,1,
32.6079578,0.67848,Dry,1,
33.6793332,0.4615735,Touch,1,
34.480021,0.5880159,Dry,1,
35.3923291,0.4438801000000001,Touch,1,
36.0360018,0.5789696,Dry,1,
36.9165351,0.5999158,Touch,1,
37.8181426,0.3075776,Dry,1,
38.597864,0.5671997,Touch,1,
39.4772722,0.4161343,Dry,1,
40.1723453,0.4578534999999999,Touch,1,
40.9066034,0.4568432,Dry,1,
41.6716852,0.24179389999999998,Touch,1,
42.1631214,0.7327584,Dry,1,
43.4567566,0.8006063,Dry,1,
44.749131399999996,0.6405962,Touch,1,
45.6194226,0.3030544,Dry,1,
46.9790116,1.0509685,Touch,1,
48.2564482,0.9317792,Dry,1,
49.5702194,1.0634344999999998,Touch,1,
50.861405,1.108184,Dry,1,
52.2813604,0.4135295,Touch,1,
52.942077,0.814176,Dry,1,
54.0817208,0.39662780000000003,Touch,1,
54.7557442,0.7825135,Dry,1,
55.9111209,0.41244230000000004,Touch,1,
56.6012098,0.8277456,Dry,1,
57.7266621,0.38505790000000006,Touch,1,
58.3516882,1.062952,Dry,1,
59.782375300000005,0.5562689999999999,Touch,1,
60.6795338,0.5744463,Dry,1,
61.545155,0.4427165,Touch,1,
62.289793,0.8186991,Dry,1,
63.3540099,0.5348555,Touch,1,
64.1040062,0.814176,Dry,1,
65.2385885,0.4100003999999999,Touch,1,
65.9947038,0.5699232,Dry,1,
66.8247357,0.4809552000000001,Touch,1,
67.6321022,0.6015855,Dry,1,
68.7153615,0.21366620000000003,Touch,1,
69.5982374,0.4432735,Dry,1,
70.4129,0.4368221000000001,Touch,1,
71.398471,0.2804383,Dry,1,
72.0208706,0.5028168000000001,Touch,1,
72.8103846,0.2759152,Dry,1,
73.4831736,0.5417326999999998,Touch,1,
74.3754118,0.45232,Dry,1,
75.1749087,0.4232585,Touch,1,
75.8228357,0.655864,Dry,1,
76.7610221,0.5289227999999999,Touch,1,
77.6814542,0.2668687,Dry,1,
78.38161159999999,0.44711379999999995,Touch,1,
79.1786334,0.5337376,Dry,1,
81.2004977,0.701096,Dry,1,
82.2710883,0.5052966999999999,Touch,1,
83.0874202,0.5427839,Dry,1,
83.8797362,0.44147649999999994,Touch,1,
84.6479242,0.6287248,Dry,1,
85.65872680000001,0.30437419999999993,Touch,1,
86.1993818,0.6603872,Dry,1,
87.2417931,0.39722870000000005,Touch,1,
87.875045,1.8499888,Dry,1,
90.1306541,0.4835116000000001,Touch,1,
92.5352847,0.6219300999999997,Touch,1,
93.5496373,0.7870367,Dry,1,
94.97049870000001,0.5103713000000001,Touch,1,
95.8796461,0.5970623,Dry,1,
97.30338259999999,0.39280349999999997,Touch,1,
98.1152761,0.4930287,Dry,1,
98.9790081,0.2891989000000001,Touch,1,
99.4962085,0.5744463,Dry,1,
100.4219676,0.3729254000000001,Touch,1,
101.0612357,0.4885055,Dry,1,
101.9060409,0.3693199999999999,Touch,1,
102.5674613,0.4613663,Dry,1,
103.4387742,0.37596809999999997,Touch,1,
104.0827333,0.6242015,Dry,1,
105.0151924,0.3686809,Touch,1,
105.6514925,0.7508511,Dry,1,
106.7511753,0.4560890999999999,Touch,1,
107.4698189,0.7553743,Dry,1,
108.7049674,0.8105673,Touch,1,
109.8712057,0.5653999,Dry,1,
110.754748,0.9524383999999999,Touch,1,
111.9841217,0.6332479,Dry,1,
113.0034192,1.1976087000000002,Touch,1,
114.4492657,0.79156,Dry,1,
115.5364621,1.1411137,Touch,1,
116.9333648,0.8051295,Dry,1,
118.028128,1.1157834,Touch,1,
119.400094,0.9589184,Dry,1,
120.5960381,0.8723652000000002,Touch,1,
121.6398208,1.3252975,Dry,1,
