Time (seconds), Duration (seconds),pred_unlabelled,pred_Dry,pred_Wet,pred_Touch
0.00735,0.48529,0.05359,0.00024,0.94576,0.00041
0.11029,0.48529,0.05915,0.00032,0.94004,0.00049
0.21324,0.48529,0.05393,0.00029,0.94529,0.00049
0.31618,0.48529,0.05169,0.00027,0.94758,0.00045
0.41912,0.48529,0.05439,0.00034,0.94477,0.00050
0.52206,0.48529,0.05801,0.00035,0.94112,0.00052
0.62500,0.48529,0.05528,0.00027,0.94392,0.00052
0.72794,0.48529,0.05273,0.00027,0.94655,0.00046
0.83088,0.48529,0.05284,0.00023,0.94645,0.00048
0.93382,0.48529,0.05252,0.00022,0.94685,0.00040
1.03676,0.48529,0.06065,0.00034,0.93847,0.00054
1.13971,0.48529,0.05695,0.00027,0.94235,0.00044
1.24265,0.48529,0.06003,0.00034,0.93911,0.00053
1.34559,0.48529,0.05917,0.00032,0.94001,0.00050
1.44853,0.48529,0.05665,0.00028,0.94253,0.00053
1.55147,0.48529,0.05304,0.00022,0.94630,0.00043
1.65441,0.48529,0.05639,0.00026,0.94283,0.00051
1.75735,0.48529,0.05609,0.00023,0.94324,0.00044
1.86029,0.48529,0.06764,0.00026,0.93163,0.00047
1.96324,0.48529,0.18470,0.00032,0.81433,0.00065
2.06618,0.48529,0.67733,0.00019,0.32146,0.00102
2.16912,0.48529,0.99994,0.00000,0.00001,0.00004
2.27206,0.48529,0.99781,0.00003,0.00163,0.00054
2.37500,0.48529,0.99283,0.00021,0.00599,0.00097
2.47794,0.48529,0.56250,0.00617,0.00838,0.42294
2.58088,0.48529,0.13779,0.00009,0.00000,0.86212
2.68382,0.48529,0.99974,0.00000,0.00001,0.00025
2.78676,0.48529,0.99928,0.00000,0.00055,0.00017
2.88971,0.48529,0.99971,0.00000,0.00027,0.00002
2.99265,0.48529,0.99959,0.00002,0.00036,0.00003
3.09559,0.48529,0.11626,0.00046,0.88274,0.00053
3.19853,0.48529,0.06422,0.00027,0.93505,0.00046
3.30147,0.48529,0.06053,0.00026,0.93882,0.00039
3.40441,0.48529,0.05388,0.00027,0.94539,0.00046
3.50735,0.48529,0.05561,0.00026,0.94370,0.00043
3.61029,0.48529,0.06117,0.00023,0.93816,0.00045
3.71324,0.48529,0.17646,0.00040,0.82230,0.00084
3.81618,0.48529,0.77679,0.00013,0.22215,0.00093
3.91912,0.48529,0.99785,0.00001,0.00073,0.00141
4.02206,0.48529,0.96861,0.00122,0.02779,0.00238
4.12500,0.48529,0.99861,0.00038,0.00052,0.00050
4.22794,0.48529,0.10849,0.00040,0.00040,0.89072
4.33088,0.48529,0.99979,0.00000,0.00001,0.00020
4.43382,0.48529,0.99143,0.00001,0.00673,0.00183
4.53676,0.48529,0.98762,0.00000,0.01198,0.00040
4.63971,0.48529,0.99614,0.00113,0.00153,0.00121
4.74265,0.48529,0.23661,0.00071,0.76202,0.00066
4.84559,0.48529,0.07205,0.00022,0.92729,0.00045
4.94853,0.48529,0.05413,0.00016,0.94534,0.00037
5.05147,0.48529,0.05668,0.00021,0.94266,0.00045
5.15441,0.48529,0.05892,0.00024,0.94039,0.00045
5.25735,0.48529,0.05490,0.00022,0.94446,0.00042
5.36029,0.48529,0.06840,0.00021,0.93099,0.00040
5.46324,0.48529,0.20187,0.00039,0.79689,0.00085
5.56618,0.48529,0.84828,0.00009,0.15072,0.00091
5.66912,0.48529,0.99837,0.00000,0.00054,0.00108
5.77206,0.48529,0.96477,0.00100,0.03149,0.00274
5.87500,0.48529,0.99831,0.00066,0.00060,0.00044
5.97794,0.48529,0.46260,0.00235,0.00086,0.53419
6.08088,0.48529,0.05555,0.00045,0.00006,0.94394
6.18382,0.48529,0.62714,0.00001,0.00002,0.37283
6.28676,0.48529,0.99994,0.00000,0.00002,0.00003
6.38971,0.48529,0.99643,0.00000,0.00330,0.00027
6.49265,0.48529,0.97493,0.00000,0.02501,0.00006
6.59559,0.48529,1.00000,0.00000,0.00000,0.00000
6.69853,0.48529,0.15719,0.00053,0.84177,0.00051
6.80147,0.48529,0.07114,0.00026,0.92814,0.00045
6.90441,0.48529,0.05933,0.00024,0.94001,0.00043
7.00735,0.48529,0.05601,0.00025,0.94320,0.00054
7.11029,0.48529,0.05211,0.00018,0.94736,0.00035
7.21324,0.48529,0.06029,0.00028,0.93892,0.00051
7.31618,0.48529,0.06060,0.00022,0.93874,0.00045
7.41912,0.48529,0.06494,0.00025,0.93436,0.00045
7.52206,0.48529,0.13027,0.00025,0.86885,0.00063
7.62500,0.48529,0.46784,0.00026,0.53089,0.00101
7.72794,0.48529,0.99985,0.00000,0.00004,0.00012
7.83088,0.48529,0.99722,0.00001,0.00203,0.00074
7.93382,0.48529,0.99549,0.00004,0.00289,0.00159
8.03677,0.48529,0.84973,0.00072,0.00280,0.14675
8.13971,0.48529,0.12650,0.00008,0.00002,0.87340
8.24265,0.48529,0.11858,0.00012,0.00001,0.88129
8.34559,0.48529,0.99850,0.00002,0.00002,0.00146
8.44853,0.48529,0.98877,0.00000,0.00989,0.00134
8.55147,0.48529,0.98452,0.00000,0.01481,0.00067
8.65441,0.48529,0.99138,0.00069,0.00649,0.00143
8.75735,0.48529,0.29284,0.00107,0.70527,0.00081
8.86029,0.48529,0.07416,0.00032,0.92501,0.00051
8.96323,0.48529,0.06184,0.00023,0.93754,0.00039
9.06618,0.48529,0.05627,0.00026,0.94303,0.00044
9.16912,0.48529,0.06230,0.00032,0.93686,0.00052
9.27206,0.48529,0.06098,0.00031,0.93818,0.00054
9.37500,0.48529,0.06062,0.00024,0.93863,0.00051
9.47794,0.48529,0.10833,0.00027,0.89077,0.00063
9.58088,0.48529,0.60590,0.00020,0.39295,0.00095
9.68382,0.48529,0.99978,0.00000,0.00015,0.00007
9.78677,0.48529,0.99808,0.00000,0.00046,0.00146
9.88971,0.48529,0.99754,0.00025,0.00190,0.00031
9.99265,0.48529,0.40429,0.00050,0.00284,0.59237
10.09559,0.48529,0.12333,0.00055,0.00004,0.87608
10.19853,0.48529,0.12407,0.00106,0.00014,0.87473
10.30147,0.48529,0.56110,0.00003,0.00001,0.43886
10.40441,0.48529,0.99986,0.00000,0.00005,0.00009
10.50735,0.48529,0.99004,0.00000,0.00869,0.00127
10.61029,0.48529,0.97209,0.00000,0.02721,0.00069
10.71323,0.48529,0.99998,0.00000,0.00001,0.00001
10.81618,0.48529,0.22846,0.00069,0.76968,0.00117
10.91912,0.48529,0.08116,0.00026,0.91785,0.00072
11.02206,0.48529,0.06082,0.00016,0.93861,0.00041
11.12500,0.48529,0.06003,0.00016,0.93941,0.00040
11.22794,0.48529,0.05471,0.00015,0.94480,0.00034
11.33088,0.48529,0.05926,0.00019,0.94014,0.00041
11.43382,0.48529,0.07064,0.00027,0.92849,0.00060
11.53677,0.48529,0.07500,0.00026,0.92415,0.00059
11.63971,0.48529,0.09919,0.00031,0.89970,0.00080
11.74265,0.48529,0.26159,0.00031,0.73702,0.00108
11.84559,0.48529,0.86497,0.00006,0.13399,0.00099
11.94853,0.48529,0.99738,0.00001,0.00140,0.00121
12.05147,0.48529,0.96971,0.00072,0.02630,0.00326
12.15441,0.48529,0.99743,0.00117,0.00072,0.00068
12.25735,0.48529,0.52397,0.00337,0.00140,0.47126
12.36029,0.48529,0.04516,0.00041,0.00004,0.95439
12.46323,0.48529,0.03528,0.00158,0.00010,0.96303
12.56618,0.48529,0.98863,0.00002,0.00000,0.01135
12.66912,0.48529,0.99937,0.00000,0.00042,0.00021
12.77206,0.48529,0.99802,0.00001,0.00114,0.00083
12.87500,0.48529,0.99569,0.00004,0.00407,0.00019
12.97794,0.48529,0.63818,0.00180,0.35908,0.00094
13.08088,0.48529,0.15523,0.00051,0.84350,0.00076
13.18382,0.48529,0.05830,0.00018,0.94104,0.00048
13.28677,0.48529,0.05466,0.00017,0.94476,0.00040
13.38971,0.48529,0.05756,0.00015,0.94193,0.00035
13.49265,0.48529,0.06685,0.00020,0.93251,0.00044
13.59559,0.48529,0.14931,0.00031,0.84967,0.00071
13.69853,0.48529,0.54731,0.00022,0.45112,0.00135
13.80147,0.48529,0.96177,0.00002,0.03762,0.00060
13.90441,0.48529,0.99423,0.00001,0.00165,0.00411
14.00735,0.48529,0.98143,0.00050,0.01693,0.00114
14.11029,0.48529,0.97819,0.00147,0.01484,0.00550
14.21323,0.48529,0.74435,0.01116,0.00066,0.24382
14.31618,0.48529,0.03942,0.00030,0.00002,0.96026
14.41912,0.48529,0.08385,0.00067,0.00009,0.91539
14.52206,0.48529,0.08172,0.00069,0.00009,0.91750
14.62500,0.48529,0.08284,0.00068,0.00009,0.91639
14.72794,0.48529,0.08550,0.00067,0.00009,0.91375
14.83088,0.48529,0.08838,0.00067,0.00007,0.91088
14.93382,0.48529,0.47459,0.00015,0.00001,0.52526
15.03677,0.48529,0.99973,0.00000,0.00014,0.00013
15.13971,0.48529,0.99509,0.00000,0.00396,0.00095
15.24265,0.48529,0.96835,0.00001,0.03106,0.00058
15.34559,0.48529,0.99996,0.00000,0.00002,0.00002
15.44853,0.48529,0.18788,0.00059,0.81071,0.00082
15.55147,0.48529,0.07563,0.00022,0.92369,0.00046
15.65441,0.48529,0.05957,0.00020,0.93978,0.00045
15.75735,0.48529,0.05810,0.00018,0.94129,0.00043
15.86029,0.48529,0.06316,0.00022,0.93609,0.00052
15.96323,0.48530,0.09230,0.00028,0.90673,0.00069
16.06618,0.48529,0.22280,0.00025,0.77619,0.00076
16.16912,0.48529,0.70448,0.00012,0.29424,0.00116
16.27206,0.48529,0.99965,0.00000,0.00022,0.00013
16.37500,0.48529,0.99974,0.00000,0.00023,0.00003
16.47794,0.48529,0.99770,0.00011,0.00118,0.00100
16.58088,0.48529,0.67141,0.00084,0.00520,0.32255
16.68382,0.48529,0.41735,0.00002,0.00001,0.58262
16.78676,0.48529,0.08321,0.00065,0.00007,0.91608
16.88971,0.48529,0.06625,0.00037,0.00003,0.93335
16.99265,0.48529,0.99613,0.00002,0.00010,0.00375
17.09559,0.48529,0.99993,0.00000,0.00006,0.00001
17.19853,0.48529,0.98310,0.00000,0.01640,0.00050
17.30147,0.48529,0.99961,0.00006,0.00032,0.00001
17.40441,0.48529,0.13733,0.00032,0.86100,0.00135
17.50735,0.48529,0.09393,0.00040,0.90460,0.00108
17.61029,0.48529,0.07759,0.00019,0.92165,0.00057
17.71324,0.48529,0.07858,0.00022,0.92053,0.00067
17.81618,0.48529,0.08138,0.00023,0.91776,0.00063
17.91912,0.48529,0.08141,0.00024,0.91764,0.00071
18.02206,0.48529,0.09504,0.00030,0.90382,0.00084
18.12500,0.48529,0.18001,0.00039,0.81824,0.00136
18.22794,0.48529,0.33701,0.00031,0.66094,0.00174
18.33088,0.48529,0.76110,0.00014,0.23690,0.00187
18.43382,0.48529,0.99958,0.00000,0.00028,0.00014
18.53676,0.48529,0.99828,0.00004,0.00104,0.00063
18.63971,0.48529,0.99785,0.00017,0.00180,0.00018
18.74265,0.48529,0.63361,0.01111,0.00273,0.35255
18.84559,0.48529,0.08570,0.00050,0.00006,0.91374
18.94853,0.48529,0.12989,0.00103,0.00014,0.86893
19.05147,0.48529,0.54014,0.00044,0.00001,0.45940
19.15441,0.48529,0.99967,0.00000,0.00011,0.00022
19.25735,0.48529,0.99779,0.00001,0.00095,0.00126
19.36029,0.48529,0.99947,0.00000,0.00048,0.00004
19.46324,0.48529,0.99029,0.00025,0.00913,0.00033
19.56618,0.48529,0.18491,0.00055,0.81352,0.00101
19.66912,0.48529,0.08122,0.00027,0.91776,0.00075
19.77206,0.48529,0.06432,0.00019,0.93496,0.00053
19.87500,0.48529,0.06340,0.00018,0.93598,0.00045
19.97794,0.48529,0.06913,0.00017,0.93028,0.00042
20.08088,0.48529,0.09656,0.00020,0.90272,0.00053
20.18382,0.48529,0.20614,0.00031,0.79257,0.00098
20.28676,0.48529,0.48209,0.00026,0.51598,0.00168
20.38971,0.48529,0.73211,0.00020,0.26536,0.00232
20.49265,0.48529,0.99834,0.00001,0.00094,0.00071
20.59559,0.48529,0.99825,0.00000,0.00146,0.00029
20.69853,0.48529,0.99765,0.00011,0.00140,0.00083
20.80147,0.48529,0.87338,0.00159,0.00458,0.12045
20.90441,0.48529,0.30414,0.00006,0.00004,0.69576
21.00735,0.48529,0.08318,0.00067,0.00007,0.91609
21.11029,0.48529,0.35657,0.00003,0.00001,0.64340
21.21324,0.48529,0.99991,0.00000,0.00002,0.00007
21.31618,0.48529,0.99339,0.00000,0.00469,0.00192
21.41912,0.48529,0.98748,0.00000,0.01219,0.00033
21.52206,0.48529,0.99998,0.00000,0.00001,0.00001
21.62500,0.48529,0.25062,0.00062,0.74809,0.00068
21.72794,0.48529,0.07634,0.00024,0.92284,0.00058
21.83088,0.48529,0.06859,0.00024,0.93054,0.00062
21.93382,0.48529,0.07757,0.00024,0.92158,0.00061
22.03676,0.48529,0.10596,0.00030,0.89289,0.00086
22.13971,0.48529,0.27652,0.00034,0.72200,0.00114
22.24265,0.48529,0.49480,0.00021,0.50361,0.00139
22.34559,0.48529,0.83299,0.00010,0.16539,0.00152
22.44853,0.48529,0.99504,0.00000,0.00471,0.00025
22.55147,0.48529,0.99910,0.00000,0.00085,0.00005
22.65441,0.48529,0.99826,0.00009,0.00104,0.00060
22.75735,0.48529,0.72737,0.00103,0.00458,0.26703
22.86029,0.48529,0.43483,0.00001,0.00001,0.56514
22.96324,0.48529,0.08560,0.00070,0.00007,0.91362
23.06618,0.48529,0.04594,0.00130,0.00008,0.95268
23.16912,0.48529,0.96210,0.00007,0.00001,0.03781
23.27206,0.48529,0.99935,0.00000,0.00024,0.00041
23.37500,0.48529,0.99599,0.00001,0.00310,0.00090
23.47794,0.48529,0.99812,0.00001,0.00182,0.00005
23.58088,0.48529,0.71150,0.00185,0.28578,0.00087
23.68382,0.48529,0.12886,0.00040,0.87002,0.00072
23.78676,0.48529,0.06844,0.00020,0.93092,0.00044
23.88971,0.48529,0.06066,0.00018,0.93874,0.00043
23.99265,0.48529,0.06716,0.00019,0.93219,0.00046
24.09559,0.48529,0.09223,0.00026,0.90687,0.00064
24.19853,0.48529,0.16261,0.00033,0.83622,0.00085
24.30147,0.48529,0.44554,0.00032,0.55240,0.00174
24.40441,0.48529,0.78217,0.00012,0.21609,0.00162
24.50735,0.48529,0.99962,0.00000,0.00022,0.00016
24.61029,0.48529,0.99980,0.00000,0.00018,0.00002
24.71324,0.48529,0.99767,0.00010,0.00131,0.00093
24.81618,0.48529,0.70761,0.00097,0.00584,0.28559
24.91912,0.48529,0.37968,0.00003,0.00001,0.62027
25.02206,0.48529,0.08102,0.00072,0.00008,0.91818
25.12500,0.48529,0.05856,0.00081,0.00011,0.94052
25.22794,0.48529,0.99842,0.00003,0.00001,0.00154
25.33088,0.48529,0.99926,0.00000,0.00047,0.00027
25.43382,0.48529,0.98219,0.00001,0.01200,0.00580
25.53676,0.48529,0.99744,0.00003,0.00243,0.00010
25.63971,0.48529,0.65560,0.00180,0.34174,0.00086
25.74265,0.48529,0.17279,0.00056,0.82581,0.00084
25.84559,0.48529,0.05926,0.00017,0.94009,0.00047
25.94853,0.48529,0.05896,0.00017,0.94041,0.00046
26.05147,0.48529,0.06056,0.00017,0.93890,0.00038
26.15441,0.48529,0.07140,0.00018,0.92801,0.00041
26.25735,0.48529,0.10638,0.00022,0.89282,0.00058
26.36029,0.48529,0.26993,0.00033,0.72866,0.00107
26.46324,0.48529,0.60353,0.00022,0.39455,0.00169
26.56618,0.48529,0.95468,0.00003,0.04449,0.00080
26.66912,0.48529,0.99691,0.00003,0.00088,0.00217
26.77206,0.48529,0.94113,0.00167,0.05331,0.00389
26.87500,0.48529,0.99636,0.00154,0.00106,0.00104
26.97794,0.48529,0.52084,0.00235,0.00041,0.47640
27.08088,0.48529,0.04557,0.00047,0.00001,0.95396
27.18382,0.48529,0.08893,0.00077,0.00008,0.91021
27.28676,0.48529,0.87418,0.00004,0.00002,0.12576
27.38971,0.48529,0.99930,0.00000,0.00029,0.00040
27.49265,0.48529,0.99612,0.00001,0.00304,0.00083
27.59559,0.48529,0.99940,0.00000,0.00056,0.00003
27.69853,0.48529,0.92198,0.00104,0.07648,0.00049
27.80147,0.48529,0.17283,0.00051,0.82597,0.00069
27.90441,0.48529,0.06866,0.00023,0.93062,0.00048
28.00735,0.48529,0.05580,0.00017,0.94363,0.00039
28.11029,0.48529,0.06315,0.00024,0.93609,0.00052
28.21324,0.48529,0.06192,0.00024,0.93727,0.00057
28.31618,0.48529,0.07105,0.00019,0.92833,0.00043
28.41912,0.48529,0.11850,0.00023,0.88066,0.00060
28.52206,0.48529,0.35982,0.00030,0.63885,0.00103
28.62500,0.48529,0.89134,0.00006,0.10753,0.00107
28.72794,0.48529,0.99892,0.00003,0.00053,0.00052
28.83088,0.48529,0.99214,0.00008,0.00646,0.00132
28.93382,0.48529,0.99472,0.00193,0.00262,0.00074
29.03676,0.48529,0.65461,0.00530,0.00243,0.33767
29.13971,0.48529,0.04446,0.00056,0.00003,0.95494
29.24265,0.48529,0.09764,0.00075,0.00007,0.90154
29.34559,0.48529,0.43800,0.00017,0.00000,0.56183
29.44853,0.48529,0.99973,0.00000,0.00001,0.00026
29.55147,0.48529,0.99932,0.00000,0.00047,0.00021
29.65441,0.48529,0.99964,0.00000,0.00031,0.00005
29.75735,0.48529,0.99866,0.00005,0.00118,0.00011
29.86029,0.48529,0.14627,0.00043,0.85274,0.00056
29.96324,0.48529,0.06361,0.00020,0.93580,0.00039
30.06618,0.48529,0.05581,0.00018,0.94365,0.00037
30.16912,0.48529,0.05793,0.00020,0.94147,0.00040
30.27206,0.48529,0.06340,0.00026,0.93585,0.00050
30.37500,0.48529,0.06627,0.00023,0.93302,0.00048
30.47794,0.48529,0.09167,0.00030,0.90734,0.00069
30.58088,0.48529,0.16563,0.00039,0.83301,0.00097
30.68382,0.48529,0.42343,0.00025,0.57522,0.00110
30.78676,0.48529,0.83064,0.00008,0.16816,0.00112
30.88971,0.48529,0.99919,0.00000,0.00014,0.00067
30.99265,0.48529,0.96601,0.00047,0.03155,0.00198
31.09559,0.48529,0.99891,0.00035,0.00056,0.00018
31.19853,0.48529,0.43566,0.00165,0.00078,0.56191
31.30147,0.48529,0.06080,0.00037,0.00007,0.93876
31.40441,0.48529,0.49384,0.00003,0.00001,0.50612
31.50735,0.48529,0.99987,0.00000,0.00005,0.00007
31.61029,0.48529,0.99049,0.00000,0.00838,0.00112
31.71324,0.48529,0.97295,0.00000,0.02660,0.00045
31.81618,0.48529,0.99998,0.00000,0.00001,0.00001
31.91912,0.48529,0.26698,0.00080,0.73138,0.00084
32.02206,0.48529,0.07690,0.00023,0.92237,0.00050
32.12500,0.48529,0.05521,0.00016,0.94427,0.00037
32.22794,0.48529,0.05532,0.00016,0.94419,0.00033
32.33088,0.48529,0.06559,0.00019,0.93378,0.00044
32.43382,0.48529,0.08945,0.00026,0.90968,0.00061
32.53677,0.48529,0.12547,0.00034,0.87332,0.00086
32.63971,0.48529,0.24149,0.00058,0.75646,0.00147
32.74265,0.48529,0.43492,0.00027,0.56322,0.00159
32.84559,0.48529,0.89749,0.00005,0.10122,0.00123
32.94853,0.48529,0.98946,0.00005,0.00316,0.00734
33.05147,0.48529,0.98809,0.00017,0.01064,0.00109
33.15441,0.48529,0.98891,0.00137,0.00285,0.00687
33.25735,0.48529,0.48712,0.00030,0.00039,0.51219
33.36029,0.48529,0.02368,0.00022,0.00000,0.97610
33.46323,0.48529,0.30443,0.00003,0.00001,0.69553
33.56618,0.48529,0.99984,0.00000,0.00003,0.00013
33.66912,0.48529,0.99236,0.00000,0.00482,0.00282
33.77206,0.48529,0.99118,0.00000,0.00848,0.00034
33.87500,0.48529,0.99997,0.00000,0.00001,0.00001
33.97794,0.48529,0.31395,0.00086,0.68439,0.00080
34.08088,0.48529,0.07324,0.00025,0.92599,0.00052
34.18382,0.48529,0.05690,0.00019,0.94245,0.00047
34.28677,0.48529,0.05685,0.00017,0.94259,0.00039
34.38971,0.48529,0.05919,0.00018,0.94026,0.00037
34.49265,0.48529,0.07893,0.00019,0.92042,0.00046
34.59559,0.48529,0.15227,0.00028,0.84667,0.00078
34.69853,0.48529,0.45180,0.00029,0.54656,0.00135
34.80147,0.48529,0.89909,0.00008,0.09957,0.00126
34.90441,0.48529,0.99721,0.00005,0.00043,0.00231
35.00735,0.48529,0.97894,0.00078,0.01408,0.00620
35.11029,0.48529,0.98911,0.00031,0.00641,0.00417
35.21323,0.48529,0.70215,0.00173,0.00029,0.29583
35.31618,0.48529,0.03911,0.00012,0.00001,0.96077
35.41912,0.48529,0.04531,0.00148,0.00013,0.95309
35.52206,0.48529,0.98848,0.00009,0.00002,0.01141
35.62500,0.48529,0.99872,0.00000,0.00057,0.00071
35.72794,0.48529,0.99532,0.00000,0.00207,0.00260
35.83088,0.48529,0.99739,0.00001,0.00247,0.00013
35.93382,0.48529,0.81725,0.00213,0.18003,0.00058
36.03677,0.48529,0.18705,0.00052,0.81184,0.00060
36.13971,0.48529,0.06865,0.00018,0.93077,0.00041
36.24265,0.48529,0.05912,0.00020,0.94022,0.00046
36.34559,0.48529,0.06863,0.00023,0.93063,0.00051
36.44853,0.48529,0.09429,0.00029,0.90471,0.00071
36.55147,0.48529,0.18423,0.00040,0.81434,0.00104
36.65441,0.48529,0.31933,0.00033,0.67910,0.00123
36.75735,0.48529,0.61371,0.00019,0.38436,0.00174
36.86029,0.48529,0.99976,0.00000,0.00013,0.00011
36.96323,0.48529,0.98816,0.00002,0.00924,0.00257
37.06618,0.48529,0.99558,0.00006,0.00415,0.00021
37.16912,0.48529,0.71738,0.00169,0.00974,0.27119
37.27206,0.48529,0.10695,0.00079,0.00012,0.89214
37.37500,0.48529,0.10227,0.00219,0.00068,0.89486
37.47794,0.48529,0.99839,0.00003,0.00002,0.00156
37.58088,0.48529,0.99888,0.00000,0.00083,0.00029
37.68382,0.48529,0.98630,0.00001,0.00835,0.00534
37.78677,0.48529,0.99738,0.00003,0.00248,0.00011
37.88971,0.48529,0.61748,0.00175,0.37970,0.00108
37.99265,0.48529,0.12380,0.00038,0.87506,0.00076
38.09559,0.48529,0.06960,0.00021,0.92966,0.00053
38.19853,0.48529,0.05511,0.00015,0.94438,0.00036
38.30147,0.48529,0.06014,0.00016,0.93931,0.00038
38.40441,0.48529,0.08376,0.00027,0.91535,0.00062
38.50735,0.48529,0.11373,0.00031,0.88514,0.00081
38.61029,0.48529,0.28023,0.00033,0.71821,0.00123
38.71323,0.48529,0.59284,0.00018,0.40518,0.00181
38.81618,0.48529,0.97520,0.00002,0.02425,0.00054
38.91912,0.48529,0.98513,0.00002,0.00501,0.00983
39.02206,0.48529,0.99281,0.00051,0.00538,0.00129
39.12500,0.48529,0.97594,0.00068,0.01382,0.00956
39.22794,0.48529,0.73821,0.00475,0.00048,0.25656
39.33088,0.48529,0.03507,0.00020,0.00001,0.96473
39.43382,0.48529,0.09301,0.00072,0.00007,0.90619
39.53677,0.48529,0.67322,0.00187,0.00001,0.32490
39.63971,0.48529,0.99990,0.00000,0.00001,0.00009
39.74265,0.48529,0.99968,0.00000,0.00028,0.00004
39.84559,0.48529,0.99976,0.00000,0.00021,0.00002
39.94853,0.48529,0.99965,0.00001,0.00032,0.00003
40.05147,0.48529,0.26350,0.00083,0.73415,0.00152
40.15441,0.48529,0.09482,0.00029,0.90404,0.00085
40.25735,0.48529,0.08273,0.00026,0.91625,0.00076
40.36029,0.48529,0.11716,0.00027,0.88175,0.00081
40.46323,0.48529,0.20975,0.00028,0.78900,0.00097
40.56618,0.48529,0.55882,0.00019,0.43926,0.00173
40.66912,0.48529,0.97966,0.00001,0.02000,0.00034
40.77206,0.48529,0.99503,0.00002,0.00196,0.00299
40.87500,0.48529,0.95372,0.00470,0.03372,0.00786
40.97794,0.48529,0.97143,0.00162,0.00320,0.02374
41.08088,0.48529,0.45423,0.00077,0.00012,0.54488
41.18382,0.48529,0.06298,0.00053,0.00003,0.93647
41.28677,0.48529,0.08686,0.00069,0.00007,0.91238
41.38971,0.48529,0.05042,0.00123,0.00008,0.94827
41.49265,0.48529,0.96776,0.00005,0.00002,0.03218
41.59559,0.48529,0.99960,0.00000,0.00036,0.00004
41.69853,0.48529,0.99549,0.00000,0.00396,0.00054
41.80147,0.48529,0.99642,0.00001,0.00350,0.00007
41.90441,0.48529,0.32534,0.00087,0.67230,0.00149
42.00735,0.48529,0.17935,0.00054,0.81922,0.00088
42.11029,0.48529,0.09520,0.00024,0.90403,0.00053
42.21323,0.48529,0.07015,0.00020,0.92917,0.00048
42.31618,0.48529,0.06272,0.00017,0.93669,0.00042
42.41912,0.48529,0.06185,0.00021,0.93745,0.00049
42.52206,0.48529,0.06424,0.00023,0.93495,0.00058
42.62500,0.48529,0.06239,0.00021,0.93685,0.00054
42.72794,0.48529,0.06564,0.00021,0.93361,0.00055
42.83088,0.48529,0.06316,0.00021,0.93611,0.00052
42.93382,0.48529,0.06510,0.00019,0.93423,0.00047
43.03677,0.48529,0.06435,0.00017,0.93504,0.00044
43.13971,0.48529,0.06373,0.00018,0.93565,0.00043
43.24265,0.48529,0.07207,0.00026,0.92706,0.00061
43.34559,0.48529,0.07110,0.00023,0.92810,0.00057
43.44853,0.48529,0.07564,0.00028,0.92336,0.00071
43.55147,0.48529,0.14911,0.00038,0.84950,0.00102
43.65441,0.48529,0.41937,0.00020,0.57930,0.00113
43.75735,0.48529,0.93033,0.00003,0.06887,0.00077
43.86029,0.48529,0.99708,0.00004,0.00052,0.00236
43.96323,0.48529,0.99720,0.00010,0.00243,0.00026
44.06618,0.48529,0.99390,0.00183,0.00177,0.00250
44.16912,0.48529,0.44804,0.00018,0.00018,0.55160
44.27206,0.48529,0.03594,0.00047,0.00000,0.96359
44.37500,0.48529,0.73119,0.00008,0.00001,0.26871
44.47794,0.48529,0.99914,0.00000,0.00032,0.00054
44.58088,0.48529,0.99872,0.00001,0.00069,0.00058
44.68382,0.48529,0.99982,0.00000,0.00016,0.00001
44.78677,0.48529,0.95336,0.00055,0.04556,0.00052
44.88971,0.48529,0.18547,0.00057,0.81324,0.00073
44.99265,0.48529,0.05950,0.00017,0.93990,0.00042
45.09559,0.48529,0.05195,0.00016,0.94753,0.00036
45.19853,0.48529,0.05620,0.00018,0.94329,0.00034
45.30147,0.48529,0.05689,0.00020,0.94251,0.00040
45.40441,0.48529,0.05777,0.00023,0.94155,0.00045
45.50735,0.48529,0.05813,0.00022,0.94119,0.00046
45.61029,0.48529,0.05850,0.00021,0.94083,0.00045
45.71323,0.48529,0.06285,0.00025,0.93637,0.00053
45.81618,0.48529,0.05775,0.00021,0.94158,0.00046
45.91912,0.48529,0.05475,0.00019,0.94465,0.00041
46.02206,0.48529,0.05550,0.00019,0.94393,0.00038
46.12500,0.48529,0.05609,0.00016,0.94340,0.00034
46.22794,0.48529,0.06146,0.00020,0.93791,0.00043
46.33088,0.48529,0.09781,0.00032,0.90119,0.00068
46.43382,0.48529,0.28655,0.00039,0.71185,0.00120
46.53677,0.48529,0.76718,0.00010,0.23154,0.00118
46.63971,0.48529,0.99975,0.00000,0.00013,0.00012
46.74265,0.48529,0.99867,0.00007,0.00056,0.00070
46.84559,0.48529,0.99611,0.00047,0.00223,0.00119
46.94853,0.48529,0.52552,0.00631,0.00213,0.46604
47.05147,0.48529,0.06768,0.00058,0.00003,0.93171
47.15441,0.48529,0.08234,0.00057,0.00007,0.91701
47.25735,0.48529,0.09732,0.00071,0.00007,0.90190
47.36029,0.48529,0.47310,0.00008,0.00000,0.52682
47.46323,0.48529,0.99853,0.00000,0.00005,0.00142
47.56618,0.48529,0.99968,0.00000,0.00024,0.00008
47.66912,0.48529,0.99766,0.00000,0.00187,0.00047
47.77206,0.48529,0.99591,0.00022,0.00277,0.00110
47.87500,0.48529,0.27637,0.00082,0.72201,0.00080
47.97794,0.48529,0.09735,0.00033,0.90174,0.00057
48.08088,0.48529,0.05480,0.00019,0.94453,0.00048
48.18382,0.48529,0.05959,0.00020,0.93973,0.00048
48.28677,0.48529,0.05414,0.00017,0.94530,0.00039
48.38971,0.48529,0.05508,0.00017,0.94442,0.00033
48.49265,0.48529,0.06128,0.00024,0.93804,0.00045
48.59559,0.48529,0.05891,0.00020,0.94052,0.00036
48.69853,0.48529,0.05907,0.00022,0.94025,0.00046
48.80147,0.48529,0.06197,0.00026,0.93725,0.00053
48.90441,0.48529,0.06115,0.00025,0.93812,0.00048
49.00735,0.48529,0.06021,0.00022,0.93907,0.00050
49.11029,0.48529,0.05582,0.00017,0.94360,0.00041
49.21323,0.48529,0.05968,0.00022,0.93958,0.00052
49.31618,0.48529,0.05395,0.00015,0.94557,0.00032
49.41912,0.48529,0.05564,0.00016,0.94387,0.00032
49.52206,0.48529,0.05765,0.00019,0.94175,0.00041
49.62500,0.48529,0.05694,0.00019,0.94244,0.00044
49.72794,0.48529,0.05976,0.00022,0.93953,0.00049
49.83088,0.48529,0.06700,0.00026,0.93214,0.00059
49.93382,0.48529,0.06953,0.00026,0.92961,0.00061
50.03677,0.48529,0.07343,0.00022,0.92579,0.00056
50.13971,0.48529,0.09283,0.00023,0.90634,0.00060
50.24265,0.48529,0.13522,0.00023,0.86387,0.00067
50.34559,0.48529,0.37978,0.00025,0.61863,0.00134
50.44853,0.48529,0.82786,0.00009,0.17064,0.00141
50.55147,0.48529,0.99229,0.00001,0.00731,0.00040
50.65441,0.48529,0.99576,0.00000,0.00340,0.00084
50.75735,0.48529,0.99763,0.00010,0.00108,0.00119
50.86029,0.48529,0.68044,0.00161,0.00123,0.31672
50.96323,0.48529,0.34943,0.00003,0.00003,0.65052
51.06618,0.48529,0.09517,0.00077,0.00008,0.90399
51.16912,0.48529,0.61376,0.00005,0.00000,0.38619
51.27206,0.48529,0.99959,0.00000,0.00003,0.00038
51.37500,0.48529,0.99780,0.00000,0.00203,0.00017
51.47794,0.48529,0.99956,0.00000,0.00043,0.00001
51.58088,0.48529,0.99990,0.00000,0.00008,0.00001
51.68382,0.48529,0.14313,0.00047,0.85581,0.00059
51.78677,0.48529,0.06706,0.00021,0.93233,0.00040
51.88971,0.48529,0.05581,0.00019,0.94361,0.00038
51.99265,0.48529,0.05881,0.00022,0.94050,0.00047
52.09559,0.48529,0.05558,0.00020,0.94381,0.00041
52.19853,0.48529,0.06062,0.00024,0.93861,0.00054
52.30147,0.48529,0.05893,0.00021,0.94040,0.00046
52.40441,0.48529,0.05670,0.00020,0.94267,0.00043
52.50735,0.48529,0.05655,0.00020,0.94288,0.00037
52.61029,0.48529,0.05683,0.00020,0.94253,0.00043
52.71323,0.48529,0.05743,0.00019,0.94200,0.00038
52.81618,0.48529,0.05822,0.00021,0.94110,0.00047
52.91912,0.48529,0.06169,0.00023,0.93762,0.00047
53.02206,0.48529,0.05897,0.00024,0.94028,0.00051
53.12500,0.48529,0.05972,0.00022,0.93957,0.00049
53.22794,0.48529,0.05665,0.00020,0.94270,0.00046
53.33088,0.48529,0.05561,0.00016,0.94389,0.00035
53.43382,0.48529,0.05800,0.00020,0.94140,0.00041
53.53677,0.48529,0.05695,0.00018,0.94249,0.00038
53.63971,0.48529,0.06261,0.00024,0.93665,0.00050
53.74265,0.48529,0.07045,0.00029,0.92865,0.00062
53.84559,0.48529,0.08621,0.00027,0.91289,0.00063
53.94853,0.48529,0.14776,0.00033,0.85101,0.00090
54.05147,0.48529,0.53994,0.00023,0.45853,0.00130
54.15441,0.48529,0.99981,0.00000,0.00003,0.00015
54.25735,0.48529,0.99855,0.00000,0.00125,0.00019
54.36029,0.48529,0.99662,0.00004,0.00187,0.00146
54.46323,0.48529,0.76584,0.00068,0.00342,0.23006
54.56618,0.48529,0.21097,0.00010,0.00001,0.78892
54.66912,0.48529,0.03637,0.00137,0.00007,0.96219
54.77206,0.48529,0.99306,0.00002,0.00000,0.00692
54.87500,0.48529,0.99918,0.00000,0.00052,0.00029
54.97794,0.48529,0.99811,0.00001,0.00100,0.00089
55.08088,0.48529,0.99649,0.00003,0.00331,0.00016
55.18382,0.48529,0.70660,0.00207,0.29040,0.00093
55.28677,0.48529,0.11772,0.00038,0.88128,0.00061
55.38971,0.48529,0.05851,0.00019,0.94083,0.00047
55.49265,0.48529,0.05547,0.00017,0.94398,0.00038
55.59559,0.48529,0.05187,0.00015,0.94766,0.00032
55.69853,0.48529,0.05589,0.00018,0.94358,0.00035
55.80147,0.48529,0.06016,0.00020,0.93923,0.00041
55.90441,0.48529,0.05878,0.00021,0.94055,0.00045
56.00735,0.48529,0.06120,0.00022,0.93811,0.00047
56.11029,0.48529,0.05784,0.00024,0.94140,0.00053
56.21323,0.48529,0.05796,0.00020,0.94139,0.00045
56.31618,0.48529,0.05697,0.00019,0.94234,0.00050
56.41912,0.48529,0.05569,0.00016,0.94377,0.00038
56.52206,0.48529,0.05509,0.00017,0.94439,0.00035
56.62500,0.48529,0.05375,0.00016,0.94576,0.00033
56.72794,0.48529,0.05544,0.00018,0.94397,0.00041
56.83088,0.48529,0.06219,0.00024,0.93708,0.00049
56.93382,0.48529,0.06012,0.00023,0.93917,0.00049
57.03677,0.48529,0.06295,0.00024,0.93627,0.00054
57.13971,0.48529,0.06506,0.00023,0.93415,0.00056
57.24265,0.48529,0.07309,0.00020,0.92620,0.00051
57.34559,0.48529,0.09811,0.00026,0.90104,0.00059
57.44853,0.48529,0.24757,0.00026,0.75130,0.00087
57.55147,0.48529,0.59274,0.00018,0.40563,0.00145
57.65441,0.48529,0.99834,0.00001,0.00132,0.00034
57.75735,0.48529,0.99948,0.00000,0.00050,0.00002
57.86029,0.48529,0.99846,0.00006,0.00104,0.00044
57.96323,0.48529,0.77737,0.00030,0.00864,0.21369
58.06618,0.48529,0.47360,0.00001,0.00001,0.52638
58.16912,0.48529,0.10645,0.00015,0.00001,0.89339
58.27206,0.48529,0.99719,0.00008,0.00005,0.00268
58.37500,0.48529,0.99100,0.00000,0.00770,0.00129
58.47794,0.48529,0.98632,0.00001,0.01240,0.00127
58.58088,0.48529,0.99082,0.00044,0.00692,0.00181
58.68382,0.48529,0.53042,0.00131,0.46759,0.00068
58.78677,0.48529,0.10909,0.00038,0.88998,0.00055
58.88971,0.48529,0.06000,0.00019,0.93943,0.00038
58.99265,0.48529,0.05794,0.00020,0.94143,0.00043
59.09559,0.48529,0.06096,0.00026,0.93830,0.00049
59.19853,0.48529,0.06033,0.00024,0.93890,0.00053
59.30147,0.48529,0.05851,0.00020,0.94085,0.00044
59.40441,0.48529,0.06064,0.00022,0.93861,0.00053
59.50735,0.48529,0.06234,0.00026,0.93692,0.00048
59.61029,0.48529,0.05155,0.00015,0.94799,0.00031
59.71323,0.48529,0.05404,0.00017,0.94541,0.00037
59.81618,0.48529,0.06068,0.00021,0.93868,0.00042
59.91912,0.48529,0.06124,0.00023,0.93807,0.00046
60.02206,0.48529,0.06514,0.00025,0.93406,0.00055
60.12500,0.48529,0.07184,0.00024,0.92734,0.00058
60.22794,0.48529,0.10727,0.00035,0.89153,0.00085
60.33088,0.48529,0.26005,0.00034,0.73858,0.00104
60.43382,0.48529,0.55142,0.00020,0.44704,0.00134
60.53677,0.48529,0.99923,0.00000,0.00046,0.00030
60.63971,0.48529,0.99501,0.00001,0.00342,0.00156
60.74265,0.48529,0.99484,0.00016,0.00303,0.00197
60.84559,0.48529,0.82026,0.00106,0.00494,0.17374
60.94853,0.48529,0.26589,0.00009,0.00006,0.73396
61.05147,0.48529,0.08101,0.00064,0.00008,0.91827
61.15441,0.48529,0.03960,0.00154,0.00009,0.95877
61.25735,0.48529,0.99532,0.00001,0.00000,0.00467
61.36029,0.48529,0.99830,0.00000,0.00149,0.00021
61.46323,0.48529,0.99947,0.00000,0.00038,0.00015
61.56618,0.48529,0.99929,0.00000,0.00068,0.00002
61.66912,0.48529,0.50628,0.00161,0.49088,0.00123
61.77206,0.48529,0.13635,0.00046,0.86255,0.00064
61.87500,0.48529,0.05840,0.00016,0.94103,0.00041
61.97794,0.48529,0.05610,0.00016,0.94339,0.00035
62.08088,0.48529,0.05843,0.00020,0.94098,0.00040
62.18382,0.48529,0.05772,0.00022,0.94167,0.00040
62.28677,0.48529,0.05837,0.00023,0.94094,0.00046
62.38971,0.48529,0.05806,0.00022,0.94129,0.00043
62.49265,0.48529,0.06286,0.00024,0.93638,0.00052
62.59559,0.48529,0.05693,0.00019,0.94244,0.00044
62.69853,0.48529,0.05811,0.00020,0.94123,0.00045
62.80147,0.48529,0.05889,0.00020,0.94052,0.00039
62.90441,0.48529,0.05477,0.00017,0.94470,0.00037
63.00735,0.48529,0.05839,0.00018,0.94106,0.00038
63.11029,0.48529,0.06239,0.00022,0.93691,0.00047
63.21323,0.48529,0.06219,0.00019,0.93719,0.00043
63.31618,0.48529,0.10188,0.00035,0.89699,0.00079
63.41912,0.48529,0.22916,0.00037,0.76936,0.00110
63.52206,0.48529,0.67407,0.00016,0.32450,0.00128
63.62500,0.48529,0.99966,0.00000,0.00019,0.00015
63.72794,0.48529,0.99752,0.00008,0.00077,0.00163
63.83088,0.48529,0.99516,0.00055,0.00299,0.00130
63.93382,0.48530,0.46347,0.00621,0.00724,0.52309
64.03677,0.48529,0.08179,0.00056,0.00005,0.91761
64.13971,0.48529,0.39380,0.00089,0.00001,0.60530
64.24265,0.48530,0.99989,0.00000,0.00001,0.00010
64.34559,0.48529,0.99904,0.00000,0.00058,0.00037
64.44853,0.48529,0.99971,0.00000,0.00027,0.00002
64.55147,0.48530,0.99950,0.00002,0.00044,0.00003
64.65441,0.48530,0.18952,0.00055,0.80933,0.00060
64.75735,0.48529,0.06811,0.00022,0.93114,0.00053
64.86029,0.48530,0.05654,0.00018,0.94287,0.00041
64.96323,0.48530,0.05138,0.00016,0.94811,0.00034
65.06618,0.48529,0.05869,0.00021,0.94069,0.00041
65.16912,0.48529,0.05870,0.00022,0.94069,0.00039
65.27206,0.48530,0.05326,0.00018,0.94619,0.00037
65.37500,0.48529,0.05896,0.00024,0.94032,0.00047
65.47794,0.48529,0.05725,0.00023,0.94204,0.00047
65.58088,0.48530,0.05561,0.00021,0.94372,0.00045
65.68382,0.48530,0.05830,0.00020,0.94105,0.00046
65.78677,0.48529,0.05960,0.00022,0.93974,0.00045
65.88971,0.48529,0.05750,0.00019,0.94194,0.00038
65.99265,0.48530,0.05859,0.00017,0.94086,0.00038
66.09559,0.48529,0.07856,0.00024,0.92064,0.00056
66.19853,0.48529,0.14104,0.00036,0.85780,0.00080
66.30147,0.48530,0.33830,0.00032,0.66020,0.00119
66.40441,0.48530,0.73321,0.00015,0.26494,0.00170
66.50735,0.48529,0.99982,0.00000,0.00006,0.00013
66.61029,0.48530,0.99886,0.00000,0.00106,0.00007
66.71323,0.48530,0.99723,0.00002,0.00181,0.00094
66.81618,0.48529,0.88489,0.00085,0.00771,0.10654
66.91912,0.48529,0.23609,0.00021,0.00005,0.76365
67.02206,0.48530,0.05795,0.00121,0.00012,0.94072
67.12500,0.48529,0.07919,0.00067,0.00009,0.92005
67.22794,0.48529,0.09297,0.00078,0.00009,0.90616
67.33088,0.48530,0.74597,0.00001,0.00003,0.25399
67.43382,0.48530,0.99958,0.00000,0.00019,0.00024
67.53677,0.48529,0.99822,0.00000,0.00172,0.00006
67.63971,0.48529,0.95901,0.00000,0.04071,0.00028
67.74265,0.48530,0.99999,0.00000,0.00000,0.00001
67.84559,0.48529,0.34459,0.00095,0.65268,0.00177
67.94853,0.48529,0.16877,0.00065,0.82873,0.00184
68.05147,0.48530,0.10390,0.00035,0.89459,0.00116
68.15441,0.48530,0.09592,0.00029,0.90283,0.00096
68.25735,0.48529,0.08643,0.00022,0.91259,0.00075
68.36029,0.48530,0.07793,0.00019,0.92133,0.00056
68.46323,0.48530,0.08550,0.00022,0.91363,0.00064
68.56618,0.48529,0.09140,0.00027,0.90758,0.00076
68.66912,0.48529,0.09482,0.00030,0.90396,0.00093
68.77206,0.48530,0.09165,0.00031,0.90709,0.00095
68.87500,0.48529,0.09773,0.00036,0.90077,0.00114
68.97794,0.48529,0.08621,0.00024,0.91276,0.00078
69.08088,0.48530,0.09111,0.00026,0.90779,0.00083
69.18382,0.48530,0.10137,0.00027,0.89759,0.00076
69.28677,0.48529,0.15384,0.00023,0.84503,0.00090
69.38971,0.48529,0.38691,0.00028,0.61102,0.00179
69.49265,0.48530,0.66751,0.00023,0.32979,0.00248
69.59559,0.48529,0.96954,0.00002,0.02984,0.00060
69.69853,0.48529,0.99197,0.00002,0.00276,0.00525
69.80147,0.48530,0.97283,0.00148,0.02429,0.00140
69.90441,0.48530,0.99150,0.00125,0.00463,0.00263
70.00735,0.48529,0.72936,0.02668,0.00067,0.24328
70.11029,0.48530,0.04457,0.00039,0.00003,0.95501
70.21323,0.48530,0.07790,0.00074,0.00009,0.92127
70.31618,0.48529,0.12277,0.00012,0.00001,0.87710
70.41912,0.48529,0.99809,0.00004,0.00003,0.00184
70.52206,0.48530,0.99012,0.00000,0.00849,0.00139
70.62500,0.48529,0.98008,0.00001,0.01843,0.00148
70.72794,0.48529,0.98680,0.00072,0.00702,0.00546
70.83088,0.48530,0.62087,0.00134,0.37657,0.00123
70.93382,0.48530,0.22351,0.00047,0.77489,0.00114
71.03677,0.48529,0.13754,0.00036,0.86096,0.00114
71.13971,0.48529,0.10742,0.00038,0.89103,0.00117
71.24265,0.48530,0.09208,0.00031,0.90659,0.00102
71.34559,0.48529,0.08168,0.00025,0.91723,0.00084
71.44853,0.48529,0.08508,0.00026,0.91384,0.00082
71.55147,0.48530,0.07188,0.00018,0.92739,0.00054
71.65441,0.48530,0.07638,0.00020,0.92289,0.00052
71.75735,0.48529,0.07514,0.00019,0.92411,0.00055
71.86029,0.48530,0.08030,0.00021,0.91890,0.00059
71.96323,0.48530,0.11034,0.00034,0.88838,0.00093
72.06618,0.48529,0.16754,0.00039,0.83075,0.00132
72.16912,0.48529,0.36147,0.00034,0.63634,0.00185
72.27206,0.48530,0.73309,0.00015,0.26485,0.00190
72.37500,0.48529,0.99918,0.00000,0.00051,0.00031
72.47794,0.48529,0.99880,0.00005,0.00052,0.00064
72.58088,0.48530,0.99648,0.00057,0.00200,0.00095
72.68382,0.48530,0.52679,0.02117,0.00327,0.44877
72.78677,0.48529,0.10303,0.00112,0.00001,0.89585
72.88971,0.48529,0.99906,0.00001,0.00002,0.00091
72.99265,0.48530,0.99493,0.00000,0.00405,0.00101
73.09559,0.48529,0.97534,0.00000,0.02320,0.00145
73.19853,0.48529,0.99254,0.00079,0.00255,0.00412
73.30147,0.48530,0.38454,0.00107,0.61254,0.00186
73.40441,0.48530,0.16305,0.00060,0.83451,0.00184
73.50735,0.48529,0.11312,0.00040,0.88511,0.00138
73.61029,0.48530,0.11087,0.00036,0.88761,0.00117
73.71323,0.48530,0.10333,0.00027,0.89549,0.00091
73.81618,0.48529,0.11651,0.00032,0.88224,0.00093
73.91912,0.48529,0.15735,0.00030,0.84119,0.00116
74.02206,0.48530,0.30041,0.00032,0.69736,0.00191
74.12500,0.48529,0.65321,0.00021,0.34439,0.00219
74.22794,0.48529,0.98936,0.00001,0.01028,0.00035
74.33088,0.48530,0.98386,0.00009,0.00935,0.00670
74.43382,0.48530,0.91820,0.00289,0.07520,0.00371
74.53677,0.48529,0.87143,0.00084,0.00052,0.12721
74.63971,0.48529,0.08948,0.00047,0.00019,0.90986
74.74265,0.48530,0.99110,0.00006,0.00000,0.00884
74.84559,0.48529,0.99961,0.00000,0.00014,0.00025
74.94853,0.48529,0.99695,0.00001,0.00256,0.00048
75.05147,0.48530,0.99661,0.00001,0.00317,0.00020
75.15441,0.48530,0.47329,0.00106,0.52434,0.00132
75.25735,0.48529,0.18811,0.00048,0.81004,0.00137
75.36029,0.48530,0.13240,0.00037,0.86605,0.00118
75.46323,0.48530,0.10687,0.00031,0.89175,0.00106
75.56618,0.48529,0.10346,0.00043,0.89481,0.00129
75.66912,0.48529,0.09565,0.00031,0.90298,0.00106
75.77206,0.48530,0.09472,0.00027,0.90414,0.00087
75.87500,0.48529,0.10200,0.00033,0.89668,0.00099
75.97794,0.48529,0.08535,0.00020,0.91384,0.00062
76.08088,0.48530,0.09185,0.00024,0.90717,0.00074
76.18382,0.48530,0.10108,0.00028,0.89776,0.00087
76.28677,0.48529,0.09528,0.00026,0.90357,0.00089
76.38971,0.48529,0.10922,0.00035,0.88936,0.00106
76.49265,0.48530,0.25084,0.00030,0.74737,0.00149
76.59559,0.48529,0.80247,0.00009,0.19579,0.00164
76.69853,0.48529,0.99653,0.00002,0.00105,0.00241
76.80147,0.48530,0.96494,0.00074,0.03193,0.00239
76.90441,0.48530,0.99325,0.00164,0.00266,0.00245
77.00735,0.48529,0.06901,0.00015,0.00011,0.93073
77.11029,0.48530,0.99973,0.00001,0.00000,0.00026
77.21323,0.48530,0.99589,0.00000,0.00304,0.00108
77.31618,0.48529,0.98629,0.00001,0.01126,0.00245
77.41912,0.48529,0.99290,0.00101,0.00216,0.00393
77.52206,0.48530,0.51387,0.00143,0.48291,0.00179
77.62500,0.48529,0.17304,0.00051,0.82490,0.00155
77.72794,0.48529,0.12685,0.00045,0.87107,0.00162
77.83088,0.48530,0.10882,0.00032,0.88981,0.00106
77.93382,0.48530,0.11028,0.00032,0.88836,0.00103
78.03677,0.48529,0.11341,0.00029,0.88536,0.00094
78.13971,0.48529,0.11018,0.00029,0.88858,0.00095
78.24265,0.48530,0.11341,0.00029,0.88525,0.00104
78.34559,0.48529,0.11376,0.00029,0.88491,0.00104
78.44853,0.48529,0.12105,0.00041,0.87711,0.00144
78.55147,0.48530,0.13129,0.00047,0.86659,0.00166
78.65441,0.48530,0.17791,0.00036,0.82020,0.00152
78.75735,0.48529,0.53517,0.00021,0.46256,0.00206
78.86029,0.48530,0.99987,0.00000,0.00006,0.00007
78.96323,0.48530,0.99801,0.00011,0.00149,0.00039
79.06618,0.48529,0.99392,0.00020,0.00490,0.00097
79.16912,0.48529,0.12757,0.00371,0.00011,0.86861
79.27206,0.48530,0.96516,0.00002,0.00015,0.03468
79.37500,0.48529,0.99627,0.00000,0.00304,0.00069
79.47794,0.48529,0.97013,0.00001,0.02875,0.00111
79.58088,0.48530,0.99355,0.00062,0.00232,0.00350
79.68382,0.48530,0.35897,0.00109,0.63810,0.00184
79.78677,0.48529,0.15264,0.00056,0.84522,0.00158
79.88971,0.48529,0.09803,0.00025,0.90079,0.00093
79.99265,0.48530,0.08910,0.00022,0.90996,0.00071
80.09559,0.48529,0.09403,0.00024,0.90500,0.00073
80.19853,0.48529,0.08860,0.00022,0.91042,0.00075
80.30147,0.48530,0.09497,0.00024,0.90401,0.00078
80.40441,0.48530,0.10249,0.00035,0.89614,0.00103
80.50735,0.48529,0.10588,0.00036,0.89257,0.00118
80.61029,0.48530,0.09897,0.00037,0.89949,0.00117
80.71323,0.48530,0.10184,0.00035,0.89673,0.00109
80.81618,0.48529,0.10253,0.00030,0.89621,0.00097
80.91912,0.48529,0.09752,0.00026,0.90144,0.00077
81.02206,0.48530,0.10908,0.00026,0.88985,0.00082
81.12500,0.48529,0.13594,0.00033,0.86260,0.00113
81.22794,0.48529,0.22687,0.00030,0.77145,0.00138
81.33088,0.48530,0.55282,0.00024,0.44476,0.00218
81.43382,0.48530,0.99571,0.00001,0.00368,0.00060
81.53677,0.48529,0.99641,0.00001,0.00028,0.00330
81.63971,0.48529,0.99711,0.00087,0.00148,0.00054
81.74265,0.48530,0.05864,0.00027,0.00013,0.94096
81.84559,0.48529,0.99823,0.00001,0.00001,0.00175
81.94853,0.48529,0.99503,0.00000,0.00310,0.00187
82.05147,0.48530,0.96999,0.00001,0.02800,0.00200
82.15441,0.48530,0.98513,0.00061,0.00599,0.00827
82.25735,0.48529,0.46320,0.00127,0.53367,0.00186
82.36029,0.48530,0.24940,0.00063,0.74800,0.00197
82.46323,0.48530,0.20691,0.00059,0.79042,0.00208
82.56618,0.48529,0.17343,0.00050,0.82418,0.00189
82.66912,0.48529,0.15643,0.00047,0.84109,0.00202
82.77206,0.48530,0.16078,0.00045,0.83681,0.00196
82.87500,0.48529,0.16298,0.00048,0.83458,0.00196
82.97794,0.48529,0.17403,0.00046,0.82370,0.00180
83.08088,0.48530,0.17119,0.00037,0.82689,0.00155
83.18382,0.48530,0.18100,0.00045,0.81668,0.00187
83.28677,0.48529,0.19803,0.00053,0.79939,0.00206
83.38971,0.48529,0.19264,0.00052,0.80476,0.00208
83.49265,0.48530,0.18723,0.00054,0.80999,0.00224
83.59559,0.48529,0.18896,0.00049,0.80846,0.00209
83.69853,0.48529,0.18955,0.00038,0.80842,0.00164
83.80147,0.48530,0.27647,0.00025,0.72169,0.00159
83.90441,0.48530,0.99914,0.00000,0.00039,0.00046
84.00735,0.48529,0.99891,0.00000,0.00099,0.00009
84.11029,0.48530,0.99810,0.00003,0.00092,0.00095
84.21323,0.48530,0.70717,0.00233,0.00475,0.28576
84.31618,0.48529,0.78196,0.00001,0.00001,0.21803
84.41912,0.48529,0.99904,0.00000,0.00011,0.00085
84.52206,0.48530,0.99544,0.00001,0.00299,0.00156
84.62500,0.48529,0.99772,0.00002,0.00196,0.00030
84.72794,0.48529,0.72606,0.00318,0.26841,0.00235
84.83088,0.48530,0.37524,0.00122,0.62081,0.00273
84.93382,0.48530,0.23283,0.00067,0.76424,0.00225
85.03677,0.48529,0.20378,0.00053,0.79377,0.00193
85.13971,0.48529,0.18398,0.00045,0.81391,0.00167
85.24265,0.48530,0.18818,0.00053,0.80928,0.00201
85.34559,0.48529,0.16523,0.00040,0.83289,0.00148
85.44853,0.48529,0.16852,0.00052,0.82890,0.00205
85.55147,0.48530,0.17366,0.00061,0.82334,0.00239
85.65441,0.48530,0.14665,0.00050,0.85089,0.00196
85.75735,0.48529,0.15169,0.00048,0.84583,0.00200
85.86029,0.48530,0.14791,0.00038,0.85010,0.00161
85.96323,0.48530,0.14427,0.00037,0.85395,0.00141
86.06618,0.48529,0.14807,0.00037,0.85009,0.00147
86.16912,0.48529,0.15213,0.00038,0.84594,0.00154
86.27206,0.48530,0.15098,0.00044,0.84680,0.00179
86.37500,0.48529,0.15527,0.00048,0.84235,0.00190
86.47794,0.48529,0.15449,0.00049,0.84311,0.00191
86.58088,0.48530,0.16052,0.00047,0.83697,0.00204
86.68382,0.48530,0.20336,0.00046,0.79411,0.00207
86.78677,0.48529,0.31118,0.00040,0.68611,0.00231
86.88971,0.48529,0.89227,0.00004,0.10681,0.00088
86.99265,0.48530,0.98577,0.00106,0.00929,0.00388
87.09559,0.48529,0.99855,0.00002,0.00050,0.00094
87.19853,0.48529,0.99226,0.00305,0.00241,0.00228
87.30147,0.48530,0.54063,0.00882,0.00147,0.44908
87.40441,0.48530,0.07830,0.00132,0.00002,0.92037
87.50735,0.48529,0.06606,0.00083,0.00009,0.93303
87.61029,0.48530,0.82263,0.00008,0.00005,0.17724
87.71323,0.48530,0.99970,0.00000,0.00014,0.00016
87.81618,0.48529,0.99527,0.00000,0.00187,0.00286
87.91912,0.48529,0.99763,0.00000,0.00228,0.00008
88.02206,0.48530,0.81341,0.00133,0.18354,0.00172
88.12500,0.48529,0.30875,0.00088,0.68807,0.00231
88.22794,0.48529,0.16920,0.00046,0.82886,0.00147
88.33088,0.48530,0.12912,0.00031,0.86942,0.00114
88.43382,0.48530,0.12347,0.00029,0.87520,0.00104
88.53677,0.48529,0.11705,0.00027,0.88157,0.00111
88.63971,0.48529,0.12862,0.00039,0.86963,0.00136
88.74265,0.48530,0.12234,0.00043,0.87569,0.00154
88.84559,0.48529,0.12534,0.00042,0.87271,0.00152
88.94853,0.48529,0.12357,0.00039,0.87461,0.00143
89.05147,0.48530,0.13414,0.00040,0.86411,0.00135
89.15441,0.48530,0.13337,0.00035,0.86509,0.00120
89.25735,0.48529,0.15081,0.00038,0.84732,0.00148
89.36029,0.48530,0.22263,0.00037,0.77515,0.00184
89.46323,0.48530,0.48518,0.00027,0.51229,0.00227
89.56618,0.48529,0.94341,0.00003,0.05585,0.00072
89.66912,0.48529,0.99458,0.00011,0.00086,0.00445
89.77206,0.48530,0.97618,0.00614,0.01266,0.00502
89.87500,0.48529,0.98134,0.00238,0.00430,0.01198
89.97794,0.48529,0.43449,0.00112,0.00018,0.56420
90.08088,0.48530,0.03499,0.00030,0.00001,0.96469
90.18382,0.48530,0.08256,0.00065,0.00008,0.91671
90.28677,0.48529,0.06181,0.00087,0.00010,0.93723
90.38971,0.48529,0.95922,0.00008,0.00006,0.04064
90.49265,0.48530,0.99928,0.00000,0.00020,0.00052
90.59559,0.48529,0.99109,0.00001,0.00648,0.00242
90.69853,0.48529,0.99745,0.00002,0.00244,0.00009
90.80147,0.48530,0.72231,0.00180,0.27449,0.00140
90.90441,0.48530,0.25012,0.00060,0.74762,0.00165
91.00735,0.48529,0.14550,0.00039,0.85279,0.00132
91.11029,0.48530,0.12497,0.00038,0.87342,0.00123
91.21323,0.48530,0.11860,0.00039,0.87960,0.00141
91.31618,0.48529,0.11290,0.00047,0.88513,0.00151
91.41912,0.48529,0.11109,0.00038,0.88719,0.00133
91.52206,0.48530,0.10240,0.00031,0.89621,0.00108
91.62500,0.48529,0.10361,0.00029,0.89515,0.00095
91.72794,0.48529,0.09480,0.00023,0.90418,0.00079
91.83088,0.48530,0.09795,0.00028,0.90086,0.00092
91.93382,0.48530,0.09915,0.00030,0.89960,0.00095
92.03677,0.48529,0.10310,0.00032,0.89552,0.00105
92.13971,0.48529,0.11229,0.00040,0.88616,0.00116
92.24265,0.48530,0.17402,0.00042,0.82396,0.00160
92.34559,0.48529,0.30831,0.00035,0.68942,0.00192
92.44853,0.48529,0.49805,0.00031,0.49923,0.00241
92.55147,0.48530,0.88414,0.00007,0.11454,0.00126
92.65441,0.48530,0.96064,0.00001,0.03885,0.00050
92.75735,0.48529,0.98041,0.00016,0.01533,0.00410
92.86029,0.48530,0.99878,0.00002,0.00026,0.00094
92.96323,0.48530,0.99355,0.00314,0.00083,0.00249
93.06618,0.48529,0.37580,0.02640,0.00097,0.59682
93.16912,0.48529,0.12718,0.00044,0.00001,0.87237
93.27206,0.48530,0.99540,0.00008,0.00011,0.00442
93.37500,0.48529,0.99431,0.00000,0.00394,0.00175
93.47794,0.48529,0.98513,0.00001,0.01256,0.00230
93.58088,0.48530,0.97588,0.00062,0.01439,0.00911
93.68382,0.48530,0.69440,0.00264,0.30099,0.00197
93.78677,0.48529,0.43228,0.00141,0.56363,0.00268
93.88971,0.48529,0.21670,0.00056,0.78097,0.00177
93.99265,0.48530,0.15713,0.00037,0.84121,0.00128
94.09559,0.48529,0.14152,0.00033,0.85688,0.00127
94.19853,0.48529,0.13232,0.00032,0.86608,0.00128
94.30147,0.48530,0.12916,0.00038,0.86902,0.00143
94.40441,0.48530,0.13302,0.00042,0.86496,0.00160
94.50735,0.48529,0.13639,0.00046,0.86153,0.00162
94.61029,0.48530,0.14268,0.00042,0.85538,0.00152
94.71323,0.48530,0.16615,0.00036,0.83198,0.00152
94.81618,0.48529,0.23734,0.00039,0.76037,0.00190
94.91912,0.48529,0.44885,0.00032,0.54843,0.00240
95.02206,0.48530,0.96199,0.00002,0.03741,0.00058
95.12500,0.48529,0.99599,0.00001,0.00286,0.00114
95.22794,0.48529,0.88837,0.00017,0.11091,0.00056
95.33088,0.48530,0.96485,0.00012,0.00143,0.03360
95.43382,0.48530,0.05864,0.00018,0.00004,0.94115
95.53677,0.48529,0.99851,0.00040,0.00035,0.00075
95.63971,0.48529,0.99956,0.00000,0.00034,0.00010
95.74265,0.48530,0.97961,0.00001,0.01404,0.00634
95.84559,0.48529,0.99535,0.00015,0.00421,0.00030
95.94853,0.48529,0.77119,0.00237,0.22521,0.00123
96.05147,0.48530,0.28636,0.00063,0.71165,0.00135
96.15441,0.48530,0.14206,0.00040,0.85645,0.00109
96.25735,0.48529,0.11067,0.00030,0.88803,0.00100
96.36029,0.48530,0.08909,0.00023,0.90992,0.00077
96.46323,0.48530,0.08805,0.00026,0.91080,0.00088
96.56618,0.48529,0.09329,0.00034,0.90531,0.00107
96.66912,0.48529,0.08786,0.00027,0.91100,0.00086
96.77206,0.48530,0.08831,0.00025,0.91064,0.00080
96.87500,0.48529,0.08308,0.00021,0.91609,0.00063
96.97794,0.48529,0.08577,0.00024,0.91330,0.00069
97.08088,0.48530,0.08908,0.00023,0.91000,0.00069
97.18382,0.48530,0.08784,0.00022,0.91118,0.00076
97.28677,0.48529,0.08864,0.00031,0.91008,0.00097
97.38971,0.48529,0.09859,0.00038,0.89984,0.00120
97.49265,0.48530,0.08550,0.00029,0.91332,0.00089
97.59559,0.48529,0.08488,0.00022,0.91416,0.00073
97.69853,0.48529,0.10290,0.00028,0.89593,0.00089
97.80147,0.48530,0.17767,0.00026,0.82119,0.00088
97.90441,0.48530,0.51936,0.00020,0.47865,0.00179
98.00735,0.48529,0.98691,0.00001,0.01254,0.00054
98.11029,0.48530,0.99010,0.00003,0.00463,0.00524
98.21323,0.48530,0.98933,0.00063,0.00718,0.00285
98.31618,0.48529,0.76944,0.00111,0.00267,0.22677
98.41912,0.48529,0.19323,0.00001,0.00003,0.80673
98.52206,0.48530,0.99970,0.00000,0.00012,0.00018
98.62500,0.48529,0.99922,0.00000,0.00072,0.00005
98.72794,0.48529,0.96387,0.00000,0.03580,0.00033
98.83088,0.48530,0.99999,0.00000,0.00000,0.00000
98.93382,0.48530,0.28343,0.00075,0.71428,0.00154
99.03677,0.48529,0.12586,0.00032,0.87287,0.00094
99.13971,0.48529,0.09361,0.00023,0.90547,0.00070
99.24265,0.48530,0.09063,0.00023,0.90839,0.00074
99.34559,0.48529,0.08573,0.00023,0.91329,0.00076
99.44853,0.48529,0.09240,0.00031,0.90633,0.00096
99.55147,0.48530,0.09930,0.00040,0.89915,0.00115
99.65441,0.48530,0.09685,0.00036,0.90169,0.00110
99.75735,0.48529,0.09129,0.00026,0.90762,0.00082
99.86029,0.48530,0.09558,0.00026,0.90338,0.00078
99.96323,0.48530,0.08802,0.00022,0.91105,0.00070
100.06618,0.48529,0.09935,0.00022,0.89969,0.00074
100.16912,0.48529,0.10960,0.00027,0.88920,0.00093
100.27206,0.48530,0.17107,0.00036,0.82720,0.00137
100.37500,0.48529,0.34589,0.00035,0.65153,0.00223
100.47794,0.48529,0.83470,0.00009,0.16368,0.00153
100.58088,0.48530,0.98684,0.00016,0.01029,0.00271
100.68382,0.48530,0.99934,0.00000,0.00030,0.00035
100.78677,0.48529,0.99050,0.00211,0.00589,0.00150
100.88971,0.48529,0.72460,0.01374,0.00148,0.26018
100.99265,0.48530,0.43806,0.00008,0.00001,0.56186
101.09559,0.48529,0.99882,0.00000,0.00005,0.00113
101.19853,0.48529,0.99597,0.00000,0.00347,0.00056
101.30147,0.48530,0.99786,0.00000,0.00198,0.00017
101.40441,0.48530,0.99996,0.00000,0.00003,0.00001
101.50735,0.48529,0.46174,0.00115,0.53506,0.00204
101.61029,0.48530,0.20114,0.00069,0.79599,0.00217
101.71323,0.48530,0.14911,0.00052,0.84845,0.00192
101.81618,0.48529,0.14112,0.00044,0.85682,0.00162
101.91912,0.48529,0.13210,0.00040,0.86605,0.00145
102.02206,0.48530,0.13343,0.00036,0.86496,0.00125
102.12500,0.48529,0.12426,0.00028,0.87438,0.00108
102.22794,0.48529,0.13348,0.00031,0.86496,0.00124
102.33088,0.48530,0.15122,0.00044,0.84667,0.00167
102.43382,0.48530,0.14989,0.00045,0.84795,0.00171
102.53677,0.48529,0.14500,0.00052,0.85255,0.00193
102.63971,0.48529,0.16714,0.00063,0.82998,0.00225
102.74265,0.48530,0.13501,0.00036,0.86315,0.00148
102.84559,0.48529,0.14904,0.00042,0.84897,0.00157
102.94853,0.48529,0.14164,0.00034,0.85669,0.00133
103.05147,0.48530,0.15788,0.00036,0.84021,0.00155
103.15441,0.48530,0.23735,0.00047,0.76002,0.00216
103.25735,0.48529,0.67618,0.00017,0.32152,0.00213
103.36029,0.48530,0.96769,0.00007,0.01247,0.01977
103.46323,0.48530,0.98315,0.00077,0.01442,0.00167
103.56618,0.48529,0.96400,0.00092,0.01893,0.01615
103.66912,0.48529,0.17184,0.00057,0.00008,0.82751
103.77206,0.48530,0.99494,0.00013,0.00001,0.00492
103.87500,0.48529,0.99431,0.00000,0.00396,0.00173
103.97794,0.48529,0.98264,0.00001,0.01532,0.00204
104.08088,0.48530,0.98522,0.00066,0.00509,0.00902
104.18382,0.48530,0.53289,0.00134,0.46402,0.00175
104.28677,0.48529,0.26004,0.00067,0.73734,0.00194
104.38971,0.48529,0.19460,0.00056,0.80283,0.00200
104.49265,0.48530,0.16017,0.00041,0.83775,0.00166
104.59559,0.48529,0.15001,0.00043,0.84780,0.00176
104.69853,0.48529,0.15272,0.00050,0.84470,0.00208
104.80147,0.48530,0.16065,0.00049,0.83699,0.00188
104.90441,0.48530,0.15595,0.00039,0.84201,0.00165
105.00735,0.48529,0.16711,0.00044,0.83068,0.00178
105.11029,0.48530,0.16280,0.00041,0.83515,0.00163
105.21323,0.48530,0.17837,0.00046,0.81933,0.00184
105.31618,0.48529,0.19058,0.00052,0.80684,0.00206
105.41912,0.48529,0.18008,0.00050,0.81733,0.00209
105.52206,0.48530,0.18478,0.00050,0.81239,0.00233
105.62500,0.48529,0.19841,0.00044,0.79915,0.00201
105.72794,0.48529,0.60100,0.00015,0.39698,0.00186
105.83088,0.48530,0.97058,0.00007,0.01236,0.01699
105.93382,0.48530,0.98597,0.00044,0.01242,0.00117
106.03677,0.48529,0.96959,0.00062,0.01361,0.01618
106.13971,0.48529,0.25982,0.00130,0.00070,0.73817
106.24265,0.48530,0.99465,0.00037,0.00011,0.00487
106.34559,0.48529,0.99948,0.00000,0.00015,0.00038
106.44853,0.48529,0.97615,0.00002,0.01368,0.01015
106.55147,0.48530,0.98352,0.00006,0.01576,0.00066
106.65441,0.48530,0.62249,0.00226,0.37335,0.00190
106.75735,0.48529,0.34868,0.00113,0.64752,0.00266
106.86029,0.48530,0.18152,0.00052,0.81591,0.00206
106.96323,0.48530,0.17663,0.00049,0.82083,0.00204
107.06618,0.48529,0.15803,0.00040,0.83992,0.00165
107.16912,0.48529,0.15097,0.00035,0.84727,0.00140
107.27206,0.48530,0.16134,0.00036,0.83683,0.00147
107.37500,0.48529,0.15865,0.00036,0.83954,0.00145
107.47794,0.48529,0.17329,0.00046,0.82444,0.00181
107.58088,0.48530,0.17906,0.00055,0.81807,0.00232
107.68382,0.48530,0.15834,0.00045,0.83936,0.00185
107.78677,0.48529,0.17838,0.00048,0.81895,0.00219
107.88971,0.48529,0.17247,0.00041,0.82528,0.00184
107.99265,0.48530,0.18385,0.00039,0.81402,0.00174
108.09559,0.48529,0.24821,0.00037,0.74961,0.00182
108.19853,0.48529,0.96341,0.00003,0.03547,0.00109
108.30147,0.48530,0.99437,0.00001,0.00457,0.00106
108.40441,0.48530,0.99054,0.00017,0.00852,0.00077
108.50735,0.48529,0.70373,0.00122,0.05260,0.24245
108.61029,0.48530,0.71353,0.00001,0.00009,0.28637
108.71323,0.48530,0.99891,0.00000,0.00062,0.00047
108.81618,0.48529,0.99571,0.00001,0.00150,0.00278
108.91912,0.48529,0.99447,0.00002,0.00522,0.00029
109.02206,0.48530,0.73950,0.00249,0.25623,0.00179
109.12500,0.48529,0.26735,0.00070,0.73011,0.00183
109.22794,0.48529,0.15594,0.00038,0.84245,0.00123
109.33088,0.48530,0.12322,0.00027,0.87546,0.00106
109.43382,0.48530,0.13035,0.00038,0.86791,0.00136
109.53677,0.48529,0.11953,0.00033,0.87889,0.00126
109.63971,0.48529,0.12549,0.00041,0.87245,0.00165
109.74265,0.48530,0.12857,0.00044,0.86940,0.00159
109.84559,0.48529,0.13628,0.00044,0.86168,0.00160
109.94853,0.48529,0.13813,0.00039,0.86001,0.00148
110.05147,0.48530,0.12869,0.00035,0.86978,0.00118
110.15441,0.48530,0.13298,0.00029,0.86558,0.00115
110.25735,0.48529,0.17679,0.00039,0.82109,0.00172
110.36029,0.48530,0.29743,0.00037,0.69999,0.00220
110.46323,0.48530,0.84039,0.00007,0.15822,0.00132
110.56618,0.48529,0.99273,0.00104,0.00355,0.00269
110.66912,0.48529,0.99662,0.00002,0.00234,0.00102
110.77206,0.48530,0.99724,0.00031,0.00145,0.00099
110.87500,0.48529,0.60639,0.00612,0.00071,0.38678
110.97794,0.48529,0.13570,0.00134,0.00002,0.86294
111.08088,0.48530,0.56480,0.00026,0.00001,0.43493
111.18382,0.48530,0.99955,0.00000,0.00011,0.00034
111.28677,0.48529,0.99697,0.00001,0.00122,0.00180
111.38971,0.48529,0.99906,0.00000,0.00086,0.00008
111.49265,0.48530,0.97796,0.00026,0.02120,0.00058
111.59559,0.48529,0.32716,0.00087,0.67011,0.00187
111.69853,0.48529,0.21560,0.00065,0.78180,0.00195
111.80147,0.48530,0.13925,0.00041,0.85902,0.00132
111.90441,0.48530,0.12423,0.00045,0.87387,0.00146
112.00735,0.48529,0.10739,0.00032,0.89111,0.00117
112.11029,0.48530,0.11173,0.00033,0.88685,0.00110
112.21323,0.48530,0.11543,0.00039,0.88302,0.00116
112.31618,0.48529,0.10910,0.00030,0.88972,0.00088
112.41912,0.48529,0.11314,0.00027,0.88558,0.00101
112.52206,0.48530,0.11722,0.00031,0.88141,0.00106
112.62500,0.48529,0.13167,0.00042,0.86642,0.00149
112.72794,0.48529,0.11466,0.00036,0.88371,0.00127
112.83088,0.48530,0.13398,0.00038,0.86423,0.00142
112.93382,0.48530,0.24127,0.00040,0.75633,0.00201
113.03677,0.48529,0.69431,0.00015,0.30368,0.00186
113.13971,0.48529,0.98196,0.00017,0.00487,0.01300
113.24265,0.48530,0.98817,0.00019,0.01079,0.00085
113.34559,0.48529,0.96498,0.00061,0.01327,0.02113
113.44853,0.48529,0.30399,0.00230,0.00115,0.69256
113.55147,0.48530,0.98670,0.00101,0.00001,0.01228
113.65441,0.48530,0.99866,0.00000,0.00031,0.00103
113.75735,0.48529,0.98410,0.00002,0.00533,0.01055
113.86029,0.48530,0.98645,0.00001,0.01317,0.00037
113.96323,0.48530,0.79404,0.00354,0.20070,0.00172
114.06618,0.48529,0.37902,0.00139,0.61653,0.00306
114.16912,0.48529,0.22542,0.00080,0.77132,0.00245
114.27206,0.48530,0.14736,0.00039,0.85076,0.00148
114.37500,0.48529,0.12808,0.00033,0.87035,0.00125
114.47794,0.48529,0.12526,0.00029,0.87335,0.00110
114.58088,0.48530,0.12353,0.00032,0.87493,0.00122
114.68382,0.48530,0.13197,0.00039,0.86617,0.00146
114.78677,0.48529,0.14889,0.00051,0.84868,0.00191
114.88971,0.48529,0.12104,0.00036,0.87717,0.00143
114.99265,0.48530,0.14724,0.00051,0.85018,0.00206
115.09559,0.48529,0.13012,0.00041,0.86798,0.00148
115.19853,0.48529,0.12836,0.00036,0.86990,0.00139
115.30147,0.48530,0.12441,0.00031,0.87412,0.00115
115.40441,0.48530,0.13670,0.00032,0.86178,0.00120
115.50735,0.48529,0.16969,0.00035,0.82839,0.00158
115.61029,0.48530,0.32469,0.00044,0.67236,0.00251
115.71323,0.48530,0.60042,0.00025,0.39674,0.00259
115.81618,0.48529,0.99780,0.00000,0.00163,0.00057
115.91912,0.48529,0.99926,0.00000,0.00032,0.00042
116.02206,0.48530,0.99639,0.00064,0.00254,0.00043
116.12500,0.48529,0.59447,0.01911,0.00167,0.38476
116.22794,0.48529,0.07458,0.00157,0.00004,0.92381
116.33088,0.48530,0.50178,0.00002,0.00001,0.49819
116.43382,0.48530,0.99985,0.00000,0.00004,0.00010
116.53677,0.48529,0.99596,0.00000,0.00306,0.00097
116.63971,0.48529,0.97170,0.00000,0.02721,0.00108
116.74265,0.48530,0.99999,0.00000,0.00000,0.00001
116.84559,0.48529,0.52991,0.00123,0.46717,0.00170
116.94853,0.48529,0.23734,0.00067,0.76004,0.00194
117.05147,0.48530,0.18547,0.00060,0.81189,0.00204
117.15441,0.48530,0.13747,0.00045,0.86038,0.00170
117.25735,0.48529,0.13415,0.00047,0.86371,0.00167
117.36029,0.48530,0.12544,0.00038,0.87275,0.00143
117.46323,0.48530,0.11858,0.00029,0.88012,0.00101
117.56618,0.48529,0.12821,0.00034,0.87027,0.00118
117.66912,0.48529,0.13307,0.00032,0.86539,0.00122
117.77206,0.48530,0.15822,0.00041,0.83977,0.00161
117.87500,0.48529,0.18244,0.00048,0.81500,0.00208
117.97794,0.48529,0.23155,0.00055,0.76531,0.00259
118.08088,0.48530,0.32655,0.00047,0.67030,0.00268
118.18382,0.48530,0.93922,0.00003,0.05986,0.00089
118.28677,0.48529,0.99974,0.00000,0.00025,0.00001
118.38971,0.48529,0.99702,0.00001,0.00281,0.00015
118.49265,0.48530,0.89713,0.00002,0.01007,0.09278
118.59559,0.48529,0.48128,0.00001,0.00002,0.51870
118.69853,0.48529,0.49520,0.00047,0.00016,0.50417
118.80147,0.48530,0.99937,0.00000,0.00008,0.00054
118.90441,0.48530,0.99199,0.00000,0.00723,0.00078
119.00735,0.48529,0.99859,0.00000,0.00124,0.00016
119.11029,0.48530,0.99991,0.00000,0.00007,0.00002
119.21323,0.48530,0.42634,0.00129,0.57020,0.00217
119.31618,0.48529,0.15829,0.00057,0.83941,0.00173
119.41912,0.48529,0.11358,0.00033,0.88501,0.00108
119.52206,0.48530,0.09791,0.00026,0.90096,0.00088
119.62500,0.48529,0.10006,0.00026,0.89886,0.00083
119.72794,0.48529,0.09861,0.00029,0.90017,0.00093
119.83088,0.48530,0.08948,0.00023,0.90948,0.00081
119.93382,0.48530,0.09297,0.00029,0.90576,0.00097
120.03677,0.48529,0.09505,0.00032,0.90352,0.00110
120.13971,0.48529,0.08834,0.00029,0.91046,0.00090
120.24265,0.48530,0.08223,0.00023,0.91675,0.00079
120.34559,0.48529,0.08352,0.00021,0.91558,0.00069
