Time (seconds), Duration (seconds),pred_unlabelled,pred_Dry,pred_Wet,pred_Touch
0.00735,0.48529,0.05061,0.93516,0.01097,0.00326
0.11029,0.48529,0.05061,0.93516,0.01097,0.00326
0.21324,0.48529,0.05061,0.93516,0.01097,0.00326
0.31618,0.48529,0.05061,0.93516,0.01097,0.00326
0.41912,0.48529,0.05061,0.93516,0.01097,0.00326
0.52206,0.48529,0.05061,0.93516,0.01097,0.00326
0.62500,0.48529,0.05061,0.93516,0.01097,0.00326
0.72794,0.48529,0.05061,0.93516,0.01097,0.00326
0.83088,0.48529,0.05061,0.93516,0.01097,0.00326
0.93382,0.48529,0.05061,0.93516,0.01097,0.00326
1.03676,0.48529,0.05061,0.93516,0.01097,0.00326
1.13971,0.48529,0.05061,0.93516,0.01097,0.00326
1.24265,0.48529,0.05061,0.93516,0.01097,0.00326
1.34559,0.48529,0.05061,0.93516,0.01097,0.00326
1.44853,0.48529,0.05061,0.93516,0.01097,0.00326
1.55147,0.48529,0.22984,0.64121,0.11440,0.01455
1.65441,0.48529,0.69233,0.03059,0.27079,0.00629
1.75735,0.48529,0.94621,0.00588,0.04748,0.00043
1.86029,0.48529,0.94382,0.00446,0.05128,0.00044
1.96324,0.48529,0.99432,0.00075,0.00176,0.00316
2.06618,0.48529,0.99637,0.00037,0.00296,0.00030
2.16912,0.48529,0.97177,0.00083,0.00513,0.02227
2.27206,0.48529,0.03821,0.00010,0.00029,0.96141
2.37500,0.48529,0.99824,0.00011,0.00041,0.00123
2.47794,0.48529,0.99323,0.00007,0.00667,0.00003
2.58088,0.48529,0.98573,0.00475,0.00661,0.00291
2.68382,0.48529,0.99367,0.00343,0.00218,0.00072
2.78676,0.48529,0.82796,0.04730,0.10203,0.02271
2.88971,0.48529,0.05061,0.93516,0.01097,0.00326
2.99265,0.48529,0.05061,0.93516,0.01097,0.00326
3.09559,0.48529,0.05061,0.93516,0.01097,0.00326
3.19853,0.48529,0.63841,0.18663,0.15756,0.01740
3.30147,0.48529,0.90118,0.01034,0.08647,0.00201
3.40441,0.48529,0.97055,0.00175,0.02762,0.00008
3.50735,0.48529,0.99705,0.00158,0.00123,0.00014
3.61029,0.48529,0.99757,0.00105,0.00022,0.00117
3.71324,0.48529,0.98636,0.00225,0.00460,0.00680
3.81618,0.48529,0.04013,0.00028,0.00106,0.95852
3.91912,0.48529,0.99402,0.00016,0.00111,0.00471
4.02206,0.48529,0.99303,0.00035,0.00655,0.00008
4.12500,0.48529,0.99246,0.00071,0.00631,0.00052
4.22794,0.48529,0.99763,0.00166,0.00021,0.00050
4.33088,0.48529,0.87667,0.06452,0.04716,0.01165
4.43382,0.48529,0.30625,0.60684,0.07597,0.01094
4.53676,0.48529,0.05061,0.93516,0.01097,0.00326
4.63971,0.48529,0.05061,0.93516,0.01097,0.00326
4.74265,0.48529,0.49643,0.24063,0.24280,0.02014
4.84559,0.48529,0.76437,0.02400,0.20879,0.00285
4.94853,0.48529,0.94288,0.01008,0.04667,0.00036
5.05147,0.48529,0.99926,0.00010,0.00038,0.00026
5.15441,0.48529,0.99705,0.00063,0.00056,0.00175
5.25735,0.48529,0.97208,0.00075,0.01829,0.00888
5.36029,0.48529,0.12748,0.00144,0.02757,0.84350
5.46324,0.48529,0.97773,0.00001,0.00261,0.01965
5.56618,0.48529,0.98205,0.00015,0.01774,0.00005
5.66912,0.48529,0.98971,0.00143,0.00698,0.00187
5.77206,0.48529,0.98809,0.00453,0.00603,0.00135
5.87500,0.48529,0.89313,0.02655,0.06353,0.01679
5.97794,0.48529,0.28255,0.56852,0.13299,0.01595
6.08088,0.48529,0.50191,0.23491,0.24300,0.02018
6.18382,0.48529,0.75198,0.02971,0.21494,0.00337
6.28676,0.48529,0.93108,0.01133,0.05712,0.00047
6.38971,0.48529,0.96765,0.00352,0.02839,0.00045
6.49265,0.48529,0.99543,0.00028,0.00242,0.00188
6.59559,0.48529,0.96391,0.00973,0.02388,0.00247
6.69853,0.48529,0.25007,0.00162,0.01671,0.73161
6.80147,0.48529,0.53628,0.00043,0.00558,0.45771
6.90441,0.48529,0.99836,0.00004,0.00154,0.00007
7.00735,0.48529,0.98327,0.00010,0.01658,0.00005
7.11029,0.48529,0.99778,0.00163,0.00023,0.00036
7.21324,0.48529,0.98114,0.00470,0.01047,0.00369
7.31618,0.48529,0.80467,0.06230,0.11436,0.01868
7.41912,0.48529,0.05061,0.93516,0.01097,0.00326
7.52206,0.48529,0.25561,0.65475,0.07646,0.01319
7.62500,0.48529,0.76458,0.04462,0.18655,0.00425
7.72794,0.48529,0.96251,0.00314,0.03423,0.00013
7.83088,0.48529,0.99904,0.00013,0.00074,0.00009
7.93382,0.48529,0.99096,0.00280,0.00262,0.00363
8.03677,0.48529,0.98860,0.00089,0.00474,0.00577
8.13971,0.48529,0.14821,0.00104,0.01600,0.83476
8.24265,0.48529,0.90422,0.00011,0.00629,0.08938
8.34559,0.48529,0.99777,0.00020,0.00198,0.00004
8.44853,0.48529,0.98004,0.00107,0.01855,0.00034
8.55147,0.48529,0.99307,0.00398,0.00173,0.00123
8.65441,0.48529,0.96950,0.00850,0.01808,0.00393
8.75735,0.48529,0.60006,0.21196,0.16488,0.02311
8.86029,0.48529,0.05061,0.93516,0.01097,0.00326
8.96323,0.48529,0.83884,0.02471,0.13203,0.00442
9.06618,0.48529,0.90849,0.00733,0.08384,0.00034
9.16912,0.48529,0.99395,0.00251,0.00321,0.00033
9.27206,0.48529,0.99289,0.00038,0.00430,0.00243
9.37500,0.48529,0.97666,0.00199,0.01829,0.00306
9.47794,0.48529,0.08707,0.00069,0.00543,0.90680
9.58088,0.48529,0.84185,0.00017,0.00926,0.14872
9.68382,0.48529,0.99874,0.00016,0.00106,0.00004
9.78677,0.48529,0.98321,0.00043,0.01627,0.00010
9.88971,0.48529,0.98760,0.00991,0.00132,0.00116
9.99265,0.48529,0.97179,0.00824,0.01544,0.00454
10.09559,0.48529,0.70321,0.12882,0.14177,0.02620
10.19853,0.48529,0.05061,0.93516,0.01097,0.00326
10.30147,0.48529,0.55058,0.17886,0.25027,0.02028
10.40441,0.48529,0.83370,0.01570,0.14930,0.00131
10.50735,0.48529,0.93752,0.00878,0.05339,0.00031
10.61029,0.48529,0.99081,0.00062,0.00726,0.00132
10.71323,0.48529,0.99295,0.00266,0.00277,0.00163
10.81618,0.48529,0.94403,0.00172,0.01384,0.04041
10.91912,0.48529,0.05587,0.00042,0.00328,0.94043
11.02206,0.48529,0.99933,0.00015,0.00036,0.00016
11.12500,0.48529,0.98504,0.00025,0.01468,0.00003
11.22794,0.48529,0.99280,0.00428,0.00177,0.00115
11.33088,0.48529,0.99384,0.00196,0.00217,0.00203
11.43382,0.48529,0.77793,0.11616,0.09135,0.01456
11.53677,0.48529,0.05061,0.93516,0.01097,0.00326
11.63971,0.48529,0.05061,0.93516,0.01097,0.00326
11.74265,0.48529,0.71125,0.04001,0.23981,0.00893
11.84559,0.48529,0.90224,0.00936,0.08735,0.00105
11.94853,0.48529,0.99861,0.00026,0.00106,0.00006
12.05147,0.48529,0.98485,0.00984,0.00075,0.00456
12.15441,0.48529,0.97007,0.00783,0.00878,0.01332
12.25735,0.48529,0.06472,0.00107,0.00631,0.92790
12.36029,0.48529,0.99172,0.00011,0.00320,0.00497
12.46323,0.48529,0.99251,0.00098,0.00638,0.00012
12.56618,0.48529,0.99266,0.00047,0.00593,0.00093
12.66912,0.48529,0.99505,0.00223,0.00135,0.00137
12.77206,0.48529,0.93638,0.02097,0.03706,0.00559
12.87500,0.48529,0.65700,0.27643,0.04920,0.01738
12.97794,0.48529,0.05061,0.93516,0.01097,0.00326
13.08088,0.48529,0.76686,0.02887,0.19919,0.00507
13.18382,0.48529,0.95052,0.00444,0.04472,0.00031
13.28677,0.48529,0.98289,0.00928,0.00376,0.00408
13.38971,0.48529,0.98373,0.00667,0.00717,0.00243
13.49265,0.48529,0.64152,0.00251,0.02227,0.33370
13.59559,0.48529,0.17075,0.00085,0.00398,0.82442
13.69853,0.48529,0.99890,0.00037,0.00053,0.00019
13.80147,0.48529,0.98180,0.00012,0.01804,0.00003
13.90441,0.48529,0.98408,0.00926,0.00209,0.00458
14.00735,0.48529,0.98477,0.00414,0.00891,0.00218
14.11029,0.48529,0.83850,0.04658,0.09987,0.01505
14.21323,0.48529,0.32527,0.56084,0.09596,0.01793
14.31618,0.48529,0.05061,0.93516,0.01097,0.00326
14.41912,0.48529,0.57172,0.16965,0.23843,0.02020
14.52206,0.48529,0.82089,0.01570,0.16190,0.00151
14.62500,0.48529,0.99814,0.00070,0.00089,0.00027
14.72794,0.48529,0.99629,0.00097,0.00075,0.00199
14.83088,0.48529,0.99213,0.00411,0.00174,0.00202
14.93382,0.48529,0.16194,0.00185,0.00988,0.82633
15.03677,0.48529,0.80925,0.00025,0.00801,0.18249
15.13971,0.48529,0.99770,0.00031,0.00193,0.00007
15.24265,0.48529,0.98196,0.00044,0.01729,0.00030
15.34559,0.48529,0.98959,0.00663,0.00189,0.00189
15.44853,0.48529,0.95461,0.00929,0.03137,0.00473
15.55147,0.48529,0.65424,0.24787,0.07703,0.02086
15.65441,0.48529,0.05061,0.93516,0.01097,0.00326
15.75735,0.48529,0.63596,0.07371,0.27982,0.01050
15.86029,0.48529,0.87841,0.01947,0.10077,0.00135
15.96323,0.48530,0.99601,0.00120,0.00270,0.00009
16.06618,0.48529,0.99174,0.00495,0.00040,0.00291
16.16912,0.48529,0.97297,0.00846,0.01096,0.00761
16.27206,0.48529,0.06041,0.00066,0.00224,0.93670
16.37500,0.48529,0.99169,0.00008,0.00306,0.00517
16.47794,0.48529,0.99585,0.00039,0.00369,0.00008
16.58088,0.48529,0.97854,0.00057,0.01996,0.00093
16.68382,0.48529,0.99509,0.00299,0.00125,0.00067
16.78676,0.48529,0.95446,0.01049,0.02914,0.00591
16.88971,0.48529,0.69480,0.13955,0.13781,0.02784
16.99265,0.48529,0.77105,0.02320,0.20201,0.00374
17.09559,0.48529,0.93486,0.00912,0.05567,0.00035
17.19853,0.48529,0.99829,0.00014,0.00145,0.00012
17.30147,0.48529,0.98951,0.00622,0.00148,0.00280
17.40441,0.48529,0.94993,0.00386,0.02939,0.01682
17.50735,0.48529,0.11730,0.00249,0.02151,0.85871
17.61029,0.48529,0.98190,0.00003,0.01003,0.00804
17.71324,0.48529,0.99374,0.00018,0.00605,0.00003
17.81618,0.48529,0.99303,0.00038,0.00609,0.00050
17.91912,0.48529,0.99167,0.00364,0.00341,0.00128
18.02206,0.48529,0.98410,0.00580,0.00864,0.00145
18.12500,0.48529,0.74838,0.10334,0.12556,0.02272
18.22794,0.48529,0.05061,0.93516,0.01097,0.00326
18.33088,0.48529,0.77071,0.02800,0.19663,0.00466
18.43382,0.48529,0.94655,0.00155,0.05176,0.00014
18.53676,0.48529,0.99589,0.00194,0.00212,0.00005
18.63971,0.48529,0.99040,0.00290,0.00049,0.00621
18.74265,0.48529,0.84195,0.00342,0.05379,0.10083
18.84559,0.48529,0.13608,0.00213,0.01294,0.84886
18.94853,0.48529,0.99313,0.00008,0.00654,0.00025
19.05147,0.48529,0.98477,0.00015,0.01505,0.00002
19.15441,0.48529,0.99718,0.00090,0.00115,0.00077
19.25735,0.48529,0.99453,0.00167,0.00345,0.00034
19.36029,0.48529,0.95061,0.01901,0.02251,0.00787
19.46324,0.48529,0.71343,0.16187,0.09704,0.02765
19.56618,0.48529,0.05061,0.93516,0.01097,0.00326
19.66912,0.48529,0.77093,0.04361,0.17381,0.01165
19.77206,0.48529,0.95247,0.00832,0.03841,0.00079
19.87500,0.48529,0.99884,0.00104,0.00003,0.00009
19.97794,0.48529,0.98222,0.00972,0.00598,0.00208
20.08088,0.48529,0.56753,0.00366,0.00788,0.42093
20.18382,0.48529,0.25324,0.00068,0.00186,0.74422
20.28676,0.48529,0.99909,0.00015,0.00066,0.00010
20.38971,0.48529,0.98853,0.00003,0.01142,0.00003
20.49265,0.48529,0.99331,0.00602,0.00020,0.00048
20.59559,0.48529,0.98832,0.00385,0.00529,0.00253
20.69853,0.48529,0.81467,0.09591,0.06758,0.02184
20.80147,0.48529,0.05061,0.93516,0.01097,0.00326
20.90441,0.48529,0.23011,0.68935,0.06826,0.01228
21.00735,0.48529,0.81169,0.04968,0.13441,0.00421
21.11029,0.48529,0.99922,0.00035,0.00015,0.00028
21.21324,0.48529,0.99820,0.00054,0.00028,0.00098
21.31618,0.48529,0.99301,0.00135,0.00306,0.00258
21.41912,0.48529,0.15390,0.00126,0.00440,0.84044
21.52206,0.48529,0.87862,0.00004,0.00425,0.11709
21.62500,0.48529,0.99560,0.00038,0.00394,0.00009
21.72794,0.48529,0.97881,0.00049,0.01971,0.00100
21.83088,0.48529,0.98571,0.00946,0.00268,0.00215
21.93382,0.48529,0.90852,0.01390,0.06846,0.00911
22.03676,0.48529,0.32527,0.56084,0.09596,0.01793
22.13971,0.48529,0.05061,0.93516,0.01097,0.00326
22.24265,0.48529,0.77191,0.03264,0.18828,0.00717
22.34559,0.48529,0.93392,0.01319,0.05197,0.00093
22.44853,0.48529,0.99946,0.00010,0.00024,0.00020
22.55147,0.48529,0.99926,0.00020,0.00009,0.00045
22.65441,0.48529,0.97984,0.00569,0.00253,0.01194
22.75735,0.48529,0.02343,0.00002,0.00031,0.97625
22.86029,0.48529,0.99126,0.00005,0.00163,0.00706
22.96324,0.48529,0.99758,0.00000,0.00238,0.00003
23.06618,0.48529,0.99180,0.00003,0.00814,0.00003
23.16912,0.48529,0.98434,0.00681,0.00593,0.00292
23.27206,0.48529,0.98151,0.00317,0.01385,0.00147
23.37500,0.48529,0.79100,0.01654,0.18393,0.00852
23.47794,0.48529,0.95803,0.00282,0.03899,0.00016
23.58088,0.48529,0.99630,0.00074,0.00279,0.00018
23.68382,0.48529,0.99231,0.00178,0.00357,0.00234
23.78676,0.48529,0.97923,0.00136,0.01368,0.00572
23.88971,0.48529,0.49335,0.00250,0.00652,0.49763
23.99265,0.48529,0.29044,0.00079,0.00976,0.69902
24.09559,0.48529,0.99892,0.00013,0.00041,0.00054
24.19853,0.48529,0.99790,0.00036,0.00172,0.00002
24.30147,0.48529,0.99186,0.00134,0.00592,0.00088
24.40441,0.48529,0.99654,0.00059,0.00242,0.00046
24.50735,0.48529,0.97319,0.00054,0.02582,0.00046
24.61029,0.48529,0.89885,0.02670,0.07370,0.00075
24.71324,0.48529,0.96979,0.00231,0.02700,0.00090
24.81618,0.48529,0.99673,0.00038,0.00167,0.00121
24.91912,0.48529,0.97901,0.00434,0.01163,0.00502
25.02206,0.48529,0.07841,0.00048,0.00311,0.91801
25.12500,0.48529,0.99815,0.00021,0.00040,0.00124
25.22794,0.48529,0.99735,0.00047,0.00214,0.00004
25.33088,0.48529,0.99041,0.00135,0.00686,0.00139
25.43382,0.48529,0.99198,0.00419,0.00242,0.00140
25.53676,0.48529,0.89125,0.02150,0.07747,0.00978
25.63971,0.48529,0.43568,0.42756,0.11470,0.02206
25.74265,0.48529,0.05061,0.93516,0.01097,0.00326
25.84559,0.48529,0.58841,0.08985,0.30957,0.01218
25.94853,0.48529,0.92032,0.01574,0.06282,0.00113
26.05147,0.48529,0.99504,0.00159,0.00330,0.00007
26.15441,0.48529,0.98002,0.00039,0.01905,0.00054
26.25735,0.48529,0.95113,0.00572,0.02173,0.02142
26.36029,0.48529,0.19278,0.00139,0.01466,0.79117
26.46324,0.48529,0.99936,0.00013,0.00045,0.00006
26.56618,0.48529,0.98358,0.00047,0.01589,0.00005
26.66912,0.48529,0.98219,0.01429,0.00196,0.00155
26.77206,0.48529,0.98292,0.00505,0.00951,0.00252
26.87500,0.48529,0.68718,0.15397,0.13217,0.02669
26.97794,0.48529,0.05061,0.93516,0.01097,0.00326
27.08088,0.48529,0.05061,0.93516,0.01097,0.00326
27.18382,0.48529,0.05061,0.93516,0.01097,0.00326
27.28676,0.48529,0.85356,0.02466,0.11827,0.00351
27.38971,0.48529,0.99349,0.00283,0.00358,0.00010
27.49265,0.48529,0.98718,0.00850,0.00065,0.00367
27.59559,0.48529,0.99533,0.00116,0.00054,0.00297
27.69853,0.48529,0.63275,0.01714,0.00072,0.34939
27.80147,0.48529,0.12498,0.00095,0.00417,0.86990
27.90441,0.48529,0.99888,0.00015,0.00018,0.00080
28.00735,0.48529,0.99582,0.00078,0.00330,0.00010
28.11029,0.48529,0.98908,0.00087,0.00943,0.00062
28.21324,0.48529,0.98939,0.00504,0.00267,0.00290
28.31618,0.48529,0.89634,0.02657,0.06560,0.01149
28.41912,0.48529,0.05061,0.93516,0.01097,0.00326
28.52206,0.48529,0.81230,0.02794,0.15324,0.00652
28.62500,0.48529,0.96738,0.00816,0.02401,0.00046
28.72794,0.48529,0.99874,0.00027,0.00069,0.00031
28.83088,0.48529,0.97991,0.01384,0.00413,0.00212
28.93382,0.48529,0.95663,0.01441,0.00510,0.02385
29.03676,0.48529,0.03895,0.00015,0.00030,0.96060
29.13971,0.48529,0.98770,0.00017,0.00054,0.01158
29.24265,0.48529,0.99828,0.00031,0.00131,0.00010
29.34559,0.48529,0.98870,0.00007,0.01121,0.00002
29.44853,0.48529,0.99113,0.00731,0.00061,0.00096
29.55147,0.48529,0.98659,0.00593,0.00547,0.00202
29.65441,0.48529,0.78147,0.09354,0.09832,0.02667
29.75735,0.48529,0.75915,0.03566,0.19797,0.00722
29.86029,0.48529,0.98659,0.00798,0.00472,0.00070
29.96324,0.48529,0.99603,0.00091,0.00178,0.00128
30.06618,0.48529,0.98339,0.00861,0.00504,0.00295
30.16912,0.48529,0.89948,0.02211,0.00429,0.07411
30.27206,0.48529,0.03845,0.00018,0.00016,0.96121
30.37500,0.48529,0.92628,0.00273,0.00201,0.06898
30.47794,0.48529,0.99852,0.00045,0.00078,0.00026
30.58088,0.48529,0.97431,0.00012,0.02549,0.00008
30.68382,0.48529,0.94461,0.04204,0.00462,0.00873
30.78676,0.48529,0.97721,0.00860,0.01207,0.00212
30.88971,0.48529,0.67781,0.22399,0.07656,0.02163
30.99265,0.48529,0.05061,0.93516,0.01097,0.00326
31.09559,0.48529,0.74197,0.03966,0.21080,0.00756
31.19853,0.48529,0.99721,0.00145,0.00045,0.00089
31.30147,0.48529,0.99757,0.00077,0.00051,0.00115
31.40441,0.48529,0.99812,0.00055,0.00036,0.00097
31.50735,0.48529,0.86984,0.01238,0.00183,0.11595
31.61029,0.48529,0.05836,0.00014,0.00038,0.94112
31.71324,0.48529,0.99723,0.00019,0.00049,0.00208
31.81618,0.48529,0.99692,0.00060,0.00241,0.00006
31.91912,0.48529,0.98756,0.00060,0.01123,0.00061
32.02206,0.48529,0.99254,0.00412,0.00125,0.00210
32.12500,0.48529,0.87551,0.03824,0.07482,0.01143
32.22794,0.48529,0.05061,0.93516,0.01097,0.00326
32.33088,0.48529,0.22984,0.64121,0.11440,0.01455
32.43382,0.48529,0.87477,0.02949,0.09245,0.00329
32.53677,0.48529,0.99979,0.00008,0.00008,0.00005
32.63971,0.48529,0.99666,0.00133,0.00051,0.00150
32.74265,0.48529,0.99274,0.00053,0.00238,0.00434
32.84559,0.48529,0.14153,0.00089,0.00067,0.85690
32.94853,0.48529,0.70046,0.00021,0.00595,0.29338
33.05147,0.48529,0.99887,0.00001,0.00108,0.00004
33.15441,0.48529,0.97229,0.00006,0.02763,0.00002
33.25735,0.48529,0.98204,0.00634,0.00954,0.00209
33.36029,0.48529,0.89381,0.00037,0.10560,0.00022
33.46323,0.48529,0.65817,0.00240,0.33799,0.00144
33.56618,0.48529,0.28483,0.00371,0.71109,0.00037
33.66912,0.48529,0.73447,0.00796,0.25624,0.00132
33.77206,0.48529,0.97233,0.00010,0.02720,0.00037
33.87500,0.48529,0.98412,0.00090,0.01207,0.00291
33.97794,0.48529,0.98191,0.00295,0.00291,0.01223
34.08088,0.48529,0.07477,0.00058,0.00097,0.92368
34.18382,0.48529,0.95991,0.00072,0.00287,0.03650
34.28677,0.48529,0.99940,0.00018,0.00037,0.00005
34.38971,0.48529,0.99633,0.00004,0.00363,0.00000
34.49265,0.48529,0.93035,0.00023,0.06918,0.00024
34.59559,0.48529,0.96084,0.00055,0.03786,0.00074
34.69853,0.48529,0.94357,0.00025,0.05565,0.00053
34.80147,0.48529,0.99394,0.00056,0.00539,0.00011
34.90441,0.48529,0.91343,0.00113,0.08500,0.00044
35.00735,0.48529,0.83085,0.00219,0.16652,0.00044
35.11029,0.48529,0.99082,0.00006,0.00866,0.00046
35.21323,0.48529,0.99137,0.00141,0.00519,0.00203
35.31618,0.48529,0.93122,0.00932,0.01647,0.04299
35.41912,0.48529,0.09150,0.00077,0.00233,0.90540
35.52206,0.48529,0.99871,0.00016,0.00037,0.00076
35.62500,0.48529,0.99773,0.00080,0.00144,0.00003
35.72794,0.48529,0.99106,0.00104,0.00765,0.00025
35.83088,0.48529,0.99628,0.00122,0.00177,0.00073
35.93382,0.48529,0.98569,0.00212,0.00963,0.00256
36.03677,0.48529,0.69316,0.18874,0.10204,0.01606
36.13971,0.48529,0.56200,0.18113,0.23683,0.02004
36.24265,0.48529,0.85802,0.01800,0.12226,0.00171
36.34559,0.48529,0.99552,0.00124,0.00313,0.00011
36.44853,0.48529,0.99022,0.00565,0.00053,0.00360
36.55147,0.48529,0.84343,0.00245,0.00539,0.14873
36.65441,0.48529,0.13173,0.00167,0.00808,0.85852
36.75735,0.48529,0.99550,0.00003,0.00426,0.00020
36.86029,0.48529,0.99365,0.00002,0.00633,0.00000
36.96323,0.48529,0.97229,0.00204,0.02442,0.00125
37.06618,0.48529,0.74071,0.00135,0.25669,0.00124
37.16912,0.48529,0.71231,0.00161,0.28485,0.00123
37.27206,0.48529,0.85470,0.00080,0.14427,0.00024
37.37500,0.48529,0.77233,0.01059,0.21592,0.00117
37.47794,0.48529,0.82447,0.00388,0.17062,0.00102
37.58088,0.48529,0.98375,0.00002,0.01589,0.00034
37.68382,0.48529,0.86981,0.00162,0.10137,0.02721
37.78677,0.48529,0.32023,0.00448,0.03436,0.64092
37.88971,0.48529,0.97090,0.00002,0.01166,0.01742
37.99265,0.48529,0.99615,0.00017,0.00365,0.00002
38.09559,0.48529,0.93609,0.00015,0.06368,0.00008
38.19853,0.48529,0.09800,0.00007,0.90184,0.00009
38.30147,0.48529,0.01837,0.00005,0.98151,0.00007
38.40441,0.48529,0.02234,0.00005,0.97754,0.00007
38.50735,0.48529,0.01231,0.00003,0.98764,0.00002
38.61029,0.48529,0.07144,0.00021,0.92819,0.00015
38.71323,0.48529,0.98382,0.00004,0.01580,0.00035
38.81618,0.48529,0.98061,0.00083,0.01694,0.00162
38.91912,0.48529,0.50597,0.00262,0.02946,0.46195
39.02206,0.48529,0.21618,0.00065,0.01133,0.77183
39.12500,0.48529,0.99890,0.00029,0.00075,0.00007
39.22794,0.48529,0.99008,0.00043,0.00942,0.00007
39.33088,0.48529,0.99618,0.00234,0.00053,0.00095
39.43382,0.48529,0.99061,0.00339,0.00461,0.00139
39.53677,0.48529,0.78797,0.14205,0.05722,0.01276
39.63971,0.48529,0.05061,0.93516,0.01097,0.00326
39.74265,0.48529,0.73055,0.04174,0.21909,0.00862
39.84559,0.48529,0.93181,0.01137,0.05599,0.00082
39.94853,0.48529,0.98891,0.00279,0.00562,0.00267
40.05147,0.48529,0.98743,0.00414,0.00521,0.00322
40.15441,0.48529,0.56369,0.00874,0.01323,0.41433
40.25735,0.48529,0.23409,0.00075,0.00184,0.76332
40.36029,0.48529,0.99787,0.00035,0.00171,0.00007
40.46323,0.48529,0.98357,0.00234,0.01321,0.00087
40.56618,0.48529,0.99017,0.00725,0.00116,0.00143
40.66912,0.48529,0.78103,0.09579,0.10034,0.02283
40.77206,0.48529,0.05061,0.93516,0.01097,0.00326
40.87500,0.48529,0.05061,0.93516,0.01097,0.00326
40.97794,0.48529,0.05061,0.93516,0.01097,0.00326
41.08088,0.48529,0.83301,0.01584,0.14889,0.00226
41.18382,0.48529,0.99558,0.00231,0.00158,0.00052
41.28677,0.48529,0.99900,0.00040,0.00027,0.00033
41.38971,0.48529,0.98398,0.00953,0.00325,0.00324
41.49265,0.48529,0.14194,0.00298,0.01080,0.84428
41.59559,0.48529,0.88408,0.00021,0.00652,0.10919
41.69853,0.48529,0.99569,0.00036,0.00388,0.00007
41.80147,0.48529,0.98857,0.00090,0.00967,0.00086
41.90441,0.48529,0.99111,0.00659,0.00104,0.00127
42.00735,0.48529,0.91314,0.01936,0.05780,0.00970
42.11029,0.48529,0.71088,0.07281,0.19166,0.02465
42.21323,0.48529,0.81092,0.01427,0.17344,0.00137
42.31618,0.48529,0.94556,0.01165,0.04249,0.00031
42.41912,0.48529,0.99546,0.00060,0.00382,0.00013
42.52206,0.48529,0.99562,0.00294,0.00025,0.00119
42.62500,0.48529,0.84909,0.00265,0.03737,0.11090
42.72794,0.48529,0.09640,0.00266,0.02092,0.88002
42.83088,0.48529,0.99820,0.00007,0.00150,0.00024
42.93382,0.48529,0.98706,0.00016,0.01276,0.00002
43.03677,0.48529,0.98278,0.00956,0.00345,0.00421
43.13971,0.48529,0.98488,0.00306,0.00988,0.00218
43.24265,0.48529,0.81008,0.05013,0.12871,0.01108
43.34559,0.48529,0.70178,0.07504,0.19778,0.02540
43.44853,0.48529,0.82483,0.01514,0.15842,0.00161
43.55147,0.48529,0.95776,0.00979,0.03216,0.00029
43.65441,0.48529,0.98647,0.00186,0.01059,0.00108
43.75735,0.48529,0.99666,0.00065,0.00215,0.00054
43.86029,0.48529,0.80597,0.02333,0.02559,0.14512
43.96323,0.48529,0.65260,0.00050,0.04052,0.30638
44.06618,0.48529,0.99954,0.00006,0.00039,0.00001
44.16912,0.48529,0.98364,0.00118,0.01495,0.00022
44.27206,0.48529,0.99823,0.00039,0.00102,0.00037
44.37500,0.48529,0.99034,0.00206,0.00573,0.00186
44.47794,0.48529,0.93629,0.03932,0.01950,0.00489
44.58088,0.48529,0.32409,0.62107,0.04179,0.01305
44.68382,0.48529,0.81446,0.04257,0.13704,0.00594
44.78677,0.48529,0.93107,0.00401,0.06470,0.00022
44.88971,0.48529,0.99601,0.00109,0.00275,0.00015
44.99265,0.48529,0.99216,0.00064,0.00540,0.00180
45.09559,0.48529,0.99125,0.00154,0.00341,0.00380
45.19853,0.48529,0.21238,0.00540,0.01863,0.76359
45.30147,0.48529,0.98279,0.00017,0.00467,0.01237
45.40441,0.48529,0.99811,0.00030,0.00156,0.00003
45.50735,0.48529,0.99403,0.00069,0.00456,0.00072
45.61029,0.48529,0.99600,0.00188,0.00120,0.00091
45.71323,0.48529,0.96850,0.01104,0.01801,0.00246
45.81618,0.48529,0.65725,0.25581,0.06827,0.01867
45.91912,0.48529,0.24578,0.61274,0.12621,0.01527
46.02206,0.48529,0.87349,0.03082,0.09257,0.00312
46.12500,0.48529,0.99895,0.00042,0.00054,0.00009
46.22794,0.48529,0.99724,0.00045,0.00056,0.00175
46.33088,0.48529,0.98514,0.00221,0.00438,0.00827
46.43382,0.48529,0.15712,0.00139,0.01382,0.82767
46.53677,0.48529,0.88482,0.00014,0.00963,0.10541
46.63971,0.48529,0.99844,0.00022,0.00130,0.00004
46.74265,0.48529,0.98489,0.00084,0.01406,0.00021
46.84559,0.48529,0.99314,0.00488,0.00128,0.00070
46.94853,0.48529,0.97574,0.00643,0.01358,0.00425
47.05147,0.48529,0.66877,0.15123,0.15373,0.02626
47.15441,0.48529,0.05061,0.93516,0.01097,0.00326
47.25735,0.48529,0.81351,0.02922,0.15379,0.00348
47.36029,0.48529,0.96694,0.00587,0.02678,0.00041
47.46323,0.48529,0.99599,0.00078,0.00160,0.00163
47.56618,0.48529,0.95298,0.02983,0.01465,0.00254
47.66912,0.48529,0.54509,0.00826,0.00776,0.43889
47.77206,0.48529,0.15028,0.00083,0.00454,0.84434
47.87500,0.48529,0.99931,0.00028,0.00029,0.00012
47.97794,0.48529,0.97361,0.00011,0.02620,0.00008
48.08088,0.48529,0.97474,0.01965,0.00239,0.00321
48.18382,0.48529,0.96924,0.00782,0.01912,0.00382
48.28677,0.48529,0.70652,0.17927,0.09343,0.02078
48.38971,0.48529,0.60122,0.08177,0.30519,0.01181
48.49265,0.48529,0.91834,0.01616,0.06441,0.00110
48.59559,0.48529,0.99528,0.00198,0.00266,0.00008
48.69853,0.48529,0.98962,0.00582,0.00066,0.00390
48.80147,0.48529,0.98337,0.00784,0.00354,0.00525
48.90441,0.48529,0.04430,0.00051,0.00091,0.95427
49.00735,0.48529,0.97614,0.00034,0.00423,0.01929
49.11029,0.48529,0.99776,0.00040,0.00175,0.00008
49.21323,0.48529,0.98713,0.00062,0.01173,0.00052
49.31618,0.48529,0.99194,0.00676,0.00062,0.00069
49.41912,0.48529,0.95624,0.01182,0.02382,0.00812
49.52206,0.48529,0.05061,0.93516,0.01097,0.00326
49.62500,0.48529,0.05061,0.93516,0.01097,0.00326
49.72794,0.48529,0.75210,0.03475,0.20522,0.00793
49.83088,0.48529,0.96045,0.01117,0.02712,0.00126
49.93382,0.48529,0.99660,0.00055,0.00227,0.00057
50.03677,0.48529,0.97125,0.01134,0.01551,0.00189
50.13971,0.48529,0.18858,0.00167,0.00519,0.80456
50.24265,0.48529,0.62909,0.00027,0.00689,0.36374
50.34559,0.48529,0.99901,0.00013,0.00083,0.00003
50.44853,0.48529,0.96849,0.00035,0.03072,0.00045
50.55147,0.48529,0.99083,0.00814,0.00042,0.00061
50.65441,0.48529,0.96041,0.00989,0.02197,0.00773
50.75735,0.48529,0.05061,0.93516,0.01097,0.00326
50.86029,0.48529,0.05061,0.93516,0.01097,0.00326
50.96323,0.48529,0.05061,0.93516,0.01097,0.00326
51.06618,0.48529,0.88681,0.01659,0.09453,0.00207
51.16912,0.48529,0.99424,0.00397,0.00156,0.00022
51.27206,0.48529,0.99042,0.00639,0.00041,0.00278
51.37500,0.48529,0.96386,0.00733,0.00372,0.02509
51.47794,0.48529,0.07980,0.00085,0.00367,0.91568
51.58088,0.48529,0.99617,0.00009,0.00153,0.00221
51.68382,0.48529,0.99173,0.00032,0.00791,0.00003
51.78677,0.48529,0.98111,0.00575,0.00995,0.00319
51.88971,0.48529,0.98857,0.00521,0.00465,0.00156
51.99265,0.48529,0.85569,0.03461,0.09414,0.01557
52.09559,0.48529,0.05061,0.93516,0.01097,0.00326
52.19853,0.48529,0.05061,0.93516,0.01097,0.00326
52.30147,0.48529,0.65219,0.09422,0.24166,0.01194
52.40441,0.48529,0.91731,0.01495,0.06620,0.00153
52.50735,0.48529,0.99608,0.00105,0.00215,0.00073
52.61029,0.48529,0.96955,0.01733,0.00930,0.00382
52.71323,0.48529,0.28818,0.00250,0.00255,0.70676
52.81618,0.48529,0.27164,0.00062,0.00556,0.72218
52.91912,0.48529,0.99873,0.00050,0.00072,0.00006
53.02206,0.48529,0.98896,0.00027,0.01065,0.00012
53.12500,0.48529,0.98831,0.00975,0.00078,0.00116
53.22794,0.48529,0.95551,0.00894,0.02700,0.00855
53.33088,0.48529,0.47902,0.32727,0.17539,0.01831
53.43382,0.48529,0.05061,0.93516,0.01097,0.00326
53.53677,0.48529,0.23778,0.62709,0.12021,0.01491
53.63971,0.48529,0.85756,0.01751,0.12243,0.00250
53.74265,0.48529,0.99618,0.00236,0.00093,0.00052
53.84559,0.48529,0.98604,0.00836,0.00238,0.00323
53.94853,0.48529,0.85810,0.00339,0.00684,0.13167
54.05147,0.48529,0.07366,0.00024,0.00092,0.92517
54.15441,0.48529,0.99920,0.00015,0.00033,0.00032
54.25735,0.48529,0.97764,0.00018,0.02209,0.00009
54.36029,0.48529,0.96415,0.03169,0.00140,0.00276
54.46323,0.48529,0.97083,0.00600,0.01798,0.00519
54.56618,0.48529,0.42193,0.39060,0.16810,0.01937
54.66912,0.48529,0.05061,0.93516,0.01097,0.00326
54.77206,0.48529,0.05061,0.93516,0.01097,0.00326
54.87500,0.48529,0.69471,0.05556,0.24017,0.00956
54.97794,0.48529,0.96524,0.01431,0.01929,0.00116
55.08088,0.48529,0.99890,0.00022,0.00059,0.00029
55.18382,0.48529,0.97515,0.00968,0.01210,0.00306
55.28677,0.48529,0.09989,0.00153,0.00289,0.89568
55.38971,0.48529,0.70413,0.00027,0.00539,0.29021
55.49265,0.48529,0.99782,0.00035,0.00165,0.00018
55.59559,0.48529,0.97897,0.00020,0.02071,0.00012
55.69853,0.48529,0.98917,0.00853,0.00067,0.00164
55.80147,0.48529,0.95865,0.01116,0.02595,0.00424
55.90441,0.48529,0.33677,0.54598,0.09888,0.01837
56.00735,0.48529,0.05061,0.93516,0.01097,0.00326
56.11029,0.48529,0.71335,0.06040,0.21649,0.00976
56.21323,0.48529,0.98632,0.00864,0.00409,0.00095
56.31618,0.48529,0.99957,0.00012,0.00022,0.00009
56.41912,0.48529,0.99730,0.00099,0.00106,0.00065
56.52206,0.48529,0.92325,0.00859,0.00088,0.06728
56.62500,0.48529,0.09692,0.00097,0.00051,0.90160
56.72794,0.48529,0.30856,0.00271,0.00227,0.68645
56.83088,0.48529,0.99823,0.00016,0.00031,0.00130
56.93382,0.48529,0.99089,0.00013,0.00889,0.00009
57.03677,0.48529,0.98835,0.00114,0.00993,0.00058
57.13971,0.48529,0.99079,0.00530,0.00237,0.00153
57.24265,0.48529,0.80949,0.08332,0.08812,0.01907
57.34559,0.48529,0.05061,0.93516,0.01097,0.00326
57.44853,0.48529,0.05061,0.93516,0.01097,0.00326
57.55147,0.48529,0.05061,0.93516,0.01097,0.00326
57.65441,0.48529,0.71115,0.03283,0.24748,0.00854
57.75735,0.48529,0.99516,0.00375,0.00047,0.00062
57.86029,0.48529,0.99859,0.00067,0.00038,0.00036
57.96323,0.48529,0.99681,0.00077,0.00156,0.00086
58.06618,0.48529,0.85245,0.01254,0.00116,0.13385
58.16912,0.48529,0.19364,0.00111,0.00058,0.80467
58.27206,0.48529,0.06976,0.00870,0.00597,0.91556
58.37500,0.48529,0.06595,0.00864,0.00577,0.91963
58.47794,0.48529,0.05181,0.01149,0.00539,0.93131
58.58088,0.48529,0.42738,0.01002,0.00247,0.56013
58.68382,0.48529,0.99852,0.00056,0.00019,0.00073
58.78677,0.48529,0.99340,0.00031,0.00620,0.00008
58.88971,0.48529,0.98747,0.00501,0.00555,0.00197
58.99265,0.48529,0.98488,0.00748,0.00599,0.00165
59.09559,0.48529,0.66025,0.23440,0.08474,0.02062
59.19853,0.48529,0.05061,0.93516,0.01097,0.00326
59.30147,0.48529,0.05061,0.93516,0.01097,0.00326
59.40441,0.48529,0.05061,0.93516,0.01097,0.00326
59.50735,0.48529,0.78752,0.02272,0.18422,0.00553
59.61029,0.48529,0.98964,0.00480,0.00524,0.00032
59.71323,0.48529,0.99955,0.00006,0.00031,0.00007
59.81618,0.48529,0.99156,0.00474,0.00205,0.00164
59.91912,0.48529,0.95297,0.00619,0.00169,0.03915
60.02206,0.48529,0.08826,0.00032,0.00048,0.91095
60.12500,0.48529,0.05345,0.00142,0.00138,0.94376
60.22794,0.48529,0.98935,0.00150,0.00033,0.00882
60.33088,0.48529,0.99436,0.00105,0.00436,0.00023
60.43382,0.48529,0.98112,0.00020,0.01852,0.00016
60.53677,0.48529,0.98793,0.01084,0.00018,0.00105
60.63971,0.48529,0.92078,0.02951,0.03962,0.01009
60.74265,0.48529,0.05061,0.93516,0.01097,0.00326
60.84559,0.48529,0.05061,0.93516,0.01097,0.00326
60.94853,0.48529,0.54931,0.17928,0.25122,0.02019
61.05147,0.48529,0.90909,0.01314,0.07597,0.00180
61.15441,0.48529,0.99124,0.00582,0.00079,0.00215
61.25735,0.48529,0.87565,0.02820,0.07665,0.01950
61.36029,0.48529,0.30629,0.00548,0.00807,0.68017
61.46323,0.48529,0.93051,0.01384,0.00123,0.05442
61.56618,0.48529,0.99133,0.00011,0.00849,0.00007
61.66912,0.48529,0.97592,0.01635,0.00490,0.00283
61.77206,0.48529,0.97916,0.00629,0.01165,0.00290
61.87500,0.48529,0.05061,0.93516,0.01097,0.00326
61.97794,0.48529,0.05061,0.93516,0.01097,0.00326
62.08088,0.48529,0.05061,0.93516,0.01097,0.00326
62.18382,0.48529,0.05061,0.93516,0.01097,0.00326
62.28677,0.48529,0.77257,0.02765,0.19261,0.00716
62.38971,0.48529,0.98126,0.01146,0.00605,0.00123
62.49265,0.48529,0.99629,0.00103,0.00159,0.00109
62.59559,0.48529,0.88126,0.00210,0.01371,0.10292
62.69853,0.48529,0.58485,0.01226,0.00960,0.39329
62.80147,0.48529,0.99836,0.00004,0.00138,0.00022
62.90441,0.48529,0.96864,0.00058,0.03043,0.00034
63.00735,0.48529,0.99067,0.00813,0.00026,0.00094
63.11029,0.48529,0.84190,0.06322,0.07270,0.02218
63.21323,0.48529,0.05061,0.93516,0.01097,0.00326
63.31618,0.48529,0.05061,0.93516,0.01097,0.00326
63.41912,0.48529,0.05061,0.93516,0.01097,0.00326
63.52206,0.48529,0.55930,0.10960,0.31716,0.01394
63.62500,0.48529,0.86020,0.02265,0.11523,0.00192
63.72794,0.48529,0.96180,0.00621,0.03162,0.00037
63.83088,0.48529,0.99066,0.00038,0.00763,0.00133
63.93382,0.48530,0.78900,0.00945,0.17286,0.02870
64.03677,0.48529,0.24228,0.00169,0.04230,0.71373
64.13971,0.48529,0.96910,0.00042,0.00301,0.02747
64.24265,0.48530,0.98945,0.00014,0.01036,0.00005
64.34559,0.48529,0.98045,0.01548,0.00168,0.00239
64.44853,0.48529,0.97499,0.00763,0.01342,0.00396
64.55147,0.48530,0.30108,0.54841,0.13598,0.01453
64.65441,0.48530,0.05061,0.93516,0.01097,0.00326
64.75735,0.48529,0.05061,0.93516,0.01097,0.00326
64.86029,0.48530,0.05061,0.93516,0.01097,0.00326
64.96323,0.48530,0.61603,0.07062,0.30210,0.01125
65.06618,0.48529,0.93577,0.01346,0.04975,0.00101
65.16912,0.48529,0.99806,0.00165,0.00020,0.00009
65.27206,0.48530,0.99088,0.00356,0.00140,0.00416
65.37500,0.48529,0.75930,0.00049,0.00664,0.23357
65.47794,0.48529,0.21696,0.00040,0.00436,0.77827
65.58088,0.48530,0.99847,0.00006,0.00124,0.00023
65.68382,0.48530,0.97976,0.00109,0.01809,0.00106
65.78677,0.48529,0.99173,0.00585,0.00157,0.00086
65.88971,0.48529,0.90815,0.01910,0.05923,0.01352
65.99265,0.48530,0.05061,0.93516,0.01097,0.00326
66.09559,0.48529,0.05061,0.93516,0.01097,0.00326
66.19853,0.48529,0.05061,0.93516,0.01097,0.00326
66.30147,0.48530,0.22197,0.65508,0.10877,0.01418
66.40441,0.48530,0.83371,0.03383,0.12884,0.00361
66.50735,0.48529,0.99624,0.00321,0.00041,0.00015
66.61029,0.48530,0.99245,0.00448,0.00020,0.00286
66.71323,0.48530,0.65876,0.00213,0.00287,0.33623
66.81618,0.48529,0.13030,0.00086,0.00154,0.86730
66.91912,0.48529,0.99385,0.00057,0.00445,0.00114
67.02206,0.48530,0.97696,0.00019,0.02278,0.00007
67.12500,0.48529,0.98607,0.01185,0.00038,0.00170
67.22794,0.48529,0.97013,0.01128,0.01598,0.00261
67.33088,0.48530,0.61188,0.27467,0.09334,0.02011
67.43382,0.48530,0.05061,0.93516,0.01097,0.00326
67.53677,0.48529,0.05061,0.93516,0.01097,0.00326
67.63971,0.48529,0.73349,0.03734,0.22415,0.00502
67.74265,0.48530,0.94553,0.00388,0.05033,0.00025
67.84559,0.48529,0.99320,0.00287,0.00150,0.00243
67.94853,0.48529,0.89143,0.02045,0.06396,0.02415
68.05147,0.48530,0.39888,0.00203,0.02251,0.57658
68.15441,0.48530,0.87646,0.00056,0.00698,0.11600
68.25735,0.48529,0.98624,0.00159,0.01199,0.00019
68.36029,0.48530,0.98893,0.00143,0.00798,0.00166
68.46323,0.48530,0.98934,0.00470,0.00338,0.00258
68.56618,0.48529,0.83208,0.06895,0.08696,0.01201
68.66912,0.48529,0.05061,0.93516,0.01097,0.00326
68.77206,0.48530,0.05061,0.93516,0.01097,0.00326
68.87500,0.48529,0.05061,0.93516,0.01097,0.00326
68.97794,0.48529,0.73830,0.04232,0.21114,0.00824
69.08088,0.48530,0.97746,0.00901,0.01252,0.00101
69.18382,0.48530,0.99981,0.00001,0.00016,0.00002
69.28677,0.48529,0.94777,0.00197,0.03150,0.01875
69.38971,0.48529,0.27727,0.00141,0.00870,0.71262
69.49265,0.48530,0.98448,0.00015,0.00263,0.01274
69.59559,0.48529,0.98286,0.00012,0.01695,0.00007
69.69853,0.48529,0.95518,0.03405,0.00406,0.00672
69.80147,0.48530,0.98070,0.00732,0.00968,0.00230
69.90441,0.48530,0.74218,0.17542,0.06171,0.02069
70.00735,0.48529,0.05061,0.93516,0.01097,0.00326
70.11029,0.48530,0.05061,0.93516,0.01097,0.00326
70.21323,0.48530,0.05061,0.93516,0.01097,0.00326
70.31618,0.48529,0.81082,0.03517,0.14792,0.00609
70.41912,0.48529,0.99711,0.00191,0.00064,0.00034
70.52206,0.48530,0.99661,0.00112,0.00088,0.00139
70.62500,0.48529,0.96503,0.00066,0.01267,0.02164
70.72794,0.48529,0.20315,0.00295,0.01061,0.78328
70.83088,0.48530,0.98326,0.00155,0.00262,0.01257
70.93382,0.48530,0.97840,0.00025,0.02126,0.00009
71.03677,0.48529,0.97327,0.02377,0.00129,0.00167
71.13971,0.48529,0.97533,0.00678,0.01234,0.00555
71.24265,0.48530,0.47087,0.33592,0.17653,0.01669
71.34559,0.48529,0.05061,0.93516,0.01097,0.00326
71.44853,0.48529,0.05061,0.93516,0.01097,0.00326
71.55147,0.48530,0.05061,0.93516,0.01097,0.00326
71.65441,0.48530,0.22984,0.64121,0.11440,0.01455
71.75735,0.48529,0.79609,0.01850,0.18238,0.00303
71.86029,0.48530,0.95129,0.01140,0.03661,0.00071
71.96323,0.48530,0.99044,0.00116,0.00745,0.00095
72.06618,0.48529,0.92990,0.00282,0.03295,0.03433
72.16912,0.48529,0.61977,0.00312,0.04761,0.32950
72.27206,0.48530,0.99750,0.00010,0.00124,0.00116
72.37500,0.48529,0.98180,0.00021,0.01780,0.00019
72.47794,0.48529,0.99272,0.00663,0.00016,0.00048
72.58088,0.48530,0.95856,0.01063,0.02287,0.00794
72.68382,0.48530,0.05061,0.93516,0.01097,0.00326
72.78677,0.48529,0.05061,0.93516,0.01097,0.00326
72.88971,0.48529,0.05061,0.93516,0.01097,0.00326
72.99265,0.48530,0.05061,0.93516,0.01097,0.00326
73.09559,0.48529,0.64312,0.10276,0.24185,0.01226
73.19853,0.48529,0.91130,0.01137,0.07640,0.00093
73.30147,0.48530,0.98525,0.00732,0.00504,0.00239
73.40441,0.48530,0.99210,0.00248,0.00396,0.00146
73.50735,0.48529,0.74234,0.00298,0.00853,0.24615
73.61029,0.48530,0.10072,0.00034,0.00318,0.89575
73.71323,0.48530,0.99725,0.00020,0.00248,0.00007
73.81618,0.48529,0.98482,0.00020,0.01486,0.00012
73.91912,0.48529,0.99069,0.00732,0.00034,0.00164
74.02206,0.48530,0.92596,0.01896,0.04764,0.00744
74.12500,0.48529,0.05061,0.93516,0.01097,0.00326
74.22794,0.48529,0.05061,0.93516,0.01097,0.00326
74.33088,0.48530,0.59287,0.08824,0.30644,0.01246
74.43382,0.48530,0.89389,0.01820,0.08672,0.00119
74.53677,0.48529,0.95462,0.01312,0.03186,0.00040
74.63971,0.48529,0.98860,0.00598,0.00323,0.00219
74.74265,0.48530,0.95489,0.01753,0.02452,0.00306
74.84559,0.48529,0.25775,0.00307,0.01482,0.72436
74.94853,0.48529,0.42506,0.00026,0.01023,0.56445
75.05147,0.48530,0.99821,0.00098,0.00075,0.00005
75.15441,0.48530,0.98225,0.00110,0.01612,0.00053
75.25735,0.48529,0.99089,0.00567,0.00112,0.00232
75.36029,0.48530,0.91647,0.02273,0.05283,0.00797
75.46323,0.48530,0.05061,0.93516,0.01097,0.00326
75.56618,0.48529,0.26871,0.56952,0.14545,0.01633
75.66912,0.48529,0.79402,0.03933,0.16236,0.00429
75.77206,0.48530,0.92608,0.00527,0.06850,0.00015
75.87500,0.48529,0.99966,0.00005,0.00018,0.00010
75.97794,0.48529,0.99110,0.00255,0.00249,0.00385
76.08088,0.48530,0.94201,0.00081,0.03412,0.02306
76.18382,0.48530,0.10391,0.00152,0.01873,0.87584
76.28677,0.48529,0.98994,0.00001,0.00595,0.00410
76.38971,0.48529,0.98612,0.00008,0.01376,0.00003
76.49265,0.48530,0.98870,0.00337,0.00527,0.00266
76.59559,0.48529,0.99396,0.00236,0.00221,0.00146
76.69853,0.48529,0.97534,0.00853,0.01299,0.00314
76.80147,0.48530,0.63568,0.28384,0.06759,0.01289
76.90441,0.48530,0.25356,0.59818,0.13262,0.01564
77.00735,0.48529,0.77893,0.02506,0.19233,0.00368
77.11029,0.48530,0.93958,0.01309,0.04685,0.00049
77.21323,0.48530,0.97495,0.02155,0.00096,0.00253
77.31618,0.48529,0.96714,0.01623,0.01421,0.00243
77.41912,0.48529,0.46912,0.00159,0.01495,0.51433
77.52206,0.48530,0.41132,0.00019,0.00540,0.58309
77.62500,0.48529,0.99792,0.00088,0.00113,0.00007
77.72794,0.48529,0.98842,0.00073,0.00984,0.00101
77.83088,0.48530,0.99151,0.00498,0.00187,0.00164
77.93382,0.48530,0.85678,0.03604,0.09779,0.00940
78.03677,0.48529,0.35952,0.51712,0.10415,0.01921
78.13971,0.48529,0.05061,0.93516,0.01097,0.00326
78.24265,0.48530,0.05061,0.93516,0.01097,0.00326
78.34559,0.48529,0.80540,0.01926,0.17268,0.00266
78.44853,0.48529,0.98905,0.00574,0.00493,0.00029
78.55147,0.48530,0.99268,0.00265,0.00309,0.00157
78.65441,0.48530,0.94317,0.01361,0.00652,0.03669
78.75735,0.48529,0.15564,0.00167,0.01274,0.82995
78.86029,0.48530,0.99465,0.00020,0.00402,0.00113
78.96323,0.48530,0.98552,0.00046,0.01390,0.00013
79.06618,0.48529,0.94289,0.05134,0.00205,0.00372
79.16912,0.48529,0.95791,0.00768,0.02886,0.00555
79.27206,0.48530,0.42643,0.43816,0.11371,0.02170
79.37500,0.48529,0.05061,0.93516,0.01097,0.00326
79.47794,0.48529,0.05061,0.93516,0.01097,0.00326
79.58088,0.48530,0.23983,0.67630,0.07127,0.01260
79.68382,0.48530,0.91164,0.01372,0.07234,0.00231
79.78677,0.48529,0.99447,0.00279,0.00132,0.00141
79.88971,0.48529,0.97773,0.00911,0.00957,0.00359
79.99265,0.48530,0.44155,0.00353,0.01080,0.54412
80.09559,0.48529,0.18654,0.00086,0.00335,0.80925
80.19853,0.48529,0.99660,0.00141,0.00186,0.00012
80.30147,0.48530,0.99016,0.00075,0.00866,0.00042
80.40441,0.48530,0.98649,0.00858,0.00265,0.00228
80.50735,0.48529,0.93903,0.01057,0.04298,0.00742
80.61029,0.48530,0.39000,0.47996,0.10972,0.02032
80.71323,0.48530,0.05061,0.93516,0.01097,0.00326
80.81618,0.48529,0.05061,0.93516,0.01097,0.00326
80.91912,0.48529,0.79912,0.03207,0.16451,0.00429
81.02206,0.48530,0.99740,0.00128,0.00062,0.00069
81.12500,0.48529,0.99707,0.00104,0.00078,0.00110
81.22794,0.48529,0.98297,0.00194,0.00532,0.00976
81.33088,0.48530,0.15818,0.00310,0.01498,0.82374
81.43382,0.48530,0.98550,0.00026,0.00134,0.01290
81.53677,0.48529,0.98565,0.00005,0.01427,0.00003
81.63971,0.48529,0.98315,0.01188,0.00351,0.00146
81.74265,0.48530,0.98266,0.00634,0.00861,0.00239
81.84559,0.48529,0.73065,0.12885,0.11630,0.02420
81.94853,0.48529,0.05061,0.93516,0.01097,0.00326
82.05147,0.48530,0.05061,0.93516,0.01097,0.00326
82.15441,0.48530,0.81100,0.03281,0.15058,0.00561
82.25735,0.48529,0.94067,0.00553,0.05334,0.00045
82.36029,0.48530,0.99518,0.00161,0.00217,0.00104
82.46323,0.48530,0.95735,0.01339,0.02662,0.00264
82.56618,0.48529,0.43859,0.00268,0.01130,0.54743
82.66912,0.48529,0.32345,0.00092,0.00434,0.67130
82.77206,0.48530,0.99512,0.00141,0.00335,0.00011
82.87500,0.48529,0.99228,0.00101,0.00643,0.00028
82.97794,0.48529,0.99370,0.00319,0.00113,0.00198
83.08088,0.48530,0.92111,0.02294,0.04865,0.00730
83.18382,0.48530,0.05061,0.93516,0.01097,0.00326
83.28677,0.48529,0.05061,0.93516,0.01097,0.00326
83.38971,0.48529,0.05061,0.93516,0.01097,0.00326
83.49265,0.48530,0.71127,0.03283,0.24753,0.00837
83.59559,0.48529,0.95605,0.01154,0.03146,0.00095
83.69853,0.48529,0.99528,0.00356,0.00066,0.00050
83.80147,0.48530,0.94759,0.01214,0.03724,0.00302
83.90441,0.48530,0.24743,0.00620,0.00479,0.74158
84.00735,0.48529,0.28955,0.00100,0.00349,0.70597
84.11029,0.48530,0.99775,0.00082,0.00140,0.00004
84.21323,0.48530,0.98451,0.00147,0.01340,0.00063
84.31618,0.48529,0.99546,0.00287,0.00045,0.00122
84.41912,0.48529,0.86901,0.05541,0.06502,0.01056
84.52206,0.48530,0.05061,0.93516,0.01097,0.00326
84.62500,0.48529,0.05061,0.93516,0.01097,0.00326
84.72794,0.48529,0.05061,0.93516,0.01097,0.00326
84.83088,0.48530,0.78079,0.03344,0.17864,0.00713
84.93382,0.48530,0.97106,0.01109,0.01697,0.00089
85.03677,0.48529,0.99891,0.00016,0.00077,0.00016
85.13971,0.48529,0.97332,0.01284,0.01054,0.00329
85.24265,0.48530,0.15413,0.00167,0.00330,0.84090
85.34559,0.48529,0.75331,0.00015,0.00678,0.23976
85.44853,0.48529,0.99752,0.00054,0.00187,0.00007
85.55147,0.48530,0.98678,0.00057,0.01235,0.00030
85.65441,0.48530,0.98732,0.00898,0.00147,0.00223
85.75735,0.48529,0.95922,0.01166,0.02300,0.00612
85.86029,0.48530,0.05061,0.93516,0.01097,0.00326
85.96323,0.48530,0.05061,0.93516,0.01097,0.00326
86.06618,0.48529,0.66629,0.04642,0.27763,0.00967
86.16912,0.48529,0.93583,0.01543,0.04768,0.00105
86.27206,0.48530,0.99739,0.00213,0.00043,0.00005
86.37500,0.48529,0.98797,0.00657,0.00225,0.00321
86.47794,0.48529,0.84686,0.00171,0.01206,0.13937
86.58088,0.48530,0.07926,0.00072,0.00446,0.91555
86.68382,0.48530,0.99840,0.00003,0.00131,0.00026
86.78677,0.48529,0.97531,0.00016,0.02449,0.00004
86.88971,0.48529,0.96085,0.03216,0.00192,0.00508
86.99265,0.48530,0.98897,0.00316,0.00675,0.00113
87.09559,0.48529,0.77529,0.07540,0.12505,0.02426
87.19853,0.48529,0.05061,0.93516,0.01097,0.00326
87.30147,0.48530,0.05061,0.93516,0.01097,0.00326
87.40441,0.48530,0.81674,0.01439,0.16420,0.00467
87.50735,0.48529,0.97146,0.00644,0.02174,0.00036
87.61029,0.48530,0.99864,0.00020,0.00085,0.00032
87.71323,0.48530,0.97300,0.01094,0.01408,0.00198
87.81618,0.48529,0.39316,0.00339,0.00526,0.59819
87.91912,0.48529,0.22185,0.00030,0.00491,0.77295
88.02206,0.48530,0.99931,0.00008,0.00058,0.00003
88.12500,0.48529,0.99476,0.00008,0.00514,0.00002
88.22794,0.48529,0.99587,0.00332,0.00052,0.00029
88.33088,0.48530,0.97271,0.00848,0.01541,0.00340
88.43382,0.48530,0.89085,0.03598,0.05271,0.02046
88.53677,0.48529,0.05061,0.93516,0.01097,0.00326
88.63971,0.48529,0.36171,0.51692,0.10506,0.01631
88.74265,0.48530,0.83609,0.03945,0.12201,0.00245
88.84559,0.48529,0.99828,0.00063,0.00104,0.00004
88.94853,0.48529,0.99549,0.00302,0.00007,0.00142
89.05147,0.48530,0.82535,0.00514,0.01529,0.15422
89.15441,0.48530,0.10257,0.00109,0.00596,0.89038
89.25735,0.48529,0.99364,0.00044,0.00502,0.00090
89.36029,0.48530,0.95573,0.00014,0.04401,0.00012
89.46323,0.48530,0.94841,0.04233,0.00292,0.00633
89.56618,0.48529,0.97020,0.00799,0.01800,0.00381
89.66912,0.48529,0.63558,0.25256,0.08978,0.02208
89.77206,0.48530,0.05061,0.93516,0.01097,0.00326
89.87500,0.48529,0.23011,0.68935,0.06826,0.01228
89.97794,0.48529,0.86711,0.03308,0.09657,0.00324
90.08088,0.48530,0.99669,0.00158,0.00122,0.00051
90.18382,0.48530,0.99447,0.00221,0.00212,0.00120
90.28677,0.48529,0.81182,0.00359,0.00876,0.17583
90.38971,0.48529,0.09919,0.00059,0.00186,0.89836
90.49265,0.48530,0.99867,0.00049,0.00069,0.00015
90.59559,0.48529,0.97850,0.00015,0.02126,0.00008
90.69853,0.48529,0.98140,0.01570,0.00076,0.00214
90.80147,0.48530,0.97257,0.00622,0.01570,0.00551
90.90441,0.48530,0.36459,0.45754,0.15737,0.02049
91.00735,0.48529,0.05061,0.93516,0.01097,0.00326
91.11029,0.48530,0.05061,0.93516,0.01097,0.00326
91.21323,0.48530,0.58929,0.16068,0.22982,0.02020
91.31618,0.48529,0.92050,0.00813,0.07071,0.00066
91.41912,0.48529,0.99056,0.00339,0.00538,0.00067
91.52206,0.48530,0.99382,0.00162,0.00173,0.00283
91.62500,0.48529,0.89496,0.00298,0.01365,0.08841
91.72794,0.48529,0.12778,0.00087,0.00641,0.86494
91.83088,0.48530,0.99896,0.00016,0.00077,0.00011
91.93382,0.48530,0.98994,0.00013,0.00988,0.00005
92.03677,0.48529,0.97261,0.02183,0.00141,0.00415
92.13971,0.48529,0.96387,0.00861,0.02271,0.00482
92.24265,0.48530,0.05061,0.93516,0.01097,0.00326
92.34559,0.48529,0.05061,0.93516,0.01097,0.00326
92.44853,0.48529,0.22197,0.65508,0.10877,0.01418
92.55147,0.48530,0.82139,0.03820,0.13632,0.00409
92.65441,0.48530,0.94636,0.00737,0.04595,0.00032
92.75735,0.48529,0.99373,0.00304,0.00167,0.00156
92.86029,0.48530,0.95183,0.01989,0.01644,0.01184
92.96323,0.48530,0.26532,0.00276,0.01291,0.71901
93.06618,0.48529,0.43909,0.00045,0.00885,0.55161
93.16912,0.48529,0.99770,0.00062,0.00162,0.00006
93.27206,0.48530,0.97598,0.00153,0.02172,0.00078
93.37500,0.48529,0.99047,0.00615,0.00114,0.00224
93.47794,0.48529,0.89677,0.02792,0.06543,0.00988
93.58088,0.48530,0.05061,0.93516,0.01097,0.00326
93.68382,0.48530,0.05061,0.93516,0.01097,0.00326
93.78677,0.48529,0.70795,0.04181,0.24179,0.00846
93.88971,0.48529,0.91610,0.01496,0.06805,0.00089
93.99265,0.48530,0.99317,0.00165,0.00418,0.00101
94.09559,0.48529,0.99343,0.00190,0.00202,0.00264
94.19853,0.48529,0.90259,0.00326,0.01491,0.07924
94.30147,0.48530,0.09063,0.00069,0.00388,0.90480
94.40441,0.48530,0.99907,0.00028,0.00049,0.00016
94.50735,0.48529,0.98759,0.00014,0.01225,0.00002
94.61029,0.48530,0.99244,0.00503,0.00109,0.00144
94.71323,0.48530,0.99261,0.00212,0.00323,0.00204
94.81618,0.48529,0.76319,0.13495,0.08833,0.01354
94.91912,0.48529,0.05061,0.93516,0.01097,0.00326
95.02206,0.48530,0.64375,0.06000,0.28577,0.01049
95.12500,0.48529,0.93599,0.01237,0.05096,0.00068
95.22794,0.48529,0.99960,0.00008,0.00026,0.00006
95.33088,0.48530,0.98253,0.00871,0.00250,0.00626
95.43382,0.48530,0.84445,0.00335,0.01018,0.14203
95.53677,0.48529,0.14075,0.00414,0.03084,0.82427
95.63971,0.48529,0.99691,0.00012,0.00169,0.00128
95.74265,0.48530,0.96978,0.00051,0.02964,0.00008
95.84559,0.48529,0.98746,0.00873,0.00137,0.00245
95.94853,0.48529,0.98474,0.00587,0.00683,0.00256
96.05147,0.48530,0.76664,0.08384,0.12741,0.02211
96.15441,0.48530,0.05061,0.93516,0.01097,0.00326
96.25735,0.48529,0.05061,0.93516,0.01097,0.00326
96.36029,0.48530,0.72959,0.03936,0.22551,0.00554
96.46323,0.48530,0.93674,0.00514,0.05774,0.00039
96.56618,0.48529,0.99265,0.00311,0.00154,0.00271
96.66912,0.48529,0.95595,0.02163,0.01483,0.00759
96.77206,0.48530,0.29005,0.00367,0.00943,0.69686
96.87500,0.48529,0.25286,0.00066,0.00325,0.74323
96.97794,0.48529,0.99634,0.00078,0.00273,0.00015
97.08088,0.48530,0.97937,0.00022,0.02018,0.00022
97.18382,0.48530,0.98798,0.00962,0.00061,0.00179
97.28677,0.48529,0.94196,0.01680,0.03571,0.00552
97.38971,0.48529,0.56121,0.32866,0.08965,0.02048
97.49265,0.48530,0.05061,0.93516,0.01097,0.00326
97.59559,0.48529,0.49179,0.20696,0.28136,0.01989
97.69853,0.48529,0.93126,0.00669,0.06120,0.00085
97.80147,0.48530,0.99678,0.00188,0.00125,0.00008
97.90441,0.48530,0.99903,0.00005,0.00067,0.00025
98.00735,0.48529,0.96992,0.00367,0.01278,0.01363
98.11029,0.48530,0.13021,0.00124,0.01062,0.85792
98.21323,0.48530,0.95719,0.00001,0.00765,0.03515
98.31618,0.48529,0.99496,0.00031,0.00466,0.00007
98.41912,0.48529,0.98804,0.00050,0.01031,0.00115
98.52206,0.48530,0.99280,0.00324,0.00271,0.00125
98.62500,0.48529,0.90354,0.01647,0.07168,0.00831
98.72794,0.48529,0.50224,0.35126,0.12198,0.02452
98.83088,0.48530,0.05061,0.93516,0.01097,0.00326
98.93382,0.48530,0.72711,0.03882,0.22557,0.00849
99.03677,0.48529,0.90356,0.01978,0.07499,0.00166
99.13971,0.48529,0.99874,0.00029,0.00070,0.00027
99.24265,0.48530,0.91850,0.04228,0.03313,0.00609
99.34559,0.48529,0.33577,0.00206,0.00882,0.65334
99.44853,0.48529,0.52145,0.00114,0.00488,0.47253
99.55147,0.48530,0.99539,0.00047,0.00407,0.00008
99.65441,0.48530,0.97682,0.00203,0.01856,0.00259
99.75735,0.48529,0.98977,0.00739,0.00194,0.00091
99.86029,0.48530,0.89609,0.02745,0.06263,0.01383
99.96323,0.48530,0.05061,0.93516,0.01097,0.00326
100.06618,0.48529,0.05061,0.93516,0.01097,0.00326
100.16912,0.48529,0.05061,0.93516,0.01097,0.00326
100.27206,0.48530,0.76315,0.02304,0.21056,0.00325
100.37500,0.48529,0.94385,0.01836,0.03630,0.00149
100.47794,0.48529,0.99766,0.00010,0.00210,0.00013
100.58088,0.48530,0.95645,0.03225,0.00876,0.00255
100.68382,0.48530,0.18757,0.00072,0.01449,0.79721
100.78677,0.48529,0.87191,0.00065,0.00169,0.12575
100.88971,0.48529,0.99503,0.00015,0.00476,0.00007
100.99265,0.48530,0.96759,0.00581,0.02421,0.00238
101.09559,0.48529,0.98914,0.00640,0.00288,0.00158
101.19853,0.48529,0.74023,0.12578,0.10808,0.02592
101.30147,0.48530,0.05061,0.93516,0.01097,0.00326
101.40441,0.48530,0.05061,0.93516,0.01097,0.00326
101.50735,0.48529,0.59096,0.08777,0.30920,0.01206
101.61029,0.48530,0.91893,0.01503,0.06454,0.00150
101.71323,0.48530,0.99170,0.00653,0.00135,0.00042
101.81618,0.48529,0.98253,0.00964,0.00430,0.00353
101.91912,0.48529,0.76639,0.01021,0.01200,0.21140
102.02206,0.48530,0.11422,0.00110,0.00474,0.87993
102.12500,0.48529,0.99751,0.00082,0.00141,0.00025
102.22794,0.48529,0.98766,0.00015,0.01213,0.00006
102.33088,0.48530,0.96278,0.03345,0.00085,0.00292
102.43382,0.48530,0.96807,0.00797,0.01832,0.00563
102.53677,0.48529,0.32812,0.50611,0.14716,0.01861
102.63971,0.48529,0.05061,0.93516,0.01097,0.00326
102.74265,0.48530,0.05061,0.93516,0.01097,0.00326
102.84559,0.48529,0.68176,0.15777,0.14560,0.01487
102.94853,0.48529,0.93771,0.00565,0.05616,0.00048
103.05147,0.48530,0.99511,0.00340,0.00125,0.00024
103.15441,0.48530,0.99240,0.00408,0.00100,0.00251
103.25735,0.48529,0.91881,0.00344,0.00594,0.07182
103.36029,0.48530,0.09075,0.00082,0.00648,0.90194
103.46323,0.48530,0.99892,0.00038,0.00053,0.00017
103.56618,0.48529,0.97363,0.00032,0.02600,0.00005
103.66912,0.48529,0.97501,0.01905,0.00284,0.00310
103.77206,0.48530,0.98083,0.00596,0.00954,0.00367
103.87500,0.48529,0.72127,0.12229,0.13234,0.02410
103.97794,0.48529,0.05061,0.93516,0.01097,0.00326
104.08088,0.48530,0.05061,0.93516,0.01097,0.00326
104.18382,0.48530,0.86841,0.01614,0.11166,0.00379
104.28677,0.48529,0.99485,0.00337,0.00155,0.00023
104.38971,0.48529,0.99948,0.00011,0.00033,0.00008
104.49265,0.48530,0.98524,0.00332,0.00640,0.00504
104.59559,0.48529,0.17698,0.00171,0.00488,0.81643
104.69853,0.48529,0.62001,0.00019,0.00757,0.37223
104.80147,0.48530,0.99750,0.00026,0.00212,0.00012
104.90441,0.48530,0.99177,0.00040,0.00774,0.00009
105.00735,0.48529,0.99619,0.00260,0.00040,0.00080
105.11029,0.48530,0.99226,0.00272,0.00372,0.00130
105.21323,0.48530,0.65786,0.25063,0.07807,0.01345
105.31618,0.48529,0.05061,0.93516,0.01097,0.00326
105.41912,0.48529,0.56322,0.17242,0.24410,0.02026
105.52206,0.48530,0.91601,0.00693,0.07645,0.00061
105.62500,0.48529,0.99355,0.00233,0.00402,0.00010
105.72794,0.48529,0.99432,0.00354,0.00016,0.00199
105.83088,0.48530,0.94896,0.00665,0.01088,0.03351
105.93382,0.48530,0.06598,0.00061,0.00585,0.92757
106.03677,0.48529,0.99790,0.00025,0.00062,0.00124
106.13971,0.48529,0.99085,0.00021,0.00890,0.00004
106.24265,0.48530,0.99211,0.00465,0.00238,0.00087
106.34559,0.48529,0.97980,0.00934,0.00791,0.00295
106.44853,0.48529,0.74409,0.12736,0.10768,0.02087
106.55147,0.48530,0.05061,0.93516,0.01097,0.00326
106.65441,0.48530,0.05061,0.93516,0.01097,0.00326
106.75735,0.48529,0.69667,0.04451,0.25276,0.00606
106.86029,0.48530,0.89591,0.00802,0.09569,0.00039
106.96323,0.48530,0.98254,0.00356,0.01363,0.00027
107.06618,0.48529,0.99554,0.00088,0.00278,0.00080
107.16912,0.48529,0.97597,0.00365,0.00745,0.01292
107.27206,0.48530,0.16585,0.00590,0.01696,0.81129
107.37500,0.48529,0.99768,0.00013,0.00118,0.00101
107.47794,0.48529,0.99673,0.00068,0.00256,0.00002
107.58088,0.48530,0.99189,0.00041,0.00719,0.00050
107.68382,0.48530,0.99174,0.00366,0.00360,0.00100
107.78677,0.48529,0.97241,0.01044,0.01329,0.00386
107.88971,0.48529,0.68765,0.17101,0.11228,0.02905
107.99265,0.48530,0.56562,0.16234,0.25206,0.01998
108.09559,0.48529,0.93711,0.00539,0.05705,0.00045
108.19853,0.48529,0.99963,0.00022,0.00007,0.00008
108.30147,0.48530,0.99769,0.00056,0.00028,0.00146
108.40441,0.48530,0.99080,0.00093,0.00324,0.00503
108.50735,0.48529,0.15625,0.00168,0.00953,0.83253
108.61029,0.48530,0.74770,0.00012,0.00718,0.24500
108.71323,0.48530,0.99777,0.00037,0.00178,0.00008
108.81618,0.48529,0.98228,0.00058,0.01670,0.00044
108.91912,0.48529,0.99201,0.00500,0.00139,0.00160
109.02206,0.48530,0.93699,0.01846,0.03955,0.00500
109.12500,0.48529,0.68822,0.22094,0.07080,0.02004
109.22794,0.48529,0.05061,0.93516,0.01097,0.00326
109.33088,0.48530,0.05061,0.93516,0.01097,0.00326
109.43382,0.48530,0.76029,0.03171,0.20309,0.00491
109.53677,0.48529,0.97790,0.00676,0.01486,0.00048
109.63971,0.48529,0.99759,0.00019,0.00200,0.00022
109.74265,0.48530,0.96753,0.01161,0.01642,0.00444
109.84559,0.48529,0.23074,0.00225,0.01676,0.75025
109.94853,0.48529,0.85622,0.00022,0.00974,0.13383
110.05147,0.48530,0.99744,0.00090,0.00161,0.00005
110.15441,0.48530,0.99032,0.00094,0.00795,0.00079
110.25735,0.48529,0.99104,0.00442,0.00300,0.00154
110.36029,0.48530,0.92841,0.01178,0.05335,0.00647
110.46323,0.48530,0.50224,0.35126,0.12198,0.02452
110.56618,0.48529,0.05061,0.93516,0.01097,0.00326
110.66912,0.48529,0.05061,0.93516,0.01097,0.00326
110.77206,0.48530,0.87252,0.01516,0.11025,0.00207
110.87500,0.48529,0.99537,0.00372,0.00064,0.00027
110.97794,0.48529,0.99267,0.00435,0.00050,0.00249
111.08088,0.48530,0.82704,0.00163,0.00230,0.16903
111.18382,0.48530,0.12041,0.00138,0.00450,0.87371
111.28677,0.48529,0.99691,0.00008,0.00255,0.00046
111.38971,0.48529,0.99054,0.00003,0.00940,0.00002
111.49265,0.48530,0.99485,0.00444,0.00023,0.00048
111.59559,0.48529,0.99137,0.00326,0.00380,0.00157
111.69853,0.48529,0.81611,0.09544,0.06681,0.02165
111.80147,0.48530,0.05061,0.93516,0.01097,0.00326
111.90441,0.48530,0.05061,0.93516,0.01097,0.00326
112.00735,0.48529,0.23778,0.62709,0.12021,0.01491
112.11029,0.48530,0.86387,0.02076,0.11249,0.00289
112.21323,0.48530,0.99070,0.00395,0.00517,0.00017
112.31618,0.48529,0.97981,0.01194,0.00116,0.00708
112.41912,0.48529,0.88643,0.00665,0.00579,0.10113
112.52206,0.48530,0.10412,0.00143,0.00714,0.88731
112.62500,0.48529,0.99752,0.00043,0.00152,0.00053
112.72794,0.48529,0.98239,0.00014,0.01739,0.00007
112.83088,0.48530,0.96726,0.02873,0.00147,0.00255
112.93382,0.48530,0.97174,0.00639,0.01665,0.00522
113.03677,0.48529,0.47092,0.33737,0.17199,0.01972
113.13971,0.48529,0.05061,0.93516,0.01097,0.00326
113.24265,0.48530,0.05061,0.93516,0.01097,0.00326
113.34559,0.48529,0.05061,0.93516,0.01097,0.00326
113.44853,0.48529,0.75437,0.02446,0.21397,0.00721
113.55147,0.48530,0.99799,0.00132,0.00029,0.00040
113.65441,0.48530,0.99835,0.00090,0.00045,0.00030
113.75735,0.48529,0.96107,0.00121,0.01532,0.02239
113.86029,0.48530,0.17163,0.00412,0.00585,0.81840
113.96323,0.48530,0.99517,0.00016,0.00202,0.00266
114.06618,0.48529,0.99066,0.00023,0.00904,0.00006
114.16912,0.48529,0.98085,0.01566,0.00072,0.00277
114.27206,0.48530,0.95632,0.01244,0.02623,0.00501
114.37500,0.48529,0.05061,0.93516,0.01097,0.00326
114.47794,0.48529,0.05061,0.93516,0.01097,0.00326
114.58088,0.48530,0.24578,0.61274,0.12621,0.01527
114.68382,0.48530,0.82616,0.01750,0.15378,0.00256
114.78677,0.48529,0.95814,0.01038,0.03102,0.00046
114.88971,0.48529,0.98363,0.00137,0.01370,0.00130
114.99265,0.48530,0.94968,0.01053,0.02600,0.01379
115.09559,0.48529,0.19122,0.00204,0.06490,0.74184
115.19853,0.48529,0.93379,0.00236,0.00893,0.05491
115.30147,0.48530,0.98854,0.00059,0.01082,0.00005
115.40441,0.48530,0.98333,0.00494,0.00896,0.00277
115.50735,0.48529,0.98971,0.00668,0.00169,0.00192
115.61029,0.48530,0.81712,0.06800,0.09487,0.02002
115.71323,0.48530,0.05061,0.93516,0.01097,0.00326
115.81618,0.48529,0.05061,0.93516,0.01097,0.00326
115.91912,0.48529,0.79402,0.03573,0.15968,0.01057
116.02206,0.48530,0.95594,0.00525,0.03855,0.00027
116.12500,0.48529,0.99951,0.00020,0.00029,0.00001
116.22794,0.48529,0.99530,0.00119,0.00057,0.00295
116.33088,0.48530,0.98594,0.00165,0.00800,0.00440
116.43382,0.48530,0.16049,0.00228,0.00471,0.83253
116.53677,0.48529,0.88451,0.00039,0.00745,0.10765
116.63971,0.48529,0.99899,0.00038,0.00057,0.00007
116.74265,0.48530,0.97997,0.00031,0.01959,0.00012
116.84559,0.48529,0.97178,0.02334,0.00154,0.00335
116.94853,0.48529,0.96578,0.00625,0.02342,0.00455
117.05147,0.48530,0.42643,0.43816,0.11371,0.02170
117.15441,0.48530,0.05061,0.93516,0.01097,0.00326
117.25735,0.48529,0.05061,0.93516,0.01097,0.00326
117.36029,0.48530,0.76445,0.03142,0.19662,0.00751
117.46323,0.48530,0.96419,0.01359,0.02085,0.00136
117.56618,0.48529,0.99935,0.00006,0.00051,0.00009
117.66912,0.48529,0.98394,0.00787,0.00594,0.00226
117.77206,0.48530,0.33787,0.00261,0.00647,0.65305
117.87500,0.48529,0.36072,0.00029,0.00459,0.63439
117.97794,0.48529,0.99811,0.00077,0.00089,0.00023
118.08088,0.48530,0.98790,0.00004,0.01204,0.00002
118.18382,0.48530,0.96511,0.02731,0.00328,0.00429
118.28677,0.48529,0.98765,0.00435,0.00615,0.00185
118.38971,0.48529,0.73575,0.12020,0.11709,0.02695
118.49265,0.48530,0.05061,0.93516,0.01097,0.00326
118.59559,0.48529,0.05061,0.93516,0.01097,0.00326
118.69853,0.48529,0.82831,0.02540,0.14306,0.00323
118.80147,0.48530,0.99923,0.00025,0.00028,0.00024
118.90441,0.48530,0.99282,0.00397,0.00196,0.00125
119.00735,0.48529,0.99621,0.00204,0.00082,0.00092
119.11029,0.48530,0.66371,0.04274,0.00439,0.28917
119.21323,0.48530,0.08076,0.00010,0.00241,0.91674
119.31618,0.48529,0.99755,0.00053,0.00044,0.00148
119.41912,0.48529,0.98950,0.00029,0.01012,0.00009
119.52206,0.48530,0.99073,0.00328,0.00465,0.00134
119.62500,0.48529,0.98224,0.00848,0.00659,0.00270
119.72794,0.48529,0.69386,0.19006,0.09446,0.02162
119.83088,0.48530,0.05061,0.93516,0.01097,0.00326
119.93382,0.48530,0.05061,0.93516,0.01097,0.00326
120.03677,0.48529,0.82279,0.02706,0.14673,0.00341
120.13971,0.48529,0.99755,0.00086,0.00146,0.00013
120.24265,0.48530,0.99684,0.00161,0.00021,0.00133
120.34559,0.48529,0.99513,0.00357,0.00043,0.00087
120.44853,0.48529,0.05163,0.00085,0.00079,0.94672
120.55147,0.48530,0.96706,0.00031,0.00300,0.02964
120.65441,0.48530,0.99714,0.00164,0.00098,0.00024
120.75735,0.48529,0.98017,0.00024,0.01950,0.00008
120.86029,0.48530,0.98075,0.01606,0.00092,0.00227
120.96323,0.48530,0.97742,0.00700,0.01148,0.00409
121.06618,0.48529,0.48612,0.32057,0.17385,0.01946
121.16912,0.48529,0.05061,0.93516,0.01097,0.00326
121.27206,0.48530,0.05061,0.93516,0.01097,0.00326
121.37500,0.48529,0.68812,0.07264,0.22843,0.01081
121.47794,0.48529,0.93687,0.00908,0.05318,0.00086
121.58088,0.48530,0.99383,0.00273,0.00141,0.00203
121.68382,0.48530,0.97367,0.01334,0.00952,0.00347
121.78677,0.48529,0.86712,0.01720,0.00555,0.11013
121.88971,0.48529,0.08816,0.00055,0.00193,0.90936
121.99265,0.48530,0.99918,0.00048,0.00018,0.00016
122.09559,0.48529,0.99029,0.00010,0.00954,0.00006
122.19853,0.48529,0.98278,0.01243,0.00296,0.00183
122.30147,0.48530,0.97289,0.00588,0.01754,0.00369
122.40441,0.48530,0.35775,0.46920,0.15654,0.01651
122.50735,0.48529,0.05061,0.93516,0.01097,0.00326
122.61029,0.48530,0.05061,0.93516,0.01097,0.00326
