Time (seconds), Duration (seconds),pred_unlabelled,pred_Dry,pred_Wet,pred_Touch
0.00735,0.48529,0.05061,0.93516,0.01097,0.00326
0.11029,0.48529,0.05061,0.93516,0.01097,0.00326
0.21324,0.48529,0.05061,0.93516,0.01097,0.00326
0.31618,0.48529,0.05061,0.93516,0.01097,0.00326
0.41912,0.48529,0.05061,0.93516,0.01097,0.00326
0.52206,0.48529,0.05061,0.93516,0.01097,0.00326
0.62500,0.48529,0.05061,0.93516,0.01097,0.00326
0.72794,0.48529,0.05061,0.93516,0.01097,0.00326
0.83088,0.48529,0.05061,0.93516,0.01097,0.00326
0.93382,0.48529,0.05061,0.93516,0.01097,0.00326
1.03676,0.48529,0.05061,0.93516,0.01097,0.00326
1.13971,0.48529,0.05061,0.93516,0.01097,0.00326
1.24265,0.48529,0.05061,0.93516,0.01097,0.00326
1.34559,0.48529,0.05061,0.93516,0.01097,0.00326
1.44853,0.48529,0.05061,0.93516,0.01097,0.00326
1.55147,0.48529,0.05061,0.93516,0.01097,0.00326
1.65441,0.48529,0.05061,0.93516,0.01097,0.00326
1.75735,0.48529,0.05061,0.93516,0.01097,0.00326
1.86029,0.48529,0.05061,0.93516,0.01097,0.00326
1.96324,0.48529,0.05061,0.93516,0.01097,0.00326
2.06618,0.48529,0.05061,0.93516,0.01097,0.00326
2.16912,0.48529,0.05061,0.93516,0.01097,0.00326
2.27206,0.48529,0.05061,0.93516,0.01097,0.00326
2.37500,0.48529,0.05061,0.93516,0.01097,0.00326
2.47794,0.48529,0.05061,0.93516,0.01097,0.00326
2.58088,0.48529,0.05061,0.93516,0.01097,0.00326
2.68382,0.48529,0.05061,0.93516,0.01097,0.00326
2.78676,0.48529,0.05061,0.93516,0.01097,0.00326
2.88971,0.48529,0.05061,0.93516,0.01097,0.00326
2.99265,0.48529,0.05061,0.93516,0.01097,0.00326
3.09559,0.48529,0.05061,0.93516,0.01097,0.00326
3.19853,0.48529,0.05061,0.93516,0.01097,0.00326
3.30147,0.48529,0.05061,0.93516,0.01097,0.00326
3.40441,0.48529,0.05061,0.93516,0.01097,0.00326
3.50735,0.48529,0.05061,0.93516,0.01097,0.00326
3.61029,0.48529,0.05061,0.93516,0.01097,0.00326
3.71324,0.48529,0.05061,0.93516,0.01097,0.00326
3.81618,0.48529,0.05061,0.93516,0.01097,0.00326
3.91912,0.48529,0.05061,0.93516,0.01097,0.00326
4.02206,0.48529,0.05061,0.93516,0.01097,0.00326
4.12500,0.48529,0.05061,0.93516,0.01097,0.00326
4.22794,0.48529,0.05061,0.93516,0.01097,0.00326
4.33088,0.48529,0.05061,0.93516,0.01097,0.00326
4.43382,0.48529,0.05061,0.93516,0.01097,0.00326
4.53676,0.48529,0.05061,0.93516,0.01097,0.00326
4.63971,0.48529,0.05061,0.93516,0.01097,0.00326
4.74265,0.48529,0.05061,0.93516,0.01097,0.00326
4.84559,0.48529,0.05061,0.93516,0.01097,0.00326
4.94853,0.48529,0.05061,0.93516,0.01097,0.00326
5.05147,0.48529,0.05061,0.93516,0.01097,0.00326
5.15441,0.48529,0.05061,0.93516,0.01097,0.00326
5.25735,0.48529,0.05061,0.93516,0.01097,0.00326
5.36029,0.48529,0.05061,0.93516,0.01097,0.00326
5.46324,0.48529,0.05061,0.93516,0.01097,0.00326
5.56618,0.48529,0.05061,0.93516,0.01097,0.00326
5.66912,0.48529,0.05061,0.93516,0.01097,0.00326
5.77206,0.48529,0.05061,0.93516,0.01097,0.00326
5.87500,0.48529,0.05061,0.93516,0.01097,0.00326
5.97794,0.48529,0.05061,0.93516,0.01097,0.00326
6.08088,0.48529,0.05061,0.93516,0.01097,0.00326
6.18382,0.48529,0.05061,0.93516,0.01097,0.00326
6.28676,0.48529,0.05061,0.93516,0.01097,0.00326
6.38971,0.48529,0.05061,0.93516,0.01097,0.00326
6.49265,0.48529,0.05061,0.93516,0.01097,0.00326
6.59559,0.48529,0.05061,0.93516,0.01097,0.00326
6.69853,0.48529,0.05061,0.93516,0.01097,0.00326
6.80147,0.48529,0.05061,0.93516,0.01097,0.00326
6.90441,0.48529,0.05061,0.93516,0.01097,0.00326
7.00735,0.48529,0.05061,0.93516,0.01097,0.00326
7.11029,0.48529,0.05061,0.93516,0.01097,0.00326
7.21324,0.48529,0.05061,0.93516,0.01097,0.00326
7.31618,0.48529,0.05061,0.93516,0.01097,0.00326
7.41912,0.48529,0.05061,0.93516,0.01097,0.00326
7.52206,0.48529,0.05061,0.93516,0.01097,0.00326
7.62500,0.48529,0.05061,0.93516,0.01097,0.00326
7.72794,0.48529,0.05061,0.93516,0.01097,0.00326
7.83088,0.48529,0.05061,0.93516,0.01097,0.00326
7.93382,0.48529,0.05061,0.93516,0.01097,0.00326
8.03677,0.48529,0.05061,0.93516,0.01097,0.00326
8.13971,0.48529,0.05061,0.93516,0.01097,0.00326
8.24265,0.48529,0.05061,0.93516,0.01097,0.00326
8.34559,0.48529,0.05061,0.93516,0.01097,0.00326
8.44853,0.48529,0.05061,0.93516,0.01097,0.00326
8.55147,0.48529,0.05061,0.93516,0.01097,0.00326
8.65441,0.48529,0.05061,0.93516,0.01097,0.00326
8.75735,0.48529,0.05061,0.93516,0.01097,0.00326
8.86029,0.48529,0.05061,0.93516,0.01097,0.00326
8.96323,0.48529,0.05061,0.93516,0.01097,0.00326
9.06618,0.48529,0.05061,0.93516,0.01097,0.00326
9.16912,0.48529,0.05061,0.93516,0.01097,0.00326
9.27206,0.48529,0.55776,0.11579,0.31255,0.01390
9.37500,0.48529,0.89145,0.01163,0.09549,0.00143
9.47794,0.48529,0.97061,0.00646,0.02274,0.00020
9.58088,0.48529,0.95959,0.01926,0.02037,0.00079
9.68382,0.48529,0.96207,0.00254,0.03379,0.00159
9.78677,0.48529,0.61473,0.00089,0.38409,0.00029
9.88971,0.48529,0.96285,0.00013,0.03679,0.00023
9.99265,0.48529,0.99079,0.00053,0.00814,0.00055
10.09559,0.48529,0.99567,0.00099,0.00321,0.00013
10.19853,0.48529,0.89998,0.03704,0.05008,0.01290
10.30147,0.48529,0.72876,0.11770,0.12473,0.02882
10.40441,0.48529,0.05061,0.93516,0.01097,0.00326
10.50735,0.48529,0.05061,0.93516,0.01097,0.00326
10.61029,0.48529,0.05061,0.93516,0.01097,0.00326
10.71323,0.48529,0.05061,0.93516,0.01097,0.00326
10.81618,0.48529,0.05061,0.93516,0.01097,0.00326
10.91912,0.48529,0.05061,0.93516,0.01097,0.00326
11.02206,0.48529,0.05061,0.93516,0.01097,0.00326
11.12500,0.48529,0.05061,0.93516,0.01097,0.00326
11.22794,0.48529,0.05061,0.93516,0.01097,0.00326
11.33088,0.48529,0.66814,0.04666,0.27606,0.00914
11.43382,0.48529,0.90702,0.01791,0.07408,0.00099
11.53677,0.48529,0.94123,0.00681,0.05183,0.00013
11.63971,0.48529,0.66078,0.00596,0.33221,0.00105
11.74265,0.48529,0.91213,0.04088,0.04455,0.00244
11.84559,0.48529,0.96024,0.00849,0.02864,0.00262
11.94853,0.48529,0.95197,0.01187,0.03271,0.00345
12.05147,0.48529,0.72422,0.11498,0.13389,0.02691
12.15441,0.48529,0.05061,0.93516,0.01097,0.00326
12.25735,0.48529,0.05061,0.93516,0.01097,0.00326
12.36029,0.48529,0.05061,0.93516,0.01097,0.00326
12.46323,0.48529,0.05061,0.93516,0.01097,0.00326
12.56618,0.48529,0.05061,0.93516,0.01097,0.00326
12.66912,0.48529,0.05061,0.93516,0.01097,0.00326
12.77206,0.48529,0.05061,0.93516,0.01097,0.00326
12.87500,0.48529,0.22984,0.64121,0.11440,0.01455
12.97794,0.48529,0.77805,0.02383,0.19469,0.00342
13.08088,0.48529,0.92242,0.01416,0.06319,0.00024
13.18382,0.48529,0.90977,0.00880,0.08123,0.00020
13.28677,0.48529,0.91335,0.01018,0.07577,0.00070
13.38971,0.48529,0.46953,0.04862,0.48089,0.00096
13.49265,0.48529,0.91556,0.00261,0.08093,0.00089
13.59559,0.48529,0.98641,0.00298,0.00951,0.00110
13.69853,0.48529,0.98172,0.00341,0.01092,0.00394
13.80147,0.48529,0.73962,0.13407,0.10952,0.01679
13.90441,0.48529,0.05061,0.93516,0.01097,0.00326
14.00735,0.48529,0.05061,0.93516,0.01097,0.00326
14.11029,0.48529,0.05061,0.93516,0.01097,0.00326
14.21323,0.48529,0.05061,0.93516,0.01097,0.00326
14.31618,0.48529,0.05061,0.93516,0.01097,0.00326
14.41912,0.48529,0.05061,0.93516,0.01097,0.00326
14.52206,0.48529,0.05061,0.93516,0.01097,0.00326
14.62500,0.48529,0.05061,0.93516,0.01097,0.00326
14.72794,0.48529,0.05061,0.93516,0.01097,0.00326
14.83088,0.48529,0.05061,0.93516,0.01097,0.00326
14.93382,0.48529,0.85003,0.02906,0.11601,0.00490
15.03677,0.48529,0.95331,0.00334,0.04317,0.00018
15.13971,0.48529,0.98177,0.00665,0.01140,0.00018
15.24265,0.48529,0.97704,0.00136,0.02130,0.00030
15.34559,0.48529,0.72563,0.00545,0.26736,0.00156
15.44853,0.48529,0.96938,0.00084,0.02902,0.00077
15.55147,0.48529,0.98932,0.00096,0.00850,0.00122
15.65441,0.48529,0.96935,0.00783,0.01939,0.00344
15.75735,0.48529,0.55177,0.34902,0.07707,0.02214
15.86029,0.48529,0.05061,0.93516,0.01097,0.00326
15.96323,0.48530,0.05061,0.93516,0.01097,0.00326
16.06618,0.48529,0.05061,0.93516,0.01097,0.00326
16.16912,0.48529,0.05061,0.93516,0.01097,0.00326
16.27206,0.48529,0.05061,0.93516,0.01097,0.00326
16.37500,0.48529,0.05061,0.93516,0.01097,0.00326
16.47794,0.48529,0.05061,0.93516,0.01097,0.00326
16.58088,0.48529,0.05061,0.93516,0.01097,0.00326
16.68382,0.48529,0.05061,0.93516,0.01097,0.00326
16.78676,0.48529,0.05061,0.93516,0.01097,0.00326
16.88971,0.48529,0.05061,0.93516,0.01097,0.00326
16.99265,0.48529,0.23778,0.62709,0.12021,0.01491
17.09559,0.48529,0.82724,0.01595,0.15407,0.00275
17.19853,0.48529,0.94986,0.00770,0.04218,0.00026
17.30147,0.48529,0.94804,0.00829,0.04343,0.00024
17.40441,0.48529,0.90883,0.00438,0.08643,0.00037
17.50735,0.48529,0.32699,0.00160,0.67114,0.00027
17.61029,0.48529,0.40455,0.00029,0.59484,0.00032
17.71324,0.48529,0.84970,0.00079,0.14819,0.00132
17.81618,0.48529,0.99009,0.00122,0.00843,0.00026
17.91912,0.48529,0.96262,0.01369,0.01588,0.00781
18.02206,0.48529,0.84304,0.06539,0.07066,0.02091
18.12500,0.48529,0.05061,0.93516,0.01097,0.00326
18.22794,0.48529,0.05061,0.93516,0.01097,0.00326
18.33088,0.48529,0.05061,0.93516,0.01097,0.00326
18.43382,0.48529,0.05061,0.93516,0.01097,0.00326
18.53676,0.48529,0.05061,0.93516,0.01097,0.00326
18.63971,0.48529,0.05061,0.93516,0.01097,0.00326
18.74265,0.48529,0.05061,0.93516,0.01097,0.00326
18.84559,0.48529,0.05061,0.93516,0.01097,0.00326
18.94853,0.48529,0.05061,0.93516,0.01097,0.00326
19.05147,0.48529,0.05061,0.93516,0.01097,0.00326
19.15441,0.48529,0.05061,0.93516,0.01097,0.00326
19.25735,0.48529,0.83232,0.02662,0.13603,0.00503
19.36029,0.48529,0.92942,0.00542,0.06486,0.00030
19.46324,0.48529,0.97281,0.00834,0.01872,0.00012
19.56618,0.48529,0.96413,0.00243,0.03214,0.00130
19.66912,0.48529,0.53947,0.00129,0.45833,0.00091
19.77206,0.48529,0.52306,0.00057,0.47501,0.00135
19.87500,0.48529,0.98977,0.00069,0.00893,0.00062
19.97794,0.48529,0.99757,0.00061,0.00136,0.00046
20.08088,0.48529,0.95343,0.01129,0.03165,0.00362
20.18382,0.48529,0.76120,0.17252,0.05393,0.01235
20.28676,0.48529,0.39000,0.47996,0.10972,0.02032
20.38971,0.48529,0.05061,0.93516,0.01097,0.00326
20.49265,0.48529,0.05061,0.93516,0.01097,0.00326
20.59559,0.48529,0.05061,0.93516,0.01097,0.00326
20.69853,0.48529,0.05061,0.93516,0.01097,0.00326
20.80147,0.48529,0.05061,0.93516,0.01097,0.00326
20.90441,0.48529,0.05061,0.93516,0.01097,0.00326
21.00735,0.48529,0.05061,0.93516,0.01097,0.00326
21.11029,0.48529,0.05061,0.93516,0.01097,0.00326
21.21324,0.48529,0.72806,0.04061,0.22543,0.00591
21.31618,0.48529,0.86423,0.00625,0.12922,0.00030
21.41912,0.48529,0.96954,0.00718,0.02320,0.00008
21.52206,0.48529,0.94651,0.00663,0.04623,0.00063
21.62500,0.48529,0.91500,0.00770,0.07481,0.00249
21.72794,0.48529,0.68562,0.00343,0.30663,0.00431
21.83088,0.48529,0.22603,0.00070,0.77091,0.00237
21.93382,0.48529,0.06885,0.00033,0.93006,0.00077
22.03676,0.48529,0.05882,0.00030,0.94057,0.00031
22.13971,0.48529,0.11329,0.00009,0.88652,0.00009
22.24265,0.48529,0.11616,0.00008,0.88367,0.00009
22.34559,0.48529,0.15053,0.00004,0.84935,0.00008
22.44853,0.48529,0.23350,0.00013,0.76605,0.00032
22.55147,0.48529,0.65696,0.00041,0.34176,0.00087
22.65441,0.48529,0.97966,0.00110,0.01827,0.00097
22.75735,0.48529,0.97775,0.00537,0.01483,0.00205
22.86029,0.48529,0.84607,0.10318,0.04172,0.00902
22.96324,0.48529,0.56179,0.35593,0.06326,0.01902
23.06618,0.48529,0.05061,0.93516,0.01097,0.00326
23.16912,0.48529,0.05061,0.93516,0.01097,0.00326
23.27206,0.48529,0.05061,0.93516,0.01097,0.00326
23.37500,0.48529,0.05061,0.93516,0.01097,0.00326
23.47794,0.48529,0.05061,0.93516,0.01097,0.00326
23.58088,0.48529,0.05061,0.93516,0.01097,0.00326
23.68382,0.48529,0.72143,0.09057,0.17184,0.01616
23.78676,0.48529,0.90588,0.00743,0.08613,0.00056
23.88971,0.48529,0.97849,0.00253,0.01888,0.00010
23.99265,0.48529,0.92801,0.00202,0.06951,0.00046
24.09559,0.48529,0.60780,0.00230,0.38972,0.00018
24.19853,0.48529,0.05084,0.00027,0.94882,0.00006
24.30147,0.48529,0.01610,0.00008,0.98378,0.00004
24.40441,0.48529,0.01369,0.00003,0.98625,0.00003
24.50735,0.48529,0.00865,0.00002,0.99131,0.00002
24.61029,0.48529,0.00872,0.00001,0.99125,0.00002
24.71324,0.48529,0.01087,0.00003,0.98907,0.00004
24.81618,0.48529,0.01273,0.00003,0.98719,0.00004
24.91912,0.48529,0.01268,0.00003,0.98726,0.00003
25.02206,0.48529,0.01400,0.00003,0.98593,0.00005
25.12500,0.48529,0.01757,0.00004,0.98235,0.00004
25.22794,0.48529,0.02404,0.00003,0.97589,0.00004
25.33088,0.48529,0.04143,0.00006,0.95842,0.00008
25.43382,0.48529,0.02527,0.00005,0.97462,0.00005
25.53676,0.48529,0.03389,0.00009,0.96592,0.00010
25.63971,0.48529,0.03592,0.00029,0.96349,0.00030
25.74265,0.48529,0.05471,0.00070,0.94392,0.00068
25.84559,0.48529,0.78369,0.00119,0.21236,0.00276
25.94853,0.48529,0.84756,0.00429,0.14722,0.00093
26.05147,0.48529,0.99491,0.00143,0.00342,0.00024
26.15441,0.48529,0.98704,0.00181,0.00814,0.00301
26.25735,0.48529,0.97253,0.00805,0.01654,0.00287
26.36029,0.48529,0.98002,0.00077,0.01855,0.00066
26.46324,0.48529,0.94161,0.00519,0.05253,0.00067
26.56618,0.48529,0.71555,0.01127,0.27187,0.00131
26.66912,0.48529,0.84825,0.02132,0.12590,0.00453
26.77206,0.48529,0.55254,0.01911,0.42388,0.00447
26.87500,0.48529,0.78186,0.00229,0.21327,0.00257
26.97794,0.48529,0.89941,0.00334,0.09676,0.00048
27.08088,0.48529,0.97516,0.00593,0.01800,0.00092
27.18382,0.48529,0.97446,0.00439,0.01991,0.00124
27.28676,0.48529,0.99506,0.00106,0.00373,0.00015
27.38971,0.48529,0.92860,0.00154,0.06882,0.00103
27.49265,0.48529,0.81912,0.00994,0.16998,0.00097
27.59559,0.48529,0.21813,0.00495,0.77623,0.00068
27.69853,0.48529,0.12874,0.00084,0.87015,0.00027
27.80147,0.48529,0.05459,0.00029,0.94496,0.00015
27.90441,0.48529,0.06649,0.00051,0.93282,0.00018
28.00735,0.48529,0.04225,0.00014,0.95752,0.00009
28.11029,0.48529,0.03304,0.00006,0.96684,0.00006
28.21324,0.48529,0.02942,0.00007,0.97043,0.00008
28.31618,0.48529,0.06998,0.00014,0.92956,0.00033
28.41912,0.48529,0.09437,0.00034,0.90489,0.00040
28.52206,0.48529,0.56232,0.00485,0.43008,0.00275
28.62500,0.48529,0.98128,0.00215,0.01570,0.00087
28.72794,0.48529,0.92991,0.02984,0.03170,0.00854
28.83088,0.48529,0.89738,0.07222,0.02357,0.00683
28.93382,0.48529,0.27579,0.66969,0.04231,0.01220
29.03676,0.48529,0.05061,0.93516,0.01097,0.00326
29.13971,0.48529,0.05061,0.93516,0.01097,0.00326
29.24265,0.48529,0.05061,0.93516,0.01097,0.00326
29.34559,0.48529,0.05061,0.93516,0.01097,0.00326
29.44853,0.48529,0.05061,0.93516,0.01097,0.00326
29.55147,0.48529,0.05061,0.93516,0.01097,0.00326
29.65441,0.48529,0.05061,0.93516,0.01097,0.00326
29.75735,0.48529,0.05061,0.93516,0.01097,0.00326
29.86029,0.48529,0.69344,0.04969,0.24758,0.00929
29.96324,0.48529,0.86570,0.01710,0.11630,0.00090
30.06618,0.48529,0.96921,0.00830,0.02233,0.00017
30.16912,0.48529,0.94499,0.00756,0.04696,0.00049
30.27206,0.48529,0.85332,0.00553,0.14028,0.00087
30.37500,0.48529,0.67139,0.00121,0.32689,0.00051
30.47794,0.48529,0.96675,0.00040,0.03239,0.00047
30.58088,0.48529,0.99456,0.00269,0.00240,0.00035
30.68382,0.48529,0.97462,0.00685,0.01573,0.00280
30.78676,0.48529,0.91066,0.02800,0.04449,0.01685
30.88971,0.48529,0.05061,0.93516,0.01097,0.00326
30.99265,0.48529,0.05061,0.93516,0.01097,0.00326
31.09559,0.48529,0.05061,0.93516,0.01097,0.00326
31.19853,0.48529,0.05061,0.93516,0.01097,0.00326
31.30147,0.48529,0.05061,0.93516,0.01097,0.00326
31.40441,0.48529,0.05061,0.93516,0.01097,0.00326
31.50735,0.48529,0.05061,0.93516,0.01097,0.00326
31.61029,0.48529,0.51506,0.17743,0.28764,0.01987
31.71324,0.48529,0.93971,0.00664,0.05278,0.00087
31.81618,0.48529,0.97516,0.00304,0.02170,0.00010
31.91912,0.48529,0.97089,0.01353,0.01426,0.00132
32.02206,0.48529,0.96109,0.00544,0.02778,0.00569
32.12500,0.48529,0.87141,0.00110,0.12659,0.00089
32.22794,0.48529,0.41667,0.00012,0.58297,0.00024
32.33088,0.48529,0.93631,0.00065,0.06165,0.00139
32.43382,0.48529,0.99249,0.00030,0.00677,0.00045
32.53677,0.48529,0.98670,0.00227,0.01058,0.00045
32.63971,0.48529,0.92029,0.03622,0.03254,0.01096
32.74265,0.48529,0.76691,0.12755,0.08086,0.02468
32.84559,0.48529,0.05061,0.93516,0.01097,0.00326
32.94853,0.48529,0.05061,0.93516,0.01097,0.00326
33.05147,0.48529,0.05061,0.93516,0.01097,0.00326
33.15441,0.48529,0.05061,0.93516,0.01097,0.00326
33.25735,0.48529,0.05061,0.93516,0.01097,0.00326
33.36029,0.48529,0.05061,0.93516,0.01097,0.00326
33.46323,0.48529,0.05061,0.93516,0.01097,0.00326
33.56618,0.48529,0.05061,0.93516,0.01097,0.00326
33.66912,0.48529,0.05061,0.93516,0.01097,0.00326
33.77206,0.48529,0.05061,0.93516,0.01097,0.00326
33.87500,0.48529,0.66367,0.18120,0.14046,0.01467
33.97794,0.48529,0.86030,0.00987,0.12890,0.00092
34.08088,0.48529,0.96967,0.00793,0.02227,0.00013
34.18382,0.48529,0.96526,0.01920,0.01476,0.00078
34.28677,0.48529,0.95430,0.00532,0.03907,0.00132
34.38971,0.48529,0.69513,0.00207,0.30225,0.00055
34.49265,0.48529,0.16286,0.00018,0.83667,0.00029
34.59559,0.48529,0.73475,0.00087,0.26298,0.00140
34.69853,0.48529,0.99362,0.00065,0.00516,0.00057
34.80147,0.48529,0.98430,0.00313,0.01054,0.00203
34.90441,0.48529,0.83101,0.06454,0.09646,0.00799
35.00735,0.48529,0.55963,0.33663,0.08412,0.01961
35.11029,0.48529,0.05061,0.93516,0.01097,0.00326
35.21323,0.48529,0.05061,0.93516,0.01097,0.00326
35.31618,0.48529,0.05061,0.93516,0.01097,0.00326
35.41912,0.48529,0.05061,0.93516,0.01097,0.00326
35.52206,0.48529,0.05061,0.93516,0.01097,0.00326
35.62500,0.48529,0.05061,0.93516,0.01097,0.00326
35.72794,0.48529,0.22197,0.65508,0.10877,0.01418
35.83088,0.48529,0.79546,0.02028,0.18159,0.00267
35.93382,0.48529,0.93615,0.01270,0.05087,0.00028
36.03677,0.48529,0.94442,0.01621,0.03905,0.00032
36.13971,0.48529,0.95572,0.02436,0.01860,0.00132
36.24265,0.48529,0.82941,0.00395,0.16487,0.00178
36.34559,0.48529,0.25566,0.00022,0.74388,0.00023
36.44853,0.48529,0.47232,0.00010,0.52740,0.00019
36.55147,0.48529,0.52549,0.00024,0.47359,0.00068
36.65441,0.48529,0.22946,0.00036,0.76975,0.00043
36.75735,0.48529,0.10402,0.00100,0.89419,0.00079
36.86029,0.48529,0.12540,0.00071,0.87373,0.00016
36.96323,0.48529,0.31313,0.00235,0.68419,0.00033
37.06618,0.48529,0.40972,0.00312,0.58645,0.00071
37.16912,0.48529,0.37529,0.00130,0.62226,0.00115
37.27206,0.48529,0.14960,0.00024,0.84981,0.00035
37.37500,0.48529,0.06394,0.00011,0.93581,0.00013
37.47794,0.48529,0.23725,0.00017,0.76221,0.00037
37.58088,0.48529,0.92960,0.00127,0.06821,0.00092
37.68382,0.48529,0.98550,0.00105,0.01199,0.00146
37.78677,0.48529,0.96342,0.00847,0.02285,0.00526
37.88971,0.48529,0.74403,0.13080,0.11049,0.01468
37.99265,0.48529,0.05061,0.93516,0.01097,0.00326
38.09559,0.48529,0.05061,0.93516,0.01097,0.00326
38.19853,0.48529,0.05061,0.93516,0.01097,0.00326
38.30147,0.48529,0.05061,0.93516,0.01097,0.00326
38.40441,0.48529,0.05061,0.93516,0.01097,0.00326
38.50735,0.48529,0.05061,0.93516,0.01097,0.00326
38.61029,0.48529,0.05061,0.93516,0.01097,0.00326
38.71323,0.48529,0.05061,0.93516,0.01097,0.00326
38.81618,0.48529,0.05061,0.93516,0.01097,0.00326
38.91912,0.48529,0.05061,0.93516,0.01097,0.00326
39.02206,0.48529,0.05061,0.93516,0.01097,0.00326
39.12500,0.48529,0.05061,0.93516,0.01097,0.00326
39.22794,0.48529,0.55837,0.18257,0.23901,0.02005
39.33088,0.48529,0.80093,0.01886,0.17850,0.00171
39.43382,0.48529,0.94330,0.01334,0.04307,0.00029
39.53677,0.48529,0.96530,0.01224,0.02182,0.00063
39.63971,0.48529,0.98898,0.00583,0.00444,0.00074
39.74265,0.48529,0.98173,0.00026,0.01754,0.00047
39.84559,0.48529,0.95977,0.00006,0.03910,0.00107
39.94853,0.48529,0.90802,0.00062,0.08806,0.00331
40.05147,0.48529,0.51440,0.00114,0.47836,0.00610
40.15441,0.48529,0.29725,0.00076,0.69775,0.00424
40.25735,0.48529,0.22701,0.00028,0.77085,0.00186
40.36029,0.48529,0.28833,0.00021,0.70964,0.00182
40.46323,0.48529,0.42565,0.00011,0.57259,0.00164
40.56618,0.48529,0.81435,0.00006,0.18399,0.00160
40.66912,0.48529,0.64379,0.00238,0.32517,0.02866
40.77206,0.48529,0.74215,0.02046,0.14214,0.09525
40.87500,0.48529,0.99926,0.00009,0.00026,0.00039
40.97794,0.48529,0.99811,0.00000,0.00189,0.00000
41.08088,0.48529,1.00000,0.00000,0.00000,0.00000
41.18382,0.48529,0.93793,0.00014,0.06187,0.00006
41.28677,0.48529,0.99042,0.00001,0.00949,0.00008
41.38971,0.48529,0.97706,0.00079,0.02018,0.00197
41.49265,0.48529,0.98208,0.00176,0.01539,0.00078
41.59559,0.48529,0.97993,0.01159,0.00741,0.00107
41.69853,0.48529,0.80573,0.10542,0.06066,0.02818
41.80147,0.48529,0.30074,0.54431,0.13913,0.01582
41.90441,0.48529,0.05061,0.93516,0.01097,0.00326
42.00735,0.48529,0.05061,0.93516,0.01097,0.00326
42.11029,0.48529,0.63124,0.21232,0.14156,0.01489
42.21323,0.48529,0.86253,0.01626,0.11940,0.00181
42.31618,0.48529,0.88748,0.00793,0.10384,0.00075
42.41912,0.48529,0.95741,0.00150,0.04090,0.00020
42.52206,0.48529,0.58958,0.00210,0.40737,0.00096
42.62500,0.48529,0.22418,0.00136,0.77399,0.00046
42.72794,0.48529,0.27338,0.00342,0.72286,0.00034
42.83088,0.48529,0.20790,0.00176,0.79005,0.00029
42.93382,0.48529,0.05934,0.00044,0.94012,0.00010
43.03677,0.48529,0.02383,0.00016,0.97595,0.00007
43.13971,0.48529,0.01793,0.00009,0.98192,0.00006
43.24265,0.48529,0.01253,0.00004,0.98741,0.00003
43.34559,0.48529,0.01244,0.00004,0.98747,0.00005
43.44853,0.48529,0.01307,0.00005,0.98682,0.00007
43.55147,0.48529,0.01746,0.00007,0.98239,0.00008
43.65441,0.48529,0.01579,0.00008,0.98408,0.00006
43.75735,0.48529,0.05053,0.00003,0.94935,0.00009
43.86029,0.48529,0.22790,0.00011,0.77178,0.00021
43.96323,0.48529,0.25594,0.00028,0.74323,0.00055
44.06618,0.48529,0.54229,0.00033,0.45677,0.00061
44.16912,0.48529,0.59559,0.00251,0.40041,0.00149
44.27206,0.48529,0.48669,0.00580,0.50542,0.00209
44.37500,0.48529,0.32484,0.00237,0.67134,0.00145
44.47794,0.48529,0.30173,0.00608,0.69099,0.00120
44.58088,0.48529,0.21699,0.00191,0.78077,0.00033
44.68382,0.48529,0.14138,0.00077,0.85765,0.00020
44.78677,0.48529,0.32119,0.00523,0.67292,0.00066
44.88971,0.48529,0.38693,0.00745,0.60446,0.00116
44.99265,0.48529,0.24401,0.00224,0.75229,0.00147
45.09559,0.48529,0.13810,0.00114,0.85996,0.00080
45.19853,0.48529,0.12697,0.00068,0.87145,0.00090
45.30147,0.48529,0.80345,0.00150,0.18518,0.00987
45.40441,0.48529,0.96716,0.00020,0.03218,0.00045
45.50735,0.48529,0.79948,0.00012,0.20037,0.00003
45.61029,0.48529,0.69124,0.00072,0.30624,0.00180
45.71323,0.48529,0.93702,0.00023,0.05993,0.00283
45.81618,0.48529,0.28599,0.00009,0.71362,0.00030
45.91912,0.48529,0.49965,0.00069,0.49827,0.00138
46.02206,0.48529,0.96008,0.00042,0.03811,0.00139
46.12500,0.48529,0.96534,0.00147,0.03223,0.00097
46.22794,0.48529,0.96757,0.02169,0.00980,0.00094
46.33088,0.48529,0.86898,0.06548,0.05031,0.01523
46.43382,0.48529,0.70363,0.13143,0.13369,0.03126
46.53677,0.48529,0.20358,0.69043,0.08764,0.01835
46.63971,0.48529,0.86078,0.02165,0.11372,0.00385
46.74265,0.48529,0.96065,0.00278,0.03625,0.00031
46.84559,0.48529,0.95600,0.00196,0.04161,0.00043
46.94853,0.48529,0.86400,0.00137,0.13443,0.00020
47.05147,0.48529,0.65080,0.00795,0.34082,0.00044
47.15441,0.48529,0.36010,0.00205,0.63729,0.00057
47.25735,0.48529,0.52926,0.00422,0.46486,0.00166
47.36029,0.48529,0.25590,0.00110,0.74132,0.00168
47.46323,0.48529,0.09071,0.00054,0.90779,0.00097
47.56618,0.48529,0.04448,0.00026,0.95473,0.00053
47.66912,0.48529,0.04449,0.00023,0.95501,0.00027
47.77206,0.48529,0.11452,0.00014,0.88518,0.00016
47.87500,0.48529,0.41068,0.00014,0.58884,0.00034
47.97794,0.48529,0.57151,0.00072,0.42648,0.00129
48.08088,0.48529,0.67581,0.00053,0.32298,0.00068
48.18382,0.48529,0.49242,0.00070,0.50658,0.00030
48.28677,0.48529,0.39587,0.00405,0.59861,0.00146
48.38971,0.48529,0.85350,0.00996,0.13525,0.00130
48.49265,0.48529,0.97882,0.00048,0.02030,0.00041
48.59559,0.48529,0.99268,0.00001,0.00720,0.00010
48.69853,0.48529,0.97966,0.00015,0.01860,0.00159
48.80147,0.48529,0.91615,0.00308,0.06781,0.01297
48.90441,0.48529,0.41212,0.00088,0.57968,0.00732
49.00735,0.48529,0.27931,0.00042,0.71797,0.00230
49.11029,0.48529,0.28229,0.00043,0.71520,0.00208
49.21323,0.48529,0.26156,0.00030,0.73636,0.00177
49.31618,0.48529,0.24489,0.00027,0.75292,0.00191
49.41912,0.48529,0.23721,0.00029,0.76027,0.00223
49.52206,0.48529,0.27898,0.00050,0.71750,0.00302
49.62500,0.48529,0.34067,0.00043,0.65583,0.00307
49.72794,0.48529,0.44669,0.00123,0.54670,0.00538
49.83088,0.48529,0.69355,0.00216,0.29760,0.00669
49.93382,0.48529,0.98117,0.00483,0.01211,0.00190
50.03677,0.48529,0.99665,0.00055,0.00278,0.00003
50.13971,0.48529,0.94787,0.00020,0.05192,0.00001
50.24265,0.48529,0.40213,0.00007,0.59769,0.00010
50.34559,0.48529,0.36539,0.00018,0.63395,0.00049
50.44853,0.48529,0.59111,0.00074,0.40696,0.00119
50.55147,0.48529,0.85770,0.00198,0.13815,0.00217
50.65441,0.48529,0.94821,0.01968,0.03061,0.00150
50.75735,0.48529,0.81402,0.05895,0.10410,0.02293
50.86029,0.48529,0.96661,0.00393,0.02801,0.00145
50.96323,0.48529,0.94415,0.00310,0.05254,0.00021
51.06618,0.48529,0.94041,0.01025,0.04907,0.00027
51.16912,0.48529,0.92490,0.01624,0.05742,0.00144
51.27206,0.48529,0.98550,0.00008,0.01419,0.00022
51.37500,0.48529,0.99406,0.00000,0.00583,0.00011
51.47794,0.48529,0.97390,0.00070,0.02070,0.00469
51.58088,0.48529,0.81812,0.00793,0.13597,0.03797
51.68382,0.48529,0.82693,0.00294,0.14854,0.02159
51.78677,0.48529,0.99265,0.00242,0.00424,0.00070
51.88971,0.48529,0.99705,0.00048,0.00245,0.00002
51.99265,0.48529,0.93474,0.00016,0.06509,0.00001
52.09559,0.48529,0.31392,0.00004,0.68597,0.00007
52.19853,0.48529,0.10227,0.00016,0.89745,0.00012
52.30147,0.48529,0.04363,0.00013,0.95613,0.00012
52.40441,0.48529,0.47084,0.00235,0.52580,0.00101
52.50735,0.48529,0.93442,0.00021,0.06486,0.00051
52.61029,0.48529,0.95912,0.00014,0.04016,0.00059
52.71323,0.48529,0.81318,0.00319,0.17824,0.00539
52.81618,0.48529,0.28123,0.00262,0.71198,0.00418
52.91912,0.48529,0.54358,0.00273,0.45019,0.00350
53.02206,0.48529,0.92502,0.00111,0.07364,0.00024
53.12500,0.48529,0.76939,0.00022,0.23035,0.00005
53.22794,0.48529,0.41170,0.00004,0.58815,0.00011
53.33088,0.48529,0.63278,0.00051,0.36554,0.00117
53.43382,0.48529,0.75760,0.00058,0.24033,0.00149
53.53677,0.48529,0.91628,0.00492,0.07697,0.00183
53.63971,0.48529,0.91332,0.04559,0.03896,0.00213
53.74265,0.48529,0.70927,0.15709,0.10477,0.02888
53.84559,0.48529,0.61254,0.22590,0.13572,0.02584
53.94853,0.48529,0.05061,0.93516,0.01097,0.00326
54.05147,0.48529,0.05061,0.93516,0.01097,0.00326
54.15441,0.48529,0.22197,0.65508,0.10877,0.01418
54.25735,0.48529,0.79935,0.04365,0.15055,0.00644
54.36029,0.48529,0.93025,0.00470,0.06462,0.00042
54.46323,0.48529,0.92187,0.00582,0.07199,0.00032
54.56618,0.48529,0.91455,0.00754,0.07740,0.00051
54.66912,0.48529,0.59259,0.00376,0.40292,0.00074
54.77206,0.48529,0.17336,0.00096,0.82535,0.00033
54.87500,0.48529,0.96531,0.00050,0.03329,0.00090
54.97794,0.48529,0.96793,0.00156,0.02892,0.00159
55.08088,0.48529,0.99567,0.00090,0.00320,0.00023
55.18382,0.48529,0.87690,0.00815,0.10904,0.00591
55.28677,0.48529,0.91488,0.00793,0.07590,0.00128
55.38971,0.48529,0.42462,0.01498,0.55835,0.00205
55.49265,0.48529,0.16241,0.00436,0.83185,0.00137
55.59559,0.48529,0.27004,0.00309,0.72606,0.00081
55.69853,0.48529,0.30488,0.00322,0.69121,0.00069
55.80147,0.48529,0.87518,0.00799,0.11484,0.00198
55.90441,0.48529,0.92478,0.00174,0.07250,0.00097
56.00735,0.48529,0.11229,0.00013,0.88751,0.00006
56.11029,0.48529,0.03902,0.00002,0.96093,0.00003
56.21323,0.48529,0.01698,0.00007,0.98291,0.00005
56.31618,0.48529,0.04893,0.00003,0.95097,0.00007
56.41912,0.48529,0.43464,0.00067,0.56433,0.00036
56.52206,0.48529,0.93525,0.00036,0.06370,0.00069
56.62500,0.48529,0.98324,0.00303,0.01248,0.00125
56.72794,0.48529,0.98328,0.00368,0.01029,0.00275
56.83088,0.48529,0.77174,0.13098,0.07747,0.01980
56.93382,0.48529,0.29321,0.62248,0.07358,0.01073
57.03677,0.48529,0.05061,0.93516,0.01097,0.00326
57.13971,0.48529,0.05061,0.93516,0.01097,0.00326
57.24265,0.48529,0.05061,0.93516,0.01097,0.00326
57.34559,0.48529,0.05061,0.93516,0.01097,0.00326
57.44853,0.48529,0.05061,0.93516,0.01097,0.00326
57.55147,0.48529,0.05061,0.93516,0.01097,0.00326
57.65441,0.48529,0.05061,0.93516,0.01097,0.00326
57.75735,0.48529,0.05061,0.93516,0.01097,0.00326
57.86029,0.48529,0.05061,0.93516,0.01097,0.00326
57.96323,0.48529,0.05061,0.93516,0.01097,0.00326
58.06618,0.48529,0.05061,0.93516,0.01097,0.00326
58.16912,0.48529,0.05061,0.93516,0.01097,0.00326
58.27206,0.48529,0.05061,0.93516,0.01097,0.00326
58.37500,0.48529,0.05061,0.93516,0.01097,0.00326
58.47794,0.48529,0.05061,0.93516,0.01097,0.00326
58.58088,0.48529,0.05061,0.93516,0.01097,0.00326
58.68382,0.48529,0.05061,0.93516,0.01097,0.00326
58.78677,0.48529,0.05061,0.93516,0.01097,0.00326
58.88971,0.48529,0.46016,0.25568,0.26354,0.02062
58.99265,0.48529,0.86363,0.03683,0.09444,0.00510
59.09559,0.48529,0.92739,0.00233,0.06997,0.00031
59.19853,0.48529,0.76536,0.00921,0.22321,0.00221
59.30147,0.48529,0.28267,0.01308,0.70121,0.00304
59.40441,0.48529,0.52183,0.02479,0.44893,0.00445
59.50735,0.48529,0.82965,0.05785,0.10734,0.00517
59.61029,0.48529,0.82789,0.05210,0.10967,0.01034
59.71323,0.48529,0.72982,0.11914,0.13174,0.01931
59.81618,0.48529,0.34832,0.53111,0.10176,0.01881
59.91912,0.48529,0.05061,0.93516,0.01097,0.00326
60.02206,0.48529,0.81586,0.02706,0.15084,0.00624
60.12500,0.48529,0.93385,0.00987,0.05578,0.00050
60.22794,0.48529,0.98434,0.00373,0.01179,0.00014
60.33088,0.48529,0.95495,0.00528,0.03923,0.00054
60.43382,0.48529,0.98463,0.00559,0.00945,0.00034
60.53677,0.48529,0.98496,0.00166,0.01254,0.00084
60.63971,0.48529,0.99173,0.00489,0.00253,0.00085
60.74265,0.48529,0.93319,0.01634,0.04049,0.00998
60.84559,0.48529,0.05061,0.93516,0.01097,0.00326
60.94853,0.48529,0.05061,0.93516,0.01097,0.00326
61.05147,0.48529,0.05061,0.93516,0.01097,0.00326
61.15441,0.48529,0.05061,0.93516,0.01097,0.00326
61.25735,0.48529,0.05061,0.93516,0.01097,0.00326
61.36029,0.48529,0.05061,0.93516,0.01097,0.00326
61.46323,0.48529,0.05061,0.93516,0.01097,0.00326
61.56618,0.48529,0.05061,0.93516,0.01097,0.00326
61.66912,0.48529,0.05061,0.93516,0.01097,0.00326
61.77206,0.48529,0.05061,0.93516,0.01097,0.00326
61.87500,0.48529,0.05061,0.93516,0.01097,0.00326
61.97794,0.48529,0.05061,0.93516,0.01097,0.00326
62.08088,0.48529,0.05061,0.93516,0.01097,0.00326
62.18382,0.48529,0.05061,0.93516,0.01097,0.00326
62.28677,0.48529,0.05061,0.93516,0.01097,0.00326
62.38971,0.48529,0.84963,0.02016,0.12756,0.00265
62.49265,0.48529,0.95529,0.01316,0.03129,0.00027
62.59559,0.48529,0.97020,0.01857,0.01076,0.00047
62.69853,0.48529,0.97085,0.01294,0.01522,0.00099
62.80147,0.48529,0.88008,0.00704,0.11129,0.00158
62.90441,0.48529,0.15886,0.00042,0.84025,0.00047
63.00735,0.48529,0.06879,0.00015,0.93090,0.00016
63.11029,0.48529,0.17740,0.00009,0.82238,0.00013
63.21323,0.48529,0.83341,0.00091,0.16488,0.00081
63.31618,0.48529,0.96618,0.00110,0.03105,0.00167
63.41912,0.48529,0.98472,0.00406,0.01059,0.00063
63.52206,0.48529,0.84835,0.04975,0.08577,0.01613
63.62500,0.48529,0.64895,0.20379,0.12429,0.02296
63.72794,0.48529,0.05061,0.93516,0.01097,0.00326
63.83088,0.48529,0.05061,0.93516,0.01097,0.00326
63.93382,0.48530,0.05061,0.93516,0.01097,0.00326
64.03677,0.48529,0.05061,0.93516,0.01097,0.00326
64.13971,0.48529,0.05061,0.93516,0.01097,0.00326
64.24265,0.48530,0.05061,0.93516,0.01097,0.00326
64.34559,0.48529,0.05061,0.93516,0.01097,0.00326
64.44853,0.48529,0.05061,0.93516,0.01097,0.00326
64.55147,0.48530,0.81606,0.01902,0.16231,0.00262
64.65441,0.48530,0.93362,0.01728,0.04874,0.00036
64.75735,0.48529,0.96740,0.01279,0.01954,0.00027
64.86029,0.48530,0.99519,0.00188,0.00251,0.00042
64.96323,0.48530,0.98739,0.00004,0.01240,0.00017
65.06618,0.48529,0.67329,0.00529,0.31055,0.01087
65.16912,0.48529,0.42335,0.00529,0.55211,0.01925
65.27206,0.48530,0.97952,0.00038,0.02004,0.00006
65.37500,0.48529,0.90466,0.00009,0.09524,0.00001
65.47794,0.48529,0.71504,0.00146,0.28166,0.00184
65.58088,0.48530,0.99281,0.00045,0.00610,0.00063
65.68382,0.48530,0.98624,0.00208,0.00995,0.00173
65.78677,0.48529,0.91560,0.04997,0.02828,0.00615
65.88971,0.48529,0.67181,0.25217,0.06349,0.01253
65.99265,0.48530,0.05061,0.93516,0.01097,0.00326
66.09559,0.48529,0.05061,0.93516,0.01097,0.00326
66.19853,0.48529,0.05061,0.93516,0.01097,0.00326
66.30147,0.48530,0.05061,0.93516,0.01097,0.00326
66.40441,0.48530,0.05061,0.93516,0.01097,0.00326
66.50735,0.48529,0.05061,0.93516,0.01097,0.00326
66.61029,0.48530,0.05061,0.93516,0.01097,0.00326
66.71323,0.48530,0.68220,0.16068,0.13679,0.02033
66.81618,0.48529,0.83417,0.02064,0.14318,0.00201
66.91912,0.48529,0.98378,0.00117,0.01497,0.00008
67.02206,0.48530,0.96064,0.00251,0.03647,0.00038
67.12500,0.48529,0.72798,0.00185,0.26995,0.00022
67.22794,0.48529,0.40059,0.00409,0.59474,0.00057
67.33088,0.48530,0.59075,0.00725,0.40041,0.00159
67.43382,0.48530,0.79306,0.00118,0.20429,0.00147
67.53677,0.48529,0.92868,0.00004,0.07063,0.00065
67.63971,0.48529,0.94973,0.00009,0.04873,0.00144
67.74265,0.48530,0.83529,0.00195,0.15357,0.00919
67.84559,0.48529,0.34466,0.00305,0.64052,0.01176
67.94853,0.48529,0.91010,0.00342,0.08064,0.00584
68.05147,0.48530,0.99408,0.00065,0.00523,0.00004
68.15441,0.48530,0.96516,0.00007,0.03477,0.00000
68.25735,0.48529,0.87791,0.00070,0.12020,0.00120
68.36029,0.48530,0.99279,0.00208,0.00442,0.00070
68.46323,0.48530,0.99573,0.00117,0.00247,0.00063
68.56618,0.48529,0.91604,0.02805,0.04556,0.01035
68.66912,0.48529,0.41088,0.48526,0.09172,0.01215
68.77206,0.48530,0.05061,0.93516,0.01097,0.00326
68.87500,0.48529,0.05061,0.93516,0.01097,0.00326
68.97794,0.48529,0.05061,0.93516,0.01097,0.00326
69.08088,0.48530,0.05061,0.93516,0.01097,0.00326
69.18382,0.48530,0.05061,0.93516,0.01097,0.00326
69.28677,0.48529,0.05061,0.93516,0.01097,0.00326
69.38971,0.48529,0.05061,0.93516,0.01097,0.00326
69.49265,0.48530,0.80193,0.01860,0.17697,0.00250
69.59559,0.48529,0.95494,0.00865,0.03616,0.00025
69.69853,0.48529,0.96730,0.02444,0.00802,0.00023
69.80147,0.48530,0.96344,0.01384,0.02147,0.00124
69.90441,0.48530,0.83385,0.01330,0.14989,0.00296
70.00735,0.48529,0.12074,0.00018,0.87887,0.00021
70.11029,0.48530,0.07691,0.00008,0.92293,0.00008
70.21323,0.48530,0.06693,0.00003,0.93301,0.00004
70.31618,0.48529,0.02287,0.00002,0.97710,0.00002
70.41912,0.48529,0.01049,0.00002,0.98947,0.00002
70.52206,0.48530,0.01744,0.00006,0.98246,0.00004
70.62500,0.48529,0.05930,0.00052,0.93995,0.00024
70.72794,0.48529,0.11513,0.00127,0.88307,0.00053
70.83088,0.48530,0.18614,0.00049,0.81299,0.00039
70.93382,0.48530,0.92565,0.00046,0.07349,0.00039
71.03677,0.48529,0.99615,0.00045,0.00299,0.00041
71.13971,0.48529,0.99137,0.00281,0.00405,0.00177
71.24265,0.48530,0.96063,0.00726,0.02726,0.00485
71.34559,0.48529,0.54670,0.30499,0.12263,0.02568
71.44853,0.48529,0.05061,0.93516,0.01097,0.00326
71.55147,0.48530,0.05061,0.93516,0.01097,0.00326
71.65441,0.48530,0.05061,0.93516,0.01097,0.00326
71.75735,0.48529,0.05061,0.93516,0.01097,0.00326
71.86029,0.48530,0.28455,0.62651,0.07834,0.01060
71.96323,0.48530,0.90944,0.00896,0.07984,0.00177
72.06618,0.48529,0.90067,0.00869,0.08955,0.00110
72.16912,0.48529,0.94437,0.00320,0.05193,0.00051
72.27206,0.48530,0.63075,0.00384,0.36445,0.00096
72.37500,0.48529,0.23013,0.00094,0.76870,0.00023
72.47794,0.48529,0.05282,0.00036,0.94676,0.00006
72.58088,0.48530,0.02494,0.00007,0.97495,0.00004
72.68382,0.48530,0.01728,0.00004,0.98265,0.00004
72.78677,0.48529,0.01145,0.00002,0.98850,0.00003
72.88971,0.48529,0.01021,0.00003,0.98974,0.00003
72.99265,0.48530,0.01539,0.00003,0.98455,0.00004
73.09559,0.48529,0.01227,0.00003,0.98765,0.00004
73.19853,0.48529,0.02183,0.00004,0.97807,0.00006
73.30147,0.48530,0.29519,0.00026,0.70413,0.00042
73.40441,0.48530,0.83078,0.00019,0.16849,0.00054
73.50735,0.48529,0.94761,0.00243,0.04940,0.00056
73.61029,0.48530,0.98137,0.01205,0.00549,0.00110
73.71323,0.48530,0.77961,0.09463,0.08539,0.04038
73.81618,0.48529,0.61522,0.22108,0.13763,0.02608
73.91912,0.48529,0.05061,0.93516,0.01097,0.00326
74.02206,0.48530,0.75988,0.03339,0.20272,0.00401
74.12500,0.48529,0.91394,0.01664,0.06876,0.00065
74.22794,0.48529,0.97115,0.01075,0.01787,0.00023
74.33088,0.48530,0.95677,0.02484,0.01753,0.00086
74.43382,0.48530,0.94580,0.00492,0.04611,0.00317
74.53677,0.48529,0.64001,0.00117,0.35555,0.00327
74.63971,0.48529,0.32228,0.00036,0.67689,0.00047
74.74265,0.48530,0.60449,0.00066,0.39375,0.00109
74.84559,0.48529,0.98796,0.00131,0.00947,0.00126
74.94853,0.48529,0.99545,0.00153,0.00194,0.00108
75.05147,0.48530,0.93033,0.02084,0.04402,0.00481
75.15441,0.48530,0.67419,0.22307,0.08307,0.01968
75.25735,0.48529,0.05061,0.93516,0.01097,0.00326
75.36029,0.48530,0.05061,0.93516,0.01097,0.00326
75.46323,0.48530,0.05061,0.93516,0.01097,0.00326
75.56618,0.48529,0.05061,0.93516,0.01097,0.00326
75.66912,0.48529,0.05061,0.93516,0.01097,0.00326
75.77206,0.48530,0.05061,0.93516,0.01097,0.00326
75.87500,0.48529,0.05061,0.93516,0.01097,0.00326
75.97794,0.48529,0.71151,0.04748,0.23253,0.00848
76.08088,0.48530,0.89374,0.01618,0.08925,0.00084
76.18382,0.48530,0.97562,0.01025,0.01386,0.00028
76.28677,0.48529,0.99455,0.00024,0.00504,0.00017
76.38971,0.48529,0.99853,0.00000,0.00144,0.00002
76.49265,0.48530,0.98829,0.00013,0.01058,0.00099
76.59559,0.48529,0.91508,0.01154,0.03189,0.04150
76.69853,0.48529,0.82987,0.00185,0.13326,0.03502
76.80147,0.48530,0.99484,0.00240,0.00188,0.00087
76.90441,0.48530,0.99900,0.00042,0.00057,0.00001
77.00735,0.48529,0.98076,0.00011,0.01913,0.00000
77.11029,0.48530,0.34344,0.00011,0.65634,0.00011
77.21323,0.48530,0.07971,0.00009,0.92008,0.00011
77.31618,0.48529,0.03767,0.00007,0.96216,0.00009
77.41912,0.48529,0.02091,0.00004,0.97900,0.00004
77.52206,0.48530,0.35682,0.00130,0.64129,0.00059
77.62500,0.48529,0.94466,0.00004,0.05512,0.00018
77.72794,0.48529,0.92634,0.00027,0.07222,0.00117
77.83088,0.48530,0.55200,0.00973,0.39770,0.04057
77.93382,0.48530,0.94394,0.00926,0.04287,0.00393
78.03677,0.48529,0.96660,0.00057,0.03262,0.00021
78.13971,0.48529,0.96494,0.01080,0.01932,0.00494
78.24265,0.48530,0.98907,0.00565,0.00321,0.00207
78.34559,0.48529,0.66593,0.15666,0.14919,0.02822
78.44853,0.48529,0.05061,0.93516,0.01097,0.00326
78.55147,0.48530,0.05061,0.93516,0.01097,0.00326
78.65441,0.48530,0.05061,0.93516,0.01097,0.00326
78.75735,0.48529,0.05061,0.93516,0.01097,0.00326
78.86029,0.48530,0.05061,0.93516,0.01097,0.00326
78.96323,0.48530,0.05061,0.93516,0.01097,0.00326
79.06618,0.48529,0.05061,0.93516,0.01097,0.00326
79.16912,0.48529,0.05061,0.93516,0.01097,0.00326
79.27206,0.48530,0.05061,0.93516,0.01097,0.00326
79.37500,0.48529,0.84670,0.02108,0.12805,0.00417
79.47794,0.48529,0.92776,0.00527,0.06670,0.00027
79.58088,0.48530,0.97035,0.01119,0.01821,0.00025
79.68382,0.48530,0.99731,0.00003,0.00256,0.00011
79.78677,0.48529,0.99814,0.00002,0.00159,0.00026
79.88971,0.48529,0.97505,0.00082,0.01351,0.01061
79.99265,0.48530,0.81708,0.00109,0.01820,0.16364
80.09559,0.48529,0.68993,0.00140,0.11345,0.19522
80.19853,0.48529,0.98981,0.00195,0.00194,0.00630
80.30147,0.48530,0.99826,0.00167,0.00007,0.00001
80.40441,0.48530,0.99204,0.00011,0.00784,0.00001
80.50735,0.48529,0.98239,0.01056,0.00512,0.00193
80.61029,0.48530,0.98690,0.00507,0.00618,0.00185
80.71323,0.48530,0.73153,0.12888,0.11305,0.02653
80.81618,0.48529,0.05061,0.93516,0.01097,0.00326
80.91912,0.48529,0.05061,0.93516,0.01097,0.00326
81.02206,0.48530,0.05061,0.93516,0.01097,0.00326
81.12500,0.48529,0.05061,0.93516,0.01097,0.00326
81.22794,0.48529,0.05061,0.93516,0.01097,0.00326
81.33088,0.48530,0.05061,0.93516,0.01097,0.00326
81.43382,0.48530,0.05061,0.93516,0.01097,0.00326
81.53677,0.48529,0.81120,0.03407,0.14971,0.00502
81.63971,0.48529,0.87474,0.00496,0.12004,0.00026
81.74265,0.48530,0.95854,0.02863,0.01257,0.00026
81.84559,0.48529,0.98029,0.00490,0.01344,0.00137
81.94853,0.48529,0.93583,0.00613,0.05595,0.00209
82.05147,0.48530,0.37487,0.00034,0.62386,0.00093
82.15441,0.48530,0.83660,0.00272,0.15948,0.00120
82.25735,0.48529,0.99068,0.00161,0.00663,0.00108
82.36029,0.48530,0.98870,0.00398,0.00479,0.00253
82.46323,0.48530,0.95275,0.01043,0.03056,0.00626
82.56618,0.48529,0.29809,0.54858,0.13786,0.01547
82.66912,0.48529,0.05061,0.93516,0.01097,0.00326
82.77206,0.48530,0.05061,0.93516,0.01097,0.00326
82.87500,0.48529,0.05061,0.93516,0.01097,0.00326
82.97794,0.48529,0.05061,0.93516,0.01097,0.00326
83.08088,0.48530,0.05061,0.93516,0.01097,0.00326
83.18382,0.48530,0.65628,0.09962,0.23209,0.01201
83.28677,0.48529,0.90475,0.01034,0.08420,0.00071
83.38971,0.48529,0.95472,0.02546,0.01933,0.00049
83.49265,0.48530,0.99759,0.00019,0.00167,0.00055
83.59559,0.48529,0.99741,0.00024,0.00209,0.00027
83.69853,0.48529,0.92854,0.00173,0.05996,0.00976
83.80147,0.48530,0.40558,0.00115,0.54893,0.04434
83.90441,0.48530,0.97316,0.01592,0.01079,0.00013
84.00735,0.48529,0.96499,0.00064,0.03415,0.00022
84.11029,0.48530,0.97306,0.00948,0.01389,0.00358
84.21323,0.48530,0.98863,0.00489,0.00433,0.00215
84.31618,0.48529,0.78201,0.08813,0.10436,0.02549
84.41912,0.48529,0.05061,0.93516,0.01097,0.00326
84.52206,0.48530,0.05061,0.93516,0.01097,0.00326
84.62500,0.48529,0.05061,0.93516,0.01097,0.00326
84.72794,0.48529,0.05061,0.93516,0.01097,0.00326
84.83088,0.48530,0.05061,0.93516,0.01097,0.00326
84.93382,0.48530,0.05061,0.93516,0.01097,0.00326
85.03677,0.48529,0.05061,0.93516,0.01097,0.00326
85.13971,0.48529,0.05061,0.93516,0.01097,0.00326
85.24265,0.48530,0.05061,0.93516,0.01097,0.00326
85.34559,0.48529,0.05061,0.93516,0.01097,0.00326
85.44853,0.48529,0.05061,0.93516,0.01097,0.00326
85.55147,0.48530,0.05061,0.93516,0.01097,0.00326
85.65441,0.48530,0.05061,0.93516,0.01097,0.00326
85.75735,0.48529,0.05061,0.93516,0.01097,0.00326
85.86029,0.48530,0.05061,0.93516,0.01097,0.00326
