Time(Seconds),Length(Seconds),Label(string),Confidence(double),Comment(string)
0.0694006,1.710369,Dry,1,
2.4110676,0.4200797,Touch,1,
3.1987424,0.7664987,Dry,1,
4.418086,0.4178406,Touch,1,
5.2005076,0.8108415,Dry,1,
6.2705112,0.37904099999999996,Touch,1,
6.9338625,0.8297514,Dry,1,
7.991612599999999,0.362435,Touch,1,
8.679904,0.6312219,Dry,1,
9.646400400000001,0.4150089,Touch,1,
10.3443383,0.6363124,Dry,1,
11.3669433,0.3690635,Touch,1,
12.0292938,0.5854075,Dry,1,
12.9034534,0.4083804,Touch,1,
13.5417747,0.6345768999999999,Dry,1,
14.5316579,0.3864137,Touch,1,
15.1910967,0.6566745,Dry,1,
16.0873338,0.4041359000000001,Touch,1,
16.7640612,0.631222,Dry,1,
17.6411534,0.42025500000000005,Touch,1,
18.2643168,0.6006789,Dry,1,
19.1165618,0.3599437,Touch,1,
19.6642043,0.7075794,Dry,1,
20.5765178,0.4011449,Touch,1,
21.1506303,0.6617649,Dry,1,
22.0246476,0.31671459999999996,Touch,1,
22.5679148,0.6668555,Dry,1,
23.4179438,0.3232761,Touch,1,
23.9423498,0.6515839,Dry,1,
24.7788471,0.29904489999999995,Touch,1,
25.2593068,0.5854074,Dry,1,
26.0286167,0.27132609999999996,Touch,1,
26.5115698,0.5938819,Dry,1,
27.344481,0.2822702,Touch,1,
27.8198283,0.4072399,Dry,1,
28.493215,0.26493409999999995,Touch,1,
28.9920072,0.376697,Dry,1,
29.6036176,0.28208250000000007,Touch,1,
30.1119172,0.3868779,Dry,1,
30.6428799,0.35691599999999996,Touch,1,
31.1809222,0.478507,Dry,1,
31.8729,0.5496896,Touch,1,
32.7522043,0.376697,Dry,1,
33.4257102,0.7874935000000001,Touch,1,
34.5491509,0.20362,Dry,1,
35.0842985,0.7885602,Touch,1,
36.1119344,0.4428734,Dry,1,
36.810879,0.7373752999999998,Touch,1,
37.836172,0.478507,Dry,1,
38.5513728,0.7487309,Touch,1,
39.526218,0.5039595,Dry,1,
40.2626037,0.7647015000000001,Touch,1,
41.3166321,0.5243214,Dry,1,
42.1111327,0.7749821,Touch,1,
43.2204791,0.4021495,Dry,1,
43.9301314,0.7306025,Touch,1,
44.9512491,0.366516,Dry,1,
45.444347,0.250388,Touch,1,
45.9363623,0.692308,Dry,1,
46.7957861,0.2367613,Touch,1,
47.2548018,0.6312219,Dry,1,
48.0431753,0.28116519999999995,Touch,1,
48.5681508,0.539593,Dry,1,
49.3377154,0.24133600000000002,Touch,1,
49.7949613,0.570136,Dry,1,
50.5447088,0.27431950000000005,Touch,1,
51.0562443,0.4734164,Dry,1,
51.690295500000005,0.25952089999999994,Touch,1,
52.1710638,0.5446834,Dry,1,
52.898404199999995,0.2720241,Touch,1,
53.3520598,0.5141405,Dry,1,
54.0336919,0.2731962,Touch,1,
54.5330558,0.264706,Dry,1,
55.0608796,0.42569189999999996,Touch,1,
55.7746977,0.6057695,Dry,1,
56.705276399999995,0.4848378,Touch,1,
57.4036577,0.763575,Dry,1,
58.4685217,0.4359565,Touch,1,
59.2034912,0.7737559,Dry,1,
60.256773,0.4393591,Touch,1,
60.9800757,0.763575,Dry,1,
62.0408763,0.45535400000000004,Touch,1,
62.8445626,0.5701359,Dry,1,
63.8302514,0.9751629,Touch,1,
65.0182061,0.4225114,Dry,1,
65.7557163,0.3119507,Touch,1,
66.598629,0.3120639999999999,Touch,1,
67.97037030000001,0.29511579999999993,Touch,1,
68.5622257,0.4382844,Dry,1,
69.47963539999999,0.2835660000000001,Touch,1,
69.9770386,0.38446,Dry,1,
70.77306019999999,0.23009390000000002,Touch,1,
71.1858479,0.403683,Dry,1,
71.91297110000001,0.23799809999999996,Touch,1,
72.3161604,0.480575,Dry,1,
73.0350369,0.3244214999999999,Touch,1,
73.6138795,0.3690816,Dry,1,
74.2351684,0.29484039999999995,Touch,1,
74.7249688,0.5151764,Dry,1,
75.5874952,0.30854800000000004,Touch,1,
76.1310135,0.6574266,Dry,1,
77.1289315,0.24374480000000004,Touch,1,
77.7265225,0.5805345,Dry,1,
78.5805421,0.2549949,Touch,1,
79.0567541,0.7535415,Dry,1,
80.06796569999999,0.2652271,Touch,1,
80.48797459999999,0.6528363,Dry,1,
81.5808473,0.2664881,Touch,1,
82.0512213,0.6458927,Dry,1,
83.0756087,0.28241819999999995,Touch,1,
83.5548153,0.6305143,Dry,1,
84.6126642,0.28926399999999997,Touch,1,
85.0849661,0.6036021,Dry,1,
86.00287399999999,0.26530809999999994,Touch,1,
86.4735344,0.5997575,Dry,1,
87.3804753,0.24937800000000007,Touch,1,
87.842212,0.6074467,Dry,1,
88.72041800000001,0.27212949999999997,Touch,1,
89.2231439,0.6074468,Dry,1,
90.1480483,0.3017185,Touch,1,
90.6494905,0.3498586,Dry,1,
91.3731781,0.3530006000000001,Touch,1,
92.0302597,0.4997979,Dry,1,
92.8489735,0.28465700000000005,Touch,1,
93.3720251,0.5459331,Dry,1,
94.16064,0.33235010000000004,Touch,1,
94.660515,0.5690007,Dry,1,
95.47622439999999,0.3539863,Touch,1,
96.0215034,0.4997979,Dry,1,
96.81512790000001,0.30052219999999996,Touch,1,
97.2988599,0.5651562,Dry,1,
98.09950070000001,0.2914217,Touch,1,
98.6252468,0.4575074,Dry,1,
99.3877563,0.32904470000000013,Touch,1,
99.9785461,0.4690411,Dry,1,
100.68578,0.3266602,Touch,1,
101.1192341,0.5843792,Dry,1,
101.9784428,0.28462449999999995,Touch,1,
102.4417765,0.5420885,Dry,1,
103.3173625,0.3005789,Touch,1,
103.8296771,0.3998384,Dry,1,
104.4493043,0.33917149999999996,Touch,1,
104.9401582,0.5459332,Dry,1,
105.7082336,0.38477490000000003,Touch,1,
106.2819236,0.38446,Dry,1,
106.9383581,0.362004,Touch,1,
107.5391079,0.403683,Dry,1,
108.2476888,0.3472053,Touch,1,
108.7846825,0.3921491,Dry,1,
109.48682,0.38940299999999994,Touch,1,
110.8234605,0.31777010000000006,Touch,1,
112.1702845,0.3461468,Touch,1,
112.6915519,0.7266294,Dry,1,
113.6221187,0.2641037,Touch,1,
114.0654415,0.6843387,Dry,1,
114.9985561,0.28806770000000004,Touch,1,
115.5648355,0.3460139,Dry,1,
116.2957583,0.30514540000000007,Touch,1,
116.8111097,0.4767303,Dry,1,
117.5824184,0.3369651,Touch,1,
118.1298075,0.403683,Dry,1,
118.7791797,0.36079950000000005,Touch,1,
119.3216335,0.7150955,Dry,1,
120.2493314,0.3166327,Touch,1,
120.7514453,0.6728049,Dry,1,
121.6208969,0.3255366999999999,Touch,1,
122.1278121,0.5805346,Dry,1,
