Time (seconds), Duration (seconds),pred_unlabelled,pred_Dry,pred_Wet,pred_Touch
0.00735,0.48529,0.05345,0.00020,0.94597,0.00038
0.11029,0.48529,0.05310,0.00024,0.94622,0.00044
0.21324,0.48529,0.05612,0.00023,0.94327,0.00039
0.31618,0.48529,0.05898,0.00028,0.94027,0.00047
0.41912,0.48529,0.05567,0.00028,0.94358,0.00047
0.52206,0.48529,0.05810,0.00028,0.94116,0.00046
0.62500,0.48529,0.05577,0.00026,0.94353,0.00045
0.72794,0.48529,0.05362,0.00023,0.94571,0.00044
0.83088,0.48529,0.05632,0.00024,0.94292,0.00052
0.93382,0.48529,0.05469,0.00024,0.94466,0.00042
1.03676,0.48529,0.05873,0.00026,0.94058,0.00044
1.13971,0.48529,0.05744,0.00025,0.94190,0.00041
1.24265,0.48529,0.05777,0.00026,0.94152,0.00046
1.34559,0.48529,0.05978,0.00029,0.93944,0.00049
1.44853,0.48529,0.05645,0.00027,0.94282,0.00046
1.55147,0.48529,0.05457,0.00024,0.94474,0.00045
1.65441,0.48529,0.05629,0.00021,0.94305,0.00045
1.75735,0.48529,0.06143,0.00026,0.93780,0.00050
1.86029,0.48529,0.07096,0.00023,0.92831,0.00050
1.96324,0.48529,0.10580,0.00021,0.89347,0.00051
2.06618,0.48529,0.26587,0.00041,0.73266,0.00106
2.16912,0.48529,0.56630,0.00031,0.43190,0.00149
2.27206,0.48529,0.99997,0.00000,0.00000,0.00003
2.37500,0.48529,0.99572,0.00003,0.00388,0.00037
2.47794,0.48529,0.99625,0.00005,0.00271,0.00099
2.58088,0.48529,0.09014,0.00017,0.00006,0.90963
2.68382,0.48529,0.99440,0.00000,0.00004,0.00556
2.78676,0.48529,0.99869,0.00001,0.00043,0.00087
2.88971,0.48529,0.99981,0.00000,0.00017,0.00002
2.99265,0.48529,0.99187,0.00021,0.00763,0.00029
3.09559,0.48529,0.15388,0.00049,0.84514,0.00050
3.19853,0.48529,0.07433,0.00028,0.92494,0.00046
3.30147,0.48529,0.05717,0.00020,0.94224,0.00038
3.40441,0.48529,0.05996,0.00026,0.93932,0.00046
3.50735,0.48529,0.05541,0.00020,0.94400,0.00039
3.61029,0.48529,0.05462,0.00021,0.94473,0.00044
3.71324,0.48529,0.05848,0.00023,0.94081,0.00048
3.81618,0.48529,0.05780,0.00023,0.94153,0.00044
3.91912,0.48529,0.05914,0.00025,0.94017,0.00043
4.02206,0.48529,0.05315,0.00020,0.94628,0.00038
4.12500,0.48529,0.05986,0.00023,0.93952,0.00039
4.22794,0.48529,0.05923,0.00027,0.94006,0.00045
4.33088,0.48529,0.05910,0.00024,0.94021,0.00045
4.43382,0.48529,0.06682,0.00028,0.93228,0.00061
4.53676,0.48529,0.06753,0.00024,0.93167,0.00056
4.63971,0.48529,0.07150,0.00019,0.92784,0.00047
4.74265,0.48529,0.15201,0.00029,0.84693,0.00077
4.84559,0.48529,0.33905,0.00028,0.65968,0.00099
4.94853,0.48529,0.70257,0.00015,0.29575,0.00153
5.05147,0.48529,0.99938,0.00000,0.00036,0.00026
5.15441,0.48529,0.99617,0.00003,0.00021,0.00358
5.25735,0.48529,0.99763,0.00043,0.00134,0.00060
5.36029,0.48529,0.32632,0.00147,0.00250,0.66972
5.46324,0.48529,0.49588,0.00002,0.00001,0.50409
5.56618,0.48529,0.99976,0.00000,0.00004,0.00020
5.66912,0.48529,0.99932,0.00000,0.00066,0.00002
5.77206,0.48529,0.98827,0.00000,0.01167,0.00006
5.87500,0.48529,0.99999,0.00000,0.00001,0.00000
5.97794,0.48529,0.20623,0.00064,0.79240,0.00074
6.08088,0.48529,0.08652,0.00029,0.91273,0.00046
6.18382,0.48529,0.05736,0.00018,0.94210,0.00036
6.28676,0.48529,0.05673,0.00019,0.94270,0.00039
6.38971,0.48529,0.05488,0.00018,0.94455,0.00039
6.49265,0.48529,0.05838,0.00023,0.94094,0.00045
6.59559,0.48529,0.05958,0.00024,0.93966,0.00052
6.69853,0.48529,0.05805,0.00021,0.94129,0.00045
6.80147,0.48529,0.05875,0.00021,0.94057,0.00046
6.90441,0.48529,0.06182,0.00020,0.93757,0.00042
7.00735,0.48529,0.07593,0.00022,0.92340,0.00045
7.11029,0.48529,0.12677,0.00024,0.87241,0.00058
7.21324,0.48529,0.40554,0.00032,0.59286,0.00128
7.31618,0.48529,0.91939,0.00005,0.07957,0.00099
7.41912,0.48529,0.99927,0.00023,0.00000,0.00049
7.52206,0.48529,0.99523,0.00008,0.00439,0.00031
7.62500,0.48529,0.97188,0.00027,0.00190,0.02595
7.72794,0.48529,0.04856,0.00002,0.00004,0.95139
7.83088,0.48529,0.99920,0.00000,0.00000,0.00080
7.93382,0.48529,0.99795,0.00000,0.00178,0.00027
8.03677,0.48529,0.99965,0.00000,0.00033,0.00002
8.13971,0.48529,0.99985,0.00001,0.00013,0.00002
8.24265,0.48529,0.15743,0.00050,0.84150,0.00057
8.34559,0.48529,0.06661,0.00022,0.93278,0.00039
8.44853,0.48529,0.05205,0.00018,0.94741,0.00037
8.55147,0.48529,0.06057,0.00025,0.93873,0.00046
8.65441,0.48529,0.05937,0.00024,0.93986,0.00053
8.75735,0.48529,0.05253,0.00016,0.94694,0.00038
8.86029,0.48529,0.05509,0.00020,0.94429,0.00042
8.96323,0.48529,0.05655,0.00018,0.94288,0.00038
9.06618,0.48529,0.06087,0.00021,0.93850,0.00042
9.16912,0.48529,0.09260,0.00022,0.90670,0.00048
9.27206,0.48529,0.23361,0.00029,0.76525,0.00084
9.37500,0.48529,0.91082,0.00006,0.08829,0.00083
9.47794,0.48529,0.99968,0.00000,0.00003,0.00029
9.58088,0.48529,0.89263,0.00062,0.10009,0.00666
9.68382,0.48529,0.32511,0.00042,0.01353,0.66094
9.78677,0.48529,0.98894,0.00000,0.00005,0.01101
9.88971,0.48529,0.99835,0.00000,0.00095,0.00071
9.99265,0.48529,0.97998,0.00000,0.01908,0.00094
10.09559,0.48529,0.99997,0.00000,0.00001,0.00002
10.19853,0.48529,0.45922,0.00110,0.53850,0.00118
10.30147,0.48529,0.16926,0.00053,0.82915,0.00107
10.40441,0.48529,0.08353,0.00022,0.91566,0.00060
10.50735,0.48529,0.07069,0.00022,0.92847,0.00062
10.61029,0.48529,0.06676,0.00022,0.93243,0.00059
10.71323,0.48529,0.06564,0.00020,0.93361,0.00055
10.81618,0.48529,0.06761,0.00021,0.93162,0.00056
10.91912,0.48529,0.06864,0.00021,0.93062,0.00054
11.02206,0.48529,0.07112,0.00022,0.92813,0.00052
11.12500,0.48529,0.08856,0.00021,0.91066,0.00057
11.22794,0.48529,0.13388,0.00026,0.86503,0.00083
11.33088,0.48529,0.28628,0.00034,0.71198,0.00140
11.43382,0.48529,0.71810,0.00016,0.27987,0.00187
11.53677,0.48529,0.99159,0.00002,0.00222,0.00617
11.63971,0.48529,0.95194,0.00002,0.04763,0.00041
11.74265,0.48529,0.94208,0.00001,0.00097,0.05693
11.84559,0.48529,0.94275,0.00001,0.00160,0.05564
11.94853,0.48529,0.99982,0.00000,0.00013,0.00005
12.05147,0.48529,0.99264,0.00000,0.00720,0.00015
12.15441,0.48529,0.99999,0.00000,0.00001,0.00001
12.25735,0.48529,0.27288,0.00073,0.72527,0.00112
12.36029,0.48529,0.10729,0.00034,0.89146,0.00091
12.46323,0.48529,0.07358,0.00022,0.92553,0.00067
12.56618,0.48529,0.07302,0.00021,0.92613,0.00064
12.66912,0.48529,0.07697,0.00026,0.92200,0.00076
12.77206,0.48529,0.07844,0.00024,0.92066,0.00066
12.87500,0.48529,0.07131,0.00021,0.92794,0.00055
12.97794,0.48529,0.08070,0.00023,0.91848,0.00058
13.08088,0.48529,0.11602,0.00025,0.88307,0.00067
13.18382,0.48529,0.22051,0.00030,0.77802,0.00117
13.28677,0.48529,0.76371,0.00013,0.23446,0.00171
13.38971,0.48529,0.99704,0.00002,0.00030,0.00264
13.49265,0.48529,0.98942,0.00018,0.00983,0.00057
13.59559,0.48529,0.99748,0.00025,0.00138,0.00088
13.69853,0.48529,0.02024,0.00000,0.00002,0.97973
13.80147,0.48529,0.99965,0.00000,0.00000,0.00035
13.90441,0.48529,0.99762,0.00000,0.00219,0.00018
14.00735,0.48529,0.99917,0.00000,0.00079,0.00004
14.11029,0.48529,0.99984,0.00000,0.00012,0.00003
14.21323,0.48529,0.21402,0.00043,0.78450,0.00105
14.31618,0.48529,0.10486,0.00022,0.89413,0.00079
14.41912,0.48529,0.10372,0.00029,0.89499,0.00100
14.52206,0.48529,0.09491,0.00030,0.90385,0.00093
14.62500,0.48529,0.08634,0.00032,0.91235,0.00100
14.72794,0.48529,0.08758,0.00028,0.91129,0.00085
14.83088,0.48529,0.07752,0.00021,0.92162,0.00065
14.93382,0.48529,0.08429,0.00026,0.91468,0.00077
15.03677,0.48529,0.08391,0.00022,0.91526,0.00062
15.13971,0.48529,0.08850,0.00028,0.91039,0.00083
15.24265,0.48529,0.09863,0.00031,0.90022,0.00085
15.34559,0.48529,0.09992,0.00031,0.89883,0.00094
15.44853,0.48529,0.13354,0.00050,0.86451,0.00144
15.55147,0.48529,0.19767,0.00042,0.80030,0.00161
15.65441,0.48529,0.34043,0.00030,0.65755,0.00172
15.75735,0.48529,0.78357,0.00011,0.21464,0.00167
15.86029,0.48529,0.99997,0.00000,0.00000,0.00002
15.96323,0.48530,0.99866,0.00003,0.00097,0.00034
16.06618,0.48529,0.99727,0.00006,0.00112,0.00156
16.16912,0.48529,0.69884,0.00118,0.00033,0.29965
16.27206,0.48529,0.11500,0.00000,0.00000,0.88500
16.37500,0.48529,0.99964,0.00000,0.00010,0.00026
16.47794,0.48529,0.99871,0.00000,0.00119,0.00010
16.58088,0.48529,0.99420,0.00000,0.00569,0.00011
16.68382,0.48529,0.99999,0.00000,0.00001,0.00000
16.78676,0.48529,0.28254,0.00079,0.71537,0.00130
16.88971,0.48529,0.11345,0.00041,0.88507,0.00107
16.99265,0.48529,0.07169,0.00022,0.92747,0.00062
17.09559,0.48529,0.06643,0.00020,0.93283,0.00054
17.19853,0.48529,0.06231,0.00016,0.93713,0.00040
17.30147,0.48529,0.06213,0.00019,0.93719,0.00049
17.40441,0.48529,0.06922,0.00021,0.93004,0.00053
17.50735,0.48529,0.07251,0.00027,0.92652,0.00070
17.61029,0.48529,0.07182,0.00023,0.92730,0.00065
17.71324,0.48529,0.07296,0.00030,0.92598,0.00075
17.81618,0.48529,0.07300,0.00026,0.92601,0.00072
17.91912,0.48529,0.06648,0.00019,0.93281,0.00053
18.02206,0.48529,0.07075,0.00023,0.92845,0.00057
18.12500,0.48529,0.06369,0.00018,0.93570,0.00043
18.22794,0.48529,0.07002,0.00017,0.92936,0.00044
18.33088,0.48529,0.08103,0.00022,0.91815,0.00060
18.43382,0.48529,0.11733,0.00032,0.88150,0.00085
18.53676,0.48529,0.21065,0.00042,0.78760,0.00133
18.63971,0.48529,0.41559,0.00026,0.58250,0.00165
18.74265,0.48529,0.84549,0.00009,0.15273,0.00169
18.84559,0.48529,0.98963,0.00000,0.01010,0.00027
18.94853,0.48529,0.99199,0.00026,0.00044,0.00731
19.05147,0.48529,0.97825,0.00737,0.00959,0.00479
19.15441,0.48529,0.98043,0.00311,0.00223,0.01423
19.25735,0.48529,0.36946,0.00059,0.00053,0.62942
19.36029,0.48529,0.72145,0.00021,0.00000,0.27834
19.46324,0.48529,0.99883,0.00000,0.00054,0.00063
19.56618,0.48529,0.99784,0.00001,0.00081,0.00135
19.66912,0.48529,0.99868,0.00000,0.00125,0.00007
19.77206,0.48529,0.96282,0.00056,0.03601,0.00061
19.87500,0.48529,0.30327,0.00111,0.69380,0.00182
19.97794,0.48529,0.15007,0.00050,0.84827,0.00116
20.08088,0.48529,0.08363,0.00024,0.91544,0.00070
20.18382,0.48529,0.07442,0.00023,0.92472,0.00064
20.28676,0.48529,0.06755,0.00018,0.93181,0.00047
20.38971,0.48529,0.06313,0.00019,0.93622,0.00046
20.49265,0.48529,0.06748,0.00020,0.93181,0.00050
20.59559,0.48529,0.06813,0.00023,0.93104,0.00060
20.69853,0.48529,0.06596,0.00021,0.93324,0.00058
20.80147,0.48529,0.07468,0.00029,0.92432,0.00072
20.90441,0.48529,0.07122,0.00021,0.92799,0.00058
21.00735,0.48529,0.07255,0.00021,0.92665,0.00059
21.11029,0.48529,0.08339,0.00027,0.91568,0.00066
21.21324,0.48529,0.09647,0.00029,0.90252,0.00072
21.31618,0.48529,0.10224,0.00023,0.89680,0.00073
21.41912,0.48529,0.13554,0.00033,0.86307,0.00106
21.52206,0.48529,0.18697,0.00049,0.81100,0.00153
21.62500,0.48529,0.21376,0.00050,0.78381,0.00192
21.72794,0.48529,0.32371,0.00044,0.67355,0.00230
21.83088,0.48529,0.45314,0.00041,0.54352,0.00293
21.93382,0.48529,0.88883,0.00006,0.10990,0.00121
22.03676,0.48529,0.96648,0.00006,0.00989,0.02357
22.13971,0.48529,0.99155,0.00058,0.00684,0.00103
22.24265,0.48529,0.93723,0.00083,0.03431,0.02763
22.34559,0.48529,0.13688,0.00007,0.00007,0.86299
22.44853,0.48529,0.99945,0.00000,0.00002,0.00053
22.55147,0.48529,0.99615,0.00000,0.00235,0.00150
22.65441,0.48529,0.99889,0.00001,0.00104,0.00006
22.75735,0.48529,0.88593,0.00297,0.10997,0.00113
22.86029,0.48529,0.36721,0.00114,0.63019,0.00147
22.96324,0.48529,0.17998,0.00056,0.81842,0.00104
23.06618,0.48529,0.08982,0.00028,0.90930,0.00060
23.16912,0.48529,0.06307,0.00016,0.93637,0.00041
23.27206,0.48529,0.05821,0.00018,0.94121,0.00040
23.37500,0.48529,0.05704,0.00015,0.94244,0.00036
23.47794,0.48529,0.05846,0.00020,0.94090,0.00044
23.58088,0.48529,0.06118,0.00021,0.93813,0.00047
23.68382,0.48529,0.05879,0.00021,0.94049,0.00051
23.78676,0.48529,0.05692,0.00019,0.94243,0.00045
23.88971,0.48529,0.05772,0.00019,0.94162,0.00047
23.99265,0.48529,0.05585,0.00017,0.94363,0.00035
24.09559,0.48529,0.05545,0.00019,0.94403,0.00034
24.19853,0.48529,0.05489,0.00017,0.94458,0.00035
24.30147,0.48529,0.05728,0.00019,0.94213,0.00040
24.40441,0.48529,0.06080,0.00023,0.93850,0.00048
24.50735,0.48529,0.06331,0.00025,0.93591,0.00053
24.61029,0.48529,0.06236,0.00022,0.93690,0.00051
24.71324,0.48529,0.06893,0.00025,0.93025,0.00058
24.81618,0.48529,0.08677,0.00027,0.91228,0.00068
24.91912,0.48529,0.09769,0.00023,0.90146,0.00062
25.02206,0.48529,0.13636,0.00031,0.86251,0.00083
25.12500,0.48529,0.21322,0.00028,0.78540,0.00110
25.22794,0.48529,0.44967,0.00027,0.54826,0.00180
25.33088,0.48529,0.78127,0.00015,0.21665,0.00193
25.43382,0.48529,0.99954,0.00000,0.00028,0.00018
25.53676,0.48529,0.99857,0.00005,0.00045,0.00093
25.63971,0.48529,0.99899,0.00016,0.00073,0.00012
25.74265,0.48529,0.20032,0.00917,0.00432,0.78619
25.84559,0.48529,0.71652,0.00004,0.00001,0.28342
25.94853,0.48529,0.99946,0.00000,0.00025,0.00029
26.05147,0.48529,0.99796,0.00001,0.00169,0.00035
26.15441,0.48529,0.99750,0.00001,0.00241,0.00008
26.25735,0.48529,0.73505,0.00205,0.26106,0.00184
26.36029,0.48529,0.24624,0.00078,0.75123,0.00175
26.46324,0.48529,0.14135,0.00037,0.85718,0.00109
26.56618,0.48529,0.10810,0.00046,0.89014,0.00131
26.66912,0.48529,0.09291,0.00031,0.90574,0.00104
26.77206,0.48529,0.07814,0.00024,0.92087,0.00076
26.87500,0.48529,0.08088,0.00026,0.91802,0.00084
26.97794,0.48529,0.07510,0.00023,0.92403,0.00064
27.08088,0.48529,0.07367,0.00020,0.92561,0.00052
27.18382,0.48529,0.07131,0.00023,0.92788,0.00058
27.28676,0.48529,0.06184,0.00018,0.93753,0.00045
27.38971,0.48529,0.05671,0.00018,0.94268,0.00043
27.49265,0.48529,0.06034,0.00021,0.93899,0.00047
27.59559,0.48529,0.05850,0.00020,0.94082,0.00048
27.69853,0.48529,0.06045,0.00020,0.93888,0.00048
27.80147,0.48529,0.05713,0.00018,0.94227,0.00041
27.90441,0.48529,0.06982,0.00021,0.92947,0.00050
28.00735,0.48529,0.07327,0.00021,0.92601,0.00051
28.11029,0.48529,0.09535,0.00023,0.90385,0.00057
28.21324,0.48529,0.19112,0.00033,0.80757,0.00098
28.31618,0.48529,0.36511,0.00027,0.63308,0.00154
28.41912,0.48529,0.71820,0.00019,0.27949,0.00213
28.52206,0.48529,0.98799,0.00001,0.01150,0.00050
28.62500,0.48529,0.99391,0.00004,0.00210,0.00396
28.72794,0.48529,0.99309,0.00038,0.00569,0.00084
28.83088,0.48529,0.88177,0.00074,0.00432,0.11316
28.93382,0.48529,0.08762,0.00017,0.00002,0.91220
29.03676,0.48529,0.99980,0.00000,0.00012,0.00008
29.13971,0.48529,0.99853,0.00000,0.00088,0.00059
29.24265,0.48529,0.97999,0.00000,0.01989,0.00012
29.34559,0.48529,0.99697,0.00006,0.00089,0.00208
29.44853,0.48529,0.34965,0.00096,0.64799,0.00140
29.55147,0.48529,0.17783,0.00056,0.82043,0.00118
29.65441,0.48529,0.10097,0.00033,0.89784,0.00087
29.75735,0.48529,0.07546,0.00025,0.92353,0.00077
29.86029,0.48529,0.06601,0.00019,0.93325,0.00055
29.96324,0.48529,0.06363,0.00017,0.93575,0.00045
30.06618,0.48529,0.06185,0.00017,0.93758,0.00040
30.16912,0.48529,0.06179,0.00016,0.93763,0.00043
30.27206,0.48529,0.06359,0.00020,0.93573,0.00048
30.37500,0.48529,0.06317,0.00021,0.93611,0.00051
30.47794,0.48529,0.06298,0.00021,0.93631,0.00051
30.58088,0.48529,0.06287,0.00022,0.93635,0.00056
30.68382,0.48529,0.06538,0.00023,0.93380,0.00059
30.78676,0.48529,0.06240,0.00020,0.93691,0.00049
30.88971,0.48529,0.06064,0.00019,0.93869,0.00048
30.99265,0.48529,0.05799,0.00015,0.94149,0.00037
31.09559,0.48529,0.06451,0.00018,0.93489,0.00042
31.19853,0.48529,0.07058,0.00022,0.92867,0.00053
31.30147,0.48529,0.08695,0.00029,0.91202,0.00073
31.40441,0.48529,0.09158,0.00037,0.90718,0.00087
31.50735,0.48529,0.10860,0.00033,0.89017,0.00091
31.61029,0.48529,0.13863,0.00032,0.86003,0.00102
31.71324,0.48529,0.25881,0.00035,0.73952,0.00133
31.81618,0.48529,0.50807,0.00024,0.48984,0.00185
31.91912,0.48529,0.99975,0.00000,0.00005,0.00020
32.02206,0.48529,0.99948,0.00000,0.00048,0.00005
32.12500,0.48529,0.99802,0.00003,0.00106,0.00089
32.22794,0.48529,0.79400,0.00048,0.00371,0.20180
32.33088,0.48529,0.33440,0.00007,0.00001,0.66553
32.43382,0.48529,0.58448,0.00006,0.00001,0.41546
32.53677,0.48529,0.99959,0.00000,0.00004,0.00036
32.63971,0.48529,0.99743,0.00000,0.00233,0.00024
32.74265,0.48529,0.99919,0.00000,0.00077,0.00004
32.84559,0.48529,0.99996,0.00000,0.00003,0.00001
32.94853,0.48529,0.22607,0.00068,0.77236,0.00088
33.05147,0.48529,0.08118,0.00023,0.91812,0.00047
33.15441,0.48529,0.05622,0.00016,0.94328,0.00035
33.25735,0.48529,0.05348,0.00016,0.94602,0.00035
33.36029,0.48529,0.05647,0.00018,0.94297,0.00038
33.46323,0.48529,0.05717,0.00019,0.94222,0.00041
33.56618,0.48529,0.05782,0.00021,0.94150,0.00046
33.66912,0.48529,0.05916,0.00023,0.94013,0.00048
33.77206,0.48529,0.06411,0.00023,0.93514,0.00052
33.87500,0.48529,0.05672,0.00019,0.94264,0.00045
33.97794,0.48529,0.05944,0.00019,0.93993,0.00045
34.08088,0.48529,0.05453,0.00018,0.94491,0.00038
34.18382,0.48529,0.05578,0.00016,0.94372,0.00035
34.28677,0.48529,0.05859,0.00019,0.94078,0.00043
34.38971,0.48529,0.06466,0.00023,0.93459,0.00052
34.49265,0.48529,0.06507,0.00026,0.93410,0.00057
34.59559,0.48529,0.06157,0.00023,0.93764,0.00056
34.69853,0.48529,0.05950,0.00018,0.93986,0.00046
34.80147,0.48529,0.06027,0.00019,0.93907,0.00046
34.90441,0.48529,0.06613,0.00019,0.93322,0.00045
35.00735,0.48529,0.06889,0.00019,0.93048,0.00045
35.11029,0.48529,0.08212,0.00023,0.91706,0.00058
35.21323,0.48529,0.11443,0.00032,0.88437,0.00088
35.31618,0.48529,0.14431,0.00041,0.85417,0.00112
35.41912,0.48529,0.19261,0.00050,0.80521,0.00169
35.52206,0.48529,0.30898,0.00037,0.68886,0.00179
35.62500,0.48529,0.56499,0.00025,0.43238,0.00238
35.72794,0.48529,0.96823,0.00002,0.03112,0.00063
35.83088,0.48529,0.99832,0.00000,0.00097,0.00071
35.93382,0.48529,0.94503,0.00028,0.05436,0.00033
36.03677,0.48529,0.96122,0.00006,0.00081,0.03790
36.13971,0.48529,0.07164,0.00003,0.00001,0.92832
36.24265,0.48529,0.99922,0.00005,0.00010,0.00063
36.34559,0.48529,0.99931,0.00000,0.00050,0.00019
36.44853,0.48529,0.97900,0.00001,0.01607,0.00492
36.55147,0.48529,0.99380,0.00006,0.00573,0.00040
36.65441,0.48529,0.69856,0.00207,0.29834,0.00103
36.75735,0.48529,0.19350,0.00064,0.80474,0.00112
36.86029,0.48529,0.07571,0.00021,0.92351,0.00057
36.96323,0.48529,0.06349,0.00017,0.93588,0.00046
37.06618,0.48529,0.07342,0.00019,0.92589,0.00050
37.16912,0.48529,0.08000,0.00021,0.91926,0.00053
37.27206,0.48529,0.10134,0.00026,0.89770,0.00070
37.37500,0.48529,0.14111,0.00029,0.85765,0.00095
37.47794,0.48529,0.19842,0.00042,0.79977,0.00139
37.58088,0.48529,0.23070,0.00049,0.76688,0.00193
37.68382,0.48529,0.26025,0.00059,0.73663,0.00253
37.78677,0.48529,0.28209,0.00059,0.71446,0.00286
37.88971,0.48529,0.26967,0.00050,0.72728,0.00255
37.99265,0.48529,0.53400,0.00022,0.46376,0.00201
38.09559,0.48529,0.98687,0.00004,0.00523,0.00786
38.19853,0.48529,0.96009,0.00038,0.03883,0.00069
38.30147,0.48529,0.99005,0.00078,0.00752,0.00165
38.40441,0.48529,0.19492,0.00320,0.00008,0.80180
38.50735,0.48529,0.99948,0.00003,0.00000,0.00049
38.61029,0.48529,0.99386,0.00000,0.00534,0.00080
38.71323,0.48529,0.96943,0.00000,0.02955,0.00101
38.81618,0.48529,0.99632,0.00027,0.00144,0.00197
38.91912,0.48529,0.52717,0.00146,0.47013,0.00124
39.02206,0.48529,0.13844,0.00039,0.86036,0.00080
39.12500,0.48529,0.07546,0.00023,0.92374,0.00057
39.22794,0.48529,0.05926,0.00015,0.94022,0.00037
39.33088,0.48529,0.05879,0.00017,0.94066,0.00038
39.43382,0.48529,0.07144,0.00020,0.92786,0.00049
39.53677,0.48529,0.08806,0.00027,0.91099,0.00068
39.63971,0.48529,0.18762,0.00044,0.81077,0.00117
39.74265,0.48529,0.31877,0.00029,0.67946,0.00148
39.84559,0.48529,0.69906,0.00015,0.29904,0.00175
39.94853,0.48529,0.98071,0.00001,0.01885,0.00042
40.05147,0.48529,0.99464,0.00002,0.00241,0.00294
40.15441,0.48529,0.97689,0.00295,0.01804,0.00212
40.25735,0.48529,0.94530,0.00124,0.00430,0.04916
40.36029,0.48529,0.10729,0.00024,0.00005,0.89242
40.46323,0.48529,0.99853,0.00010,0.00005,0.00132
40.56618,0.48529,0.99931,0.00000,0.00052,0.00017
40.66912,0.48529,0.97619,0.00001,0.01939,0.00440
40.77206,0.48529,0.99256,0.00005,0.00717,0.00022
40.87500,0.48529,0.68263,0.00207,0.31389,0.00142
40.97794,0.48529,0.16567,0.00054,0.83264,0.00115
41.08088,0.48529,0.08956,0.00027,0.90936,0.00081
41.18382,0.48529,0.07251,0.00022,0.92668,0.00060
41.28677,0.48529,0.06962,0.00017,0.92973,0.00048
41.38971,0.48529,0.07119,0.00021,0.92805,0.00056
41.49265,0.48529,0.08297,0.00024,0.91616,0.00063
41.59559,0.48529,0.10484,0.00034,0.89395,0.00086
41.69853,0.48529,0.12466,0.00033,0.87401,0.00100
41.80147,0.48529,0.19996,0.00035,0.79848,0.00121
41.90441,0.48529,0.38727,0.00032,0.61033,0.00208
42.00735,0.48529,0.74145,0.00019,0.25608,0.00228
42.11029,0.48529,0.99962,0.00000,0.00024,0.00014
42.21323,0.48529,0.99846,0.00005,0.00053,0.00096
42.31618,0.48529,0.99872,0.00019,0.00096,0.00013
42.41912,0.48529,0.55318,0.00617,0.00148,0.43916
42.52206,0.48529,0.08817,0.00018,0.00001,0.91164
42.62500,0.48529,0.99952,0.00000,0.00001,0.00046
42.72794,0.48529,0.99426,0.00000,0.00446,0.00128
42.83088,0.48529,0.98169,0.00000,0.01724,0.00107
42.93382,0.48529,0.99444,0.00067,0.00244,0.00246
43.03677,0.48529,0.40364,0.00112,0.59395,0.00129
43.13971,0.48529,0.11454,0.00037,0.88425,0.00084
43.24265,0.48529,0.07271,0.00023,0.92641,0.00065
43.34559,0.48529,0.06338,0.00017,0.93597,0.00048
43.44853,0.48529,0.06351,0.00019,0.93585,0.00046
43.55147,0.48529,0.06993,0.00019,0.92944,0.00045
43.65441,0.48529,0.09068,0.00026,0.90841,0.00066
43.75735,0.48529,0.13580,0.00031,0.86302,0.00088
43.86029,0.48529,0.25705,0.00036,0.74115,0.00145
43.96323,0.48529,0.38659,0.00037,0.61087,0.00217
44.06618,0.48529,0.62432,0.00032,0.37249,0.00287
44.16912,0.48529,0.89354,0.00008,0.10487,0.00151
44.27206,0.48529,0.97947,0.00137,0.01614,0.00303
44.37500,0.48529,0.99966,0.00000,0.00012,0.00022
44.47794,0.48529,0.99828,0.00085,0.00043,0.00044
44.58088,0.48529,0.68151,0.00791,0.00064,0.30994
44.68382,0.48529,0.09519,0.00010,0.00000,0.90470
44.78677,0.48529,0.99725,0.00007,0.00005,0.00263
44.88971,0.48529,0.99347,0.00000,0.00560,0.00093
44.99265,0.48529,0.97705,0.00001,0.02150,0.00144
45.09559,0.48529,0.99244,0.00049,0.00506,0.00201
45.19853,0.48529,0.60895,0.00172,0.38815,0.00118
45.30147,0.48529,0.18413,0.00053,0.81438,0.00097
45.40441,0.48529,0.08137,0.00026,0.91760,0.00077
45.50735,0.48529,0.07032,0.00019,0.92892,0.00056
45.61029,0.48529,0.07495,0.00023,0.92419,0.00063
45.71323,0.48529,0.10319,0.00027,0.89576,0.00077
45.81618,0.48529,0.12188,0.00027,0.87706,0.00080
45.91912,0.48529,0.19467,0.00032,0.80385,0.00116
46.02206,0.48529,0.36247,0.00029,0.63549,0.00174
46.12500,0.48529,0.68145,0.00021,0.31613,0.00222
46.22794,0.48529,0.97765,0.00001,0.02178,0.00055
46.33088,0.48529,0.99734,0.00004,0.00043,0.00220
46.43382,0.48529,0.97719,0.00291,0.01612,0.00377
46.53677,0.48529,0.98771,0.00127,0.00193,0.00909
46.63971,0.48529,0.46393,0.00057,0.00027,0.53524
46.74265,0.48529,0.57455,0.00002,0.00000,0.42543
46.84559,0.48529,0.99954,0.00000,0.00015,0.00031
46.94853,0.48529,0.99739,0.00000,0.00245,0.00017
47.05147,0.48529,0.99038,0.00000,0.00931,0.00031
47.15441,0.48529,0.99998,0.00000,0.00001,0.00001
47.25735,0.48529,0.39783,0.00107,0.59975,0.00134
47.36029,0.48529,0.16331,0.00046,0.83525,0.00097
47.46323,0.48529,0.10121,0.00033,0.89754,0.00092
47.56618,0.48529,0.06978,0.00021,0.92936,0.00064
47.66912,0.48529,0.06840,0.00018,0.93086,0.00056
47.77206,0.48529,0.07076,0.00022,0.92837,0.00065
47.87500,0.48529,0.07058,0.00022,0.92864,0.00056
47.97794,0.48529,0.07364,0.00020,0.92560,0.00056
48.08088,0.48529,0.07605,0.00023,0.92312,0.00059
48.18382,0.48529,0.08938,0.00025,0.90972,0.00066
48.28677,0.48529,0.18449,0.00036,0.81406,0.00109
48.38971,0.48529,0.45342,0.00021,0.54481,0.00155
48.49265,0.48529,0.99827,0.00001,0.00127,0.00046
48.59559,0.48529,0.99685,0.00001,0.00169,0.00144
48.69853,0.48529,0.99594,0.00011,0.00270,0.00125
48.80147,0.48529,0.82879,0.00092,0.00487,0.16542
48.90441,0.48529,0.25466,0.00008,0.00005,0.74521
49.00735,0.48529,0.24255,0.00011,0.00000,0.75734
49.11029,0.48529,0.99964,0.00000,0.00001,0.00034
49.21323,0.48529,0.99756,0.00000,0.00173,0.00070
49.31618,0.48529,0.99309,0.00000,0.00516,0.00174
49.41912,0.48529,0.99637,0.00072,0.00134,0.00157
49.52206,0.48529,0.54635,0.00126,0.45146,0.00093
49.62500,0.48529,0.18849,0.00060,0.80997,0.00094
49.72794,0.48529,0.07949,0.00026,0.91957,0.00067
49.83088,0.48529,0.06368,0.00022,0.93552,0.00059
49.93382,0.48529,0.06229,0.00022,0.93694,0.00055
50.03677,0.48529,0.06195,0.00018,0.93742,0.00045
50.13971,0.48529,0.05941,0.00018,0.94002,0.00039
50.24265,0.48529,0.06659,0.00019,0.93276,0.00045
50.34559,0.48529,0.08558,0.00025,0.91352,0.00066
50.44853,0.48529,0.09517,0.00031,0.90376,0.00076
50.55147,0.48529,0.13085,0.00034,0.86785,0.00095
50.65441,0.48529,0.26161,0.00033,0.73666,0.00140
50.75735,0.48529,0.86540,0.00007,0.13320,0.00133
50.86029,0.48529,0.99762,0.00001,0.00074,0.00163
50.96323,0.48529,0.94707,0.00172,0.04729,0.00393
51.06618,0.48529,0.99873,0.00059,0.00035,0.00033
51.16912,0.48529,0.31640,0.00204,0.00120,0.68036
51.27206,0.48529,0.84606,0.00004,0.00001,0.15390
51.37500,0.48529,0.99986,0.00000,0.00009,0.00005
51.47794,0.48529,0.99746,0.00000,0.00094,0.00160
51.58088,0.48529,0.99952,0.00000,0.00046,0.00002
51.68382,0.48529,0.95391,0.00064,0.04499,0.00047
51.78677,0.48529,0.31080,0.00101,0.68694,0.00124
51.88971,0.48529,0.12935,0.00043,0.86936,0.00087
51.99265,0.48529,0.06656,0.00020,0.93271,0.00053
52.09559,0.48529,0.06128,0.00018,0.93801,0.00052
52.19853,0.48529,0.06022,0.00018,0.93917,0.00043
52.30147,0.48529,0.06771,0.00019,0.93166,0.00044
52.40441,0.48529,0.08148,0.00021,0.91781,0.00051
52.50735,0.48529,0.12413,0.00026,0.87488,0.00074
52.61029,0.48529,0.21086,0.00038,0.78757,0.00118
52.71323,0.48529,0.43909,0.00029,0.55876,0.00186
52.81618,0.48529,0.78860,0.00013,0.20949,0.00178
52.91912,0.48529,0.99987,0.00000,0.00005,0.00008
53.02206,0.48529,0.99521,0.00002,0.00419,0.00058
53.12500,0.48529,0.99974,0.00003,0.00019,0.00004
53.22794,0.48529,0.52568,0.00093,0.00112,0.47227
53.33088,0.48529,0.34075,0.00009,0.00000,0.65916
53.43382,0.48529,0.99992,0.00000,0.00001,0.00007
53.53677,0.48529,0.99753,0.00000,0.00126,0.00121
53.63971,0.48529,0.98208,0.00000,0.01637,0.00154
53.74265,0.48529,0.99989,0.00001,0.00002,0.00008
53.84559,0.48529,0.50469,0.00145,0.49231,0.00155
53.94853,0.48529,0.17779,0.00045,0.82072,0.00104
54.05147,0.48529,0.09332,0.00031,0.90543,0.00094
54.15441,0.48529,0.07654,0.00026,0.92246,0.00075
54.25735,0.48529,0.07280,0.00020,0.92635,0.00065
54.36029,0.48529,0.07121,0.00019,0.92803,0.00056
54.46323,0.48529,0.08576,0.00024,0.91337,0.00063
54.56618,0.48529,0.10165,0.00025,0.89739,0.00070
54.66912,0.48529,0.17572,0.00028,0.82301,0.00099
54.77206,0.48529,0.33749,0.00028,0.66077,0.00147
54.87500,0.48529,0.67248,0.00023,0.32483,0.00245
54.97794,0.48529,0.99975,0.00000,0.00009,0.00016
55.08088,0.48529,0.99729,0.00001,0.00168,0.00102
55.18382,0.48529,0.99817,0.00002,0.00071,0.00110
55.28677,0.48529,0.85112,0.00115,0.00133,0.14639
55.38971,0.48529,0.06448,0.00003,0.00001,0.93548
55.49265,0.48529,0.99930,0.00011,0.00009,0.00050
55.59559,0.48529,0.99976,0.00000,0.00020,0.00004
55.69853,0.48529,0.98553,0.00001,0.01107,0.00340
55.80147,0.48529,0.99669,0.00012,0.00306,0.00014
55.90441,0.48529,0.58348,0.00145,0.41393,0.00115
56.00735,0.48529,0.17185,0.00049,0.82675,0.00091
56.11029,0.48529,0.08530,0.00022,0.91385,0.00063
56.21323,0.48529,0.07245,0.00024,0.92663,0.00068
56.31618,0.48529,0.07440,0.00025,0.92467,0.00068
56.41912,0.48529,0.07297,0.00021,0.92622,0.00060
56.52206,0.48529,0.08368,0.00028,0.91528,0.00076
56.62500,0.48529,0.10422,0.00024,0.89486,0.00068
56.72794,0.48529,0.16295,0.00024,0.83601,0.00081
56.83088,0.48529,0.35374,0.00026,0.64451,0.00148
56.93382,0.48529,0.71541,0.00017,0.28242,0.00200
57.03677,0.48529,0.99591,0.00001,0.00358,0.00050
57.13971,0.48529,0.99961,0.00000,0.00036,0.00003
57.24265,0.48529,0.99891,0.00006,0.00057,0.00046
57.34559,0.48529,0.75643,0.00133,0.00263,0.23961
57.44853,0.48529,0.28038,0.00002,0.00002,0.71958
57.55147,0.48529,0.98755,0.00002,0.00000,0.01242
57.65441,0.48529,0.99951,0.00000,0.00018,0.00031
57.75735,0.48529,0.99748,0.00001,0.00211,0.00040
57.86029,0.48529,0.99839,0.00001,0.00151,0.00009
57.96323,0.48529,0.80761,0.00211,0.18932,0.00095
58.06618,0.48529,0.20767,0.00063,0.79072,0.00098
58.16912,0.48529,0.09165,0.00024,0.90755,0.00056
58.27206,0.48529,0.07094,0.00022,0.92826,0.00058
58.37500,0.48529,0.06981,0.00024,0.92938,0.00057
58.47794,0.48529,0.08136,0.00030,0.91763,0.00071
58.58088,0.48529,0.10274,0.00032,0.89603,0.00091
58.68382,0.48529,0.16326,0.00031,0.83552,0.00091
58.78677,0.48529,0.35568,0.00025,0.64270,0.00137
58.88971,0.48529,0.71014,0.00013,0.28806,0.00167
58.99265,0.48529,0.99616,0.00002,0.00276,0.00106
59.09559,0.48529,0.99888,0.00000,0.00033,0.00080
59.19853,0.48529,0.99614,0.00079,0.00222,0.00084
59.30147,0.48529,0.55080,0.01207,0.00170,0.43543
59.40441,0.48529,0.06347,0.00127,0.00003,0.93523
59.50735,0.48529,0.06985,0.00061,0.00005,0.92948
59.61029,0.48529,0.99844,0.00001,0.00002,0.00153
59.71323,0.48529,0.99996,0.00000,0.00004,0.00000
59.81618,0.48529,0.99653,0.00000,0.00294,0.00053
59.91912,0.48529,0.99998,0.00001,0.00001,0.00001
60.02206,0.48529,0.30092,0.00039,0.69608,0.00261
60.12500,0.48529,0.21113,0.00064,0.78708,0.00116
60.22794,0.48529,0.08938,0.00026,0.90976,0.00060
60.33088,0.48529,0.06584,0.00017,0.93358,0.00041
60.43382,0.48529,0.05827,0.00015,0.94122,0.00036
60.53677,0.48529,0.06615,0.00022,0.93313,0.00050
60.63971,0.48529,0.07257,0.00022,0.92668,0.00054
60.74265,0.48529,0.09445,0.00035,0.90433,0.00087
60.84559,0.48529,0.12317,0.00038,0.87542,0.00102
60.94853,0.48529,0.18971,0.00038,0.80877,0.00114
61.05147,0.48529,0.30105,0.00031,0.69715,0.00149
61.15441,0.48529,0.51339,0.00032,0.48403,0.00226
61.25735,0.48529,0.90876,0.00006,0.09006,0.00113
61.36029,0.48529,0.99215,0.00054,0.00395,0.00336
61.46323,0.48529,0.99901,0.00001,0.00055,0.00044
61.56618,0.48529,0.99689,0.00051,0.00188,0.00072
61.66912,0.48529,0.71817,0.00610,0.00084,0.27489
61.77206,0.48529,0.09646,0.00210,0.00002,0.90142
61.87500,0.48529,0.43189,0.00012,0.00000,0.56798
61.97794,0.48529,0.99985,0.00000,0.00000,0.00015
62.08088,0.48529,0.99913,0.00000,0.00062,0.00025
62.18382,0.48529,0.99966,0.00000,0.00029,0.00005
62.28677,0.48529,0.99948,0.00003,0.00044,0.00006
62.38971,0.48529,0.23771,0.00067,0.76081,0.00080
62.49265,0.48529,0.07694,0.00025,0.92236,0.00046
62.59559,0.48529,0.05138,0.00015,0.94814,0.00033
62.69853,0.48529,0.05595,0.00015,0.94355,0.00035
62.80147,0.48529,0.06312,0.00023,0.93620,0.00046
62.90441,0.48529,0.08604,0.00029,0.91306,0.00061
63.00735,0.48529,0.12902,0.00047,0.86945,0.00106
63.11029,0.48529,0.26304,0.00036,0.73527,0.00132
63.21323,0.48529,0.64816,0.00019,0.35011,0.00154
63.31618,0.48529,0.99985,0.00000,0.00003,0.00013
63.41912,0.48529,0.99817,0.00000,0.00151,0.00031
63.52206,0.48529,0.99782,0.00001,0.00112,0.00104
63.62500,0.48529,0.82621,0.00090,0.00237,0.17052
63.72794,0.48529,0.18045,0.00006,0.00001,0.81947
63.83088,0.48529,0.06840,0.00074,0.00007,0.93079
63.93382,0.48530,0.99841,0.00001,0.00001,0.00157
64.03677,0.48529,0.99995,0.00000,0.00005,0.00000
64.13971,0.48529,0.99675,0.00001,0.00234,0.00091
64.24265,0.48530,0.99995,0.00000,0.00003,0.00001
64.34559,0.48529,0.32246,0.00057,0.67444,0.00253
64.44853,0.48529,0.23330,0.00078,0.76444,0.00149
64.55147,0.48530,0.10131,0.00033,0.89741,0.00095
64.65441,0.48530,0.08189,0.00022,0.91718,0.00071
64.75735,0.48529,0.07751,0.00022,0.92169,0.00059
64.86029,0.48530,0.09033,0.00023,0.90877,0.00067
64.96323,0.48530,0.11717,0.00027,0.88173,0.00083
65.06618,0.48529,0.18336,0.00038,0.81497,0.00129
65.16912,0.48529,0.36401,0.00033,0.63378,0.00187
65.27206,0.48530,0.66389,0.00020,0.33373,0.00219
65.37500,0.48529,0.98628,0.00001,0.01327,0.00045
65.47794,0.48529,0.99447,0.00003,0.00232,0.00318
65.58088,0.48530,0.99276,0.00041,0.00622,0.00061
65.68382,0.48530,0.88596,0.00066,0.00111,0.11227
65.78677,0.48529,0.17925,0.00009,0.00004,0.82061
65.88971,0.48529,0.30609,0.00005,0.00000,0.69385
65.99265,0.48530,0.99991,0.00000,0.00001,0.00008
66.09559,0.48529,0.99603,0.00000,0.00259,0.00138
66.19853,0.48529,0.98462,0.00000,0.01440,0.00097
66.30147,0.48530,0.99991,0.00001,0.00002,0.00006
66.40441,0.48530,0.39980,0.00107,0.59807,0.00106
66.50735,0.48529,0.15055,0.00043,0.84826,0.00076
66.61029,0.48530,0.07458,0.00021,0.92468,0.00052
66.71323,0.48530,0.06997,0.00026,0.92908,0.00070
66.81618,0.48529,0.07445,0.00027,0.92457,0.00070
66.91912,0.48529,0.06579,0.00021,0.93350,0.00050
67.02206,0.48530,0.06680,0.00020,0.93251,0.00049
67.12500,0.48529,0.06850,0.00017,0.93090,0.00043
67.22794,0.48529,0.07940,0.00022,0.91976,0.00062
67.33088,0.48530,0.11153,0.00036,0.88717,0.00094
67.43382,0.48530,0.13898,0.00040,0.85949,0.00113
67.53677,0.48529,0.24608,0.00031,0.75228,0.00132
67.63971,0.48529,0.55242,0.00022,0.44525,0.00210
67.74265,0.48530,0.97916,0.00001,0.02035,0.00048
67.84559,0.48529,0.99726,0.00000,0.00187,0.00086
67.94853,0.48529,0.83537,0.00075,0.16261,0.00127
68.05147,0.48530,0.96166,0.00007,0.00059,0.03768
68.15441,0.48530,0.07231,0.00006,0.00003,0.92760
68.25735,0.48529,0.99894,0.00018,0.00003,0.00085
68.36029,0.48530,0.99988,0.00000,0.00009,0.00003
68.46323,0.48530,0.99413,0.00000,0.00370,0.00217
68.56618,0.48529,0.99907,0.00003,0.00085,0.00005
68.66912,0.48529,0.63104,0.00171,0.36631,0.00095
68.77206,0.48530,0.15674,0.00050,0.84193,0.00083
68.87500,0.48529,0.06260,0.00017,0.93678,0.00045
68.97794,0.48529,0.06128,0.00019,0.93802,0.00052
69.08088,0.48530,0.06210,0.00018,0.93728,0.00044
69.18382,0.48530,0.06381,0.00018,0.93561,0.00040
69.28677,0.48529,0.09843,0.00024,0.90073,0.00059
69.38971,0.48529,0.14034,0.00025,0.85859,0.00082
69.49265,0.48530,0.31308,0.00047,0.68480,0.00165
69.59559,0.48529,0.65241,0.00023,0.34509,0.00227
69.69853,0.48529,0.99242,0.00009,0.00708,0.00041
69.80147,0.48530,0.99828,0.00000,0.00035,0.00136
69.90441,0.48530,0.99871,0.00037,0.00078,0.00014
70.00735,0.48529,0.30854,0.00093,0.00237,0.68816
70.11029,0.48530,0.10650,0.00010,0.00000,0.89339
70.21323,0.48530,0.99929,0.00009,0.00010,0.00053
70.31618,0.48529,0.99969,0.00000,0.00026,0.00006
70.41912,0.48529,0.98499,0.00001,0.01094,0.00406
70.52206,0.48530,0.99493,0.00007,0.00483,0.00017
70.62500,0.48529,0.63214,0.00154,0.36531,0.00101
70.72794,0.48529,0.16121,0.00046,0.83745,0.00088
70.83088,0.48530,0.07559,0.00021,0.92360,0.00061
70.93382,0.48530,0.07555,0.00029,0.92340,0.00076
71.03677,0.48529,0.07905,0.00025,0.91998,0.00072
71.13971,0.48529,0.09107,0.00024,0.90803,0.00065
71.24265,0.48530,0.15693,0.00034,0.84178,0.00096
71.34559,0.48529,0.34117,0.00024,0.65731,0.00129
71.44853,0.48529,0.95198,0.00003,0.04727,0.00073
71.55147,0.48530,0.99894,0.00000,0.00075,0.00031
71.65441,0.48530,0.50493,0.00025,0.49432,0.00050
71.75735,0.48529,0.99207,0.00001,0.00080,0.00711
71.86029,0.48530,0.31515,0.00004,0.00006,0.68474
71.96323,0.48530,0.07707,0.00090,0.00005,0.92198
72.06618,0.48529,0.59428,0.00001,0.00001,0.40569
72.16912,0.48529,0.99969,0.00000,0.00015,0.00017
72.27206,0.48530,0.99723,0.00000,0.00190,0.00086
72.37500,0.48529,0.98249,0.00000,0.01691,0.00060
72.47794,0.48529,0.99999,0.00000,0.00000,0.00001
72.58088,0.48530,0.32352,0.00093,0.67410,0.00145
72.68382,0.48530,0.10101,0.00025,0.89807,0.00067
72.78677,0.48529,0.07322,0.00018,0.92609,0.00051
72.88971,0.48529,0.07625,0.00020,0.92303,0.00052
72.99265,0.48530,0.12169,0.00025,0.87731,0.00075
73.09559,0.48529,0.27031,0.00034,0.72788,0.00148
73.19853,0.48529,0.61347,0.00022,0.38433,0.00198
73.30147,0.48530,0.99766,0.00001,0.00183,0.00050
73.40441,0.48530,0.99922,0.00000,0.00046,0.00031
73.50735,0.48529,0.98910,0.00015,0.01030,0.00045
73.61029,0.48530,0.60427,0.00166,0.01006,0.38400
73.71323,0.48530,0.13400,0.00044,0.00029,0.86527
73.81618,0.48529,0.87843,0.00007,0.00032,0.12118
73.91912,0.48529,0.99975,0.00000,0.00023,0.00002
74.02206,0.48530,0.99667,0.00001,0.00201,0.00131
74.12500,0.48529,0.99882,0.00000,0.00115,0.00003
74.22794,0.48529,0.86730,0.00078,0.13102,0.00090
74.33088,0.48530,0.27558,0.00084,0.72175,0.00182
74.43382,0.48530,0.12977,0.00045,0.86848,0.00130
74.53677,0.48529,0.09679,0.00027,0.90197,0.00097
74.63971,0.48529,0.08925,0.00025,0.90972,0.00077
74.74265,0.48530,0.09554,0.00024,0.90355,0.00067
74.84559,0.48529,0.10945,0.00027,0.88949,0.00079
74.94853,0.48529,0.14255,0.00032,0.85602,0.00111
75.05147,0.48530,0.22326,0.00034,0.77484,0.00156
75.15441,0.48530,0.41975,0.00034,0.57752,0.00238
75.25735,0.48529,0.81547,0.00010,0.18286,0.00156
75.36029,0.48530,0.99758,0.00001,0.00180,0.00061
75.46323,0.48530,0.99906,0.00000,0.00026,0.00068
75.56618,0.48529,0.99685,0.00066,0.00195,0.00053
75.66912,0.48529,0.54265,0.03511,0.00173,0.42051
75.77206,0.48530,0.08274,0.00138,0.00002,0.91586
75.87500,0.48529,0.09256,0.00066,0.00005,0.90672
75.97794,0.48529,0.09244,0.00066,0.00005,0.90685
76.08088,0.48530,0.09750,0.00075,0.00006,0.90169
76.18382,0.48530,0.46141,0.00045,0.00001,0.53813
76.28677,0.48529,0.99943,0.00000,0.00008,0.00049
76.38971,0.48529,0.99675,0.00000,0.00300,0.00025
76.49265,0.48530,0.99896,0.00000,0.00100,0.00004
76.59559,0.48529,0.99966,0.00000,0.00030,0.00004
76.69853,0.48529,0.27521,0.00075,0.72232,0.00173
76.80147,0.48530,0.16100,0.00050,0.83703,0.00146
76.90441,0.48530,0.10410,0.00034,0.89446,0.00111
77.00735,0.48529,0.13423,0.00031,0.86439,0.00107
77.11029,0.48530,0.24922,0.00029,0.74899,0.00150
77.21323,0.48530,0.60656,0.00024,0.39089,0.00231
77.31618,0.48529,0.96606,0.00002,0.03337,0.00055
77.41912,0.48529,0.99010,0.00010,0.00212,0.00769
77.52206,0.48530,0.98423,0.00133,0.00888,0.00555
77.62500,0.48529,0.98809,0.00033,0.00736,0.00423
77.72794,0.48529,0.71076,0.00187,0.00037,0.28700
77.83088,0.48530,0.04366,0.00015,0.00001,0.95619
77.93382,0.48530,0.09774,0.00072,0.00005,0.90149
78.03677,0.48529,0.11313,0.00016,0.00002,0.88670
78.13971,0.48529,0.99365,0.00013,0.00019,0.00603
78.24265,0.48530,0.99891,0.00000,0.00090,0.00018
78.34559,0.48529,0.96941,0.00002,0.02922,0.00136
78.44853,0.48529,0.99481,0.00014,0.00435,0.00070
78.55147,0.48530,0.67571,0.00123,0.32174,0.00131
78.65441,0.48530,0.35437,0.00094,0.64297,0.00172
78.75735,0.48529,0.13511,0.00034,0.86347,0.00107
78.86029,0.48530,0.10341,0.00025,0.89565,0.00068
78.96323,0.48530,0.08269,0.00019,0.91649,0.00062
79.06618,0.48529,0.09197,0.00030,0.90686,0.00087
79.16912,0.48529,0.10853,0.00040,0.88994,0.00112
79.27206,0.48530,0.13740,0.00044,0.86079,0.00138
79.37500,0.48529,0.20981,0.00036,0.78832,0.00150
79.47794,0.48529,0.36324,0.00037,0.63412,0.00226
79.58088,0.48530,0.66924,0.00025,0.32796,0.00254
79.68382,0.48530,0.95868,0.00002,0.04072,0.00058
79.78677,0.48529,0.99540,0.00011,0.00021,0.00428
79.88971,0.48529,0.99267,0.00109,0.00485,0.00139
79.99265,0.48530,0.98555,0.00177,0.00144,0.01124
80.09559,0.48529,0.52777,0.00019,0.00027,0.47177
80.19853,0.48529,0.05544,0.00026,0.00000,0.94430
80.30147,0.48530,0.99855,0.00006,0.00006,0.00134
80.40441,0.48530,0.99919,0.00000,0.00058,0.00024
80.50735,0.48529,0.97882,0.00002,0.01584,0.00533
80.61029,0.48530,0.99145,0.00005,0.00825,0.00025
80.71323,0.48530,0.64973,0.00197,0.34665,0.00166
80.81618,0.48529,0.20021,0.00056,0.79801,0.00122
80.91912,0.48529,0.11045,0.00028,0.88846,0.00081
81.02206,0.48530,0.07817,0.00018,0.92108,0.00058
81.12500,0.48529,0.08054,0.00017,0.91882,0.00047
81.22794,0.48529,0.12188,0.00026,0.87712,0.00074
81.33088,0.48530,0.29839,0.00029,0.69995,0.00138
81.43382,0.48530,0.69810,0.00015,0.30002,0.00174
81.53677,0.48529,0.99928,0.00000,0.00045,0.00026
81.63971,0.48529,0.99783,0.00000,0.00169,0.00047
81.74265,0.48530,0.99753,0.00010,0.00126,0.00111
81.84559,0.48529,0.85880,0.00116,0.00331,0.13672
81.94853,0.48529,0.31545,0.00006,0.00003,0.68445
82.05147,0.48530,0.09346,0.00063,0.00005,0.90585
82.15441,0.48530,0.09746,0.00070,0.00005,0.90179
82.25735,0.48529,0.21606,0.00014,0.00000,0.78380
82.36029,0.48530,0.99974,0.00000,0.00002,0.00024
82.46323,0.48530,0.99435,0.00000,0.00406,0.00158
82.56618,0.48529,0.98289,0.00000,0.01546,0.00165
82.66912,0.48529,0.99435,0.00062,0.00194,0.00309
82.77206,0.48530,0.58244,0.00143,0.41487,0.00126
82.87500,0.48529,0.26977,0.00076,0.72825,0.00123
82.97794,0.48529,0.13119,0.00045,0.86729,0.00107
83.08088,0.48530,0.08453,0.00025,0.91442,0.00080
83.18382,0.48530,0.08409,0.00031,0.91472,0.00087
83.28677,0.48529,0.12633,0.00037,0.87228,0.00103
83.38971,0.48529,0.21825,0.00024,0.78051,0.00099
83.49265,0.48530,0.48952,0.00023,0.50871,0.00154
83.59559,0.48529,0.85726,0.00008,0.14133,0.00133
83.69853,0.48529,0.99989,0.00000,0.00002,0.00008
83.80147,0.48530,0.99898,0.00000,0.00071,0.00031
83.90441,0.48530,0.99816,0.00001,0.00063,0.00120
84.00735,0.48529,0.85905,0.00108,0.00067,0.13920
84.11029,0.48530,0.30243,0.00004,0.00001,0.69753
84.21323,0.48530,0.09887,0.00078,0.00005,0.90030
84.31618,0.48529,0.13958,0.00017,0.00002,0.86023
84.41912,0.48529,0.99901,0.00004,0.00007,0.00089
84.52206,0.48530,0.99798,0.00000,0.00147,0.00054
84.62500,0.48529,0.96704,0.00002,0.02891,0.00403
84.72794,0.48529,0.98811,0.00009,0.01011,0.00169
84.83088,0.48530,0.75625,0.00248,0.23972,0.00155
84.93382,0.48530,0.37655,0.00090,0.62113,0.00142
85.03677,0.48529,0.16279,0.00041,0.83559,0.00122
85.13971,0.48529,0.10727,0.00027,0.89153,0.00092
85.24265,0.48530,0.10787,0.00031,0.89072,0.00109
85.34559,0.48529,0.10488,0.00031,0.89382,0.00099
85.44853,0.48529,0.15701,0.00048,0.84098,0.00153
85.55147,0.48530,0.24546,0.00030,0.75252,0.00171
85.65441,0.48530,0.60895,0.00023,0.38850,0.00232
85.75735,0.48529,0.99995,0.00000,0.00000,0.00005
85.86029,0.48530,0.99851,0.00001,0.00128,0.00020
85.96323,0.48530,0.99917,0.00001,0.00044,0.00038
86.06618,0.48529,0.83435,0.00024,0.00022,0.16520
86.16912,0.48529,0.09025,0.00001,0.00002,0.90972
86.27206,0.48530,0.08886,0.00061,0.00005,0.91048
86.37500,0.48529,0.08503,0.00065,0.00005,0.91427
86.47794,0.48529,0.16704,0.00007,0.00000,0.83289
86.58088,0.48530,0.99914,0.00001,0.00001,0.00084
86.68382,0.48530,0.99085,0.00000,0.00754,0.00161
86.78677,0.48529,0.97591,0.00000,0.02289,0.00120
86.88971,0.48529,0.99033,0.00041,0.00432,0.00493
86.99265,0.48530,0.52820,0.00148,0.46827,0.00204
87.09559,0.48529,0.18704,0.00070,0.81042,0.00185
87.19853,0.48529,0.11547,0.00031,0.88317,0.00106
87.30147,0.48530,0.14016,0.00031,0.85837,0.00116
87.40441,0.48530,0.25881,0.00040,0.73917,0.00162
87.50735,0.48529,0.38783,0.00034,0.60952,0.00231
87.61029,0.48530,0.63877,0.00026,0.35851,0.00246
87.71323,0.48530,0.95393,0.00002,0.04539,0.00066
87.81618,0.48529,0.99245,0.00068,0.00107,0.00579
87.91912,0.48529,0.99044,0.00058,0.00781,0.00117
88.02206,0.48530,0.98366,0.00067,0.00193,0.01374
88.12500,0.48529,0.72834,0.00061,0.00054,0.27052
88.22794,0.48529,0.04178,0.00011,0.00000,0.95811
88.33088,0.48530,0.11325,0.00074,0.00005,0.88596
88.43382,0.48530,0.59993,0.00006,0.00001,0.40000
88.53677,0.48529,0.99982,0.00000,0.00008,0.00010
88.63971,0.48529,0.99679,0.00000,0.00279,0.00042
88.74265,0.48530,0.97753,0.00000,0.02218,0.00029
88.84559,0.48529,0.99997,0.00000,0.00001,0.00002
88.94853,0.48529,0.53564,0.00107,0.46219,0.00110
89.05147,0.48530,0.25747,0.00064,0.74067,0.00121
89.15441,0.48530,0.10837,0.00033,0.89030,0.00100
89.25735,0.48529,0.08887,0.00025,0.91008,0.00080
89.36029,0.48530,0.08464,0.00028,0.91425,0.00083
89.46323,0.48530,0.13468,0.00039,0.86374,0.00119
89.56618,0.48529,0.20935,0.00034,0.78896,0.00136
89.66912,0.48529,0.46762,0.00029,0.53008,0.00201
89.77206,0.48530,0.82277,0.00011,0.17547,0.00165
89.87500,0.48529,0.99952,0.00000,0.00031,0.00017
89.97794,0.48529,0.99925,0.00004,0.00025,0.00046
90.08088,0.48530,0.99851,0.00028,0.00100,0.00021
90.18382,0.48530,0.55035,0.01100,0.00109,0.43755
90.28677,0.48529,0.07275,0.00050,0.00003,0.92673
90.38971,0.48529,0.09685,0.00068,0.00005,0.90242
90.49265,0.48530,0.21520,0.00019,0.00000,0.78461
90.59559,0.48529,0.99940,0.00001,0.00001,0.00058
90.69853,0.48529,0.99168,0.00000,0.00679,0.00152
90.80147,0.48530,0.98224,0.00001,0.01531,0.00244
90.90441,0.48530,0.98967,0.00053,0.00502,0.00479
91.00735,0.48529,0.69403,0.00190,0.30271,0.00137
91.11029,0.48530,0.27317,0.00086,0.72449,0.00149
91.21323,0.48530,0.10605,0.00026,0.89289,0.00080
91.31618,0.48529,0.08704,0.00023,0.91200,0.00072
91.41912,0.48529,0.09504,0.00023,0.90405,0.00068
91.52206,0.48530,0.10160,0.00022,0.89743,0.00075
91.62500,0.48529,0.17171,0.00040,0.82654,0.00135
91.72794,0.48529,0.25940,0.00040,0.73844,0.00176
91.83088,0.48530,0.35257,0.00044,0.64430,0.00269
91.93382,0.48530,0.58788,0.00037,0.40864,0.00311
92.03677,0.48529,0.98868,0.00002,0.01033,0.00097
92.13971,0.48529,0.99387,0.00001,0.00479,0.00133
92.24265,0.48530,0.99658,0.00010,0.00248,0.00084
92.34559,0.48529,0.84029,0.00127,0.00328,0.15516
92.44853,0.48529,0.24458,0.00008,0.00006,0.75528
92.55147,0.48530,0.08749,0.00062,0.00005,0.91184
92.65441,0.48530,0.09971,0.00065,0.00005,0.89959
92.75735,0.48529,0.77081,0.00010,0.00002,0.22907
92.86029,0.48530,0.99931,0.00000,0.00040,0.00029
92.96323,0.48530,0.99497,0.00002,0.00352,0.00150
93.06618,0.48529,0.99902,0.00000,0.00094,0.00004
93.16912,0.48529,0.96368,0.00044,0.03545,0.00042
93.27206,0.48530,0.29024,0.00090,0.70756,0.00131
93.37500,0.48529,0.11367,0.00034,0.88521,0.00077
93.47794,0.48529,0.06826,0.00020,0.93097,0.00057
93.58088,0.48530,0.06355,0.00017,0.93582,0.00045
93.68382,0.48530,0.06778,0.00019,0.93159,0.00044
93.78677,0.48529,0.08837,0.00023,0.91081,0.00060
93.88971,0.48529,0.12604,0.00027,0.87297,0.00073
93.99265,0.48530,0.34836,0.00032,0.64985,0.00147
94.09559,0.48529,0.79419,0.00013,0.20402,0.00167
94.19853,0.48529,0.99984,0.00000,0.00006,0.00010
94.30147,0.48530,0.99967,0.00000,0.00029,0.00004
94.40441,0.48530,0.99807,0.00006,0.00088,0.00099
94.50735,0.48529,0.75750,0.00072,0.00219,0.23959
94.61029,0.48530,0.28753,0.00007,0.00001,0.71238
94.71323,0.48530,0.09000,0.00058,0.00005,0.90937
94.81618,0.48529,0.10555,0.00065,0.00005,0.89375
94.91912,0.48529,0.23707,0.00009,0.00000,0.76284
95.02206,0.48530,0.99953,0.00000,0.00002,0.00044
95.12500,0.48529,0.99394,0.00000,0.00470,0.00136
95.22794,0.48529,0.98410,0.00001,0.01349,0.00240
95.33088,0.48530,0.99319,0.00060,0.00297,0.00325
95.43382,0.48530,0.58216,0.00132,0.41525,0.00127
95.53677,0.48529,0.29697,0.00101,0.70003,0.00199
95.63971,0.48529,0.16583,0.00053,0.83223,0.00140
95.74265,0.48530,0.09968,0.00033,0.89899,0.00100
95.84559,0.48529,0.08458,0.00025,0.91435,0.00082
95.94853,0.48529,0.07662,0.00020,0.92251,0.00067
96.05147,0.48530,0.07588,0.00020,0.92336,0.00056
96.15441,0.48530,0.10365,0.00023,0.89545,0.00067
96.25735,0.48529,0.17401,0.00025,0.82482,0.00092
96.36029,0.48530,0.34045,0.00032,0.65752,0.00171
96.46323,0.48530,0.70663,0.00020,0.29086,0.00231
96.56618,0.48529,0.98782,0.00001,0.01178,0.00040
96.66912,0.48529,0.99805,0.00000,0.00171,0.00024
96.77206,0.48530,0.99874,0.00006,0.00073,0.00047
96.87500,0.48529,0.69246,0.00083,0.00140,0.30531
96.97794,0.48529,0.36792,0.00001,0.00001,0.63206
97.08088,0.48530,0.09043,0.00053,0.00005,0.90900
97.18382,0.48530,0.08901,0.00053,0.00005,0.91042
97.28677,0.48529,0.03906,0.00135,0.00007,0.95952
97.38971,0.48529,0.99201,0.00009,0.00000,0.00790
97.49265,0.48530,0.99940,0.00000,0.00050,0.00010
97.59559,0.48529,0.99083,0.00000,0.00888,0.00029
97.69853,0.48529,0.99763,0.00001,0.00231,0.00006
97.80147,0.48530,0.31824,0.00032,0.67834,0.00310
97.90441,0.48530,0.21252,0.00060,0.78570,0.00119
98.00735,0.48529,0.10593,0.00025,0.89308,0.00075
98.11029,0.48530,0.08003,0.00024,0.91897,0.00076
98.21323,0.48530,0.11002,0.00045,0.88829,0.00124
98.31618,0.48529,0.21476,0.00031,0.78375,0.00119
98.41912,0.48529,0.45102,0.00021,0.54701,0.00176
98.52206,0.48530,0.87304,0.00010,0.12534,0.00152
98.62500,0.48529,0.99980,0.00000,0.00010,0.00010
98.72794,0.48529,0.99920,0.00000,0.00068,0.00012
98.83088,0.48530,0.99835,0.00004,0.00060,0.00101
98.93382,0.48530,0.73355,0.00200,0.00147,0.26298
99.03677,0.48529,0.28203,0.00009,0.00002,0.71786
99.13971,0.48529,0.08681,0.00062,0.00005,0.91252
99.24265,0.48530,0.09478,0.00069,0.00005,0.90447
99.34559,0.48529,0.53062,0.00052,0.00000,0.46886
99.44853,0.48529,0.99965,0.00000,0.00003,0.00031
99.55147,0.48530,0.99817,0.00001,0.00058,0.00125
99.65441,0.48530,0.99942,0.00000,0.00049,0.00009
99.75735,0.48529,0.99411,0.00018,0.00539,0.00033
99.86029,0.48530,0.37374,0.00115,0.62339,0.00172
99.96323,0.48530,0.11820,0.00034,0.88061,0.00085
100.06618,0.48529,0.07336,0.00018,0.92593,0.00054
100.16912,0.48529,0.07710,0.00022,0.92211,0.00057
100.27206,0.48530,0.07086,0.00020,0.92843,0.00051
100.37500,0.48529,0.08617,0.00019,0.91306,0.00058
100.47794,0.48529,0.16823,0.00035,0.83031,0.00111
100.58088,0.48530,0.34513,0.00030,0.65302,0.00155
100.68382,0.48530,0.84779,0.00010,0.15039,0.00172
100.78677,0.48529,0.99655,0.00001,0.00285,0.00058
100.88971,0.48529,0.99913,0.00000,0.00014,0.00073
100.99265,0.48530,0.99691,0.00095,0.00185,0.00029
101.09559,0.48529,0.30478,0.00067,0.00119,0.69337
101.19853,0.48529,0.08762,0.00053,0.00001,0.91184
101.30147,0.48530,0.08718,0.00058,0.00005,0.91219
101.40441,0.48530,0.08647,0.00058,0.00005,0.91290
101.50735,0.48529,0.10328,0.00067,0.00005,0.89600
101.61029,0.48530,0.33732,0.00022,0.00000,0.66247
101.71323,0.48530,0.99996,0.00000,0.00000,0.00004
101.81618,0.48529,0.99819,0.00000,0.00102,0.00078
101.91912,0.48529,0.98150,0.00001,0.01634,0.00215
102.02206,0.48530,0.99935,0.00004,0.00018,0.00043
102.12500,0.48529,0.52995,0.00149,0.46710,0.00146
102.22794,0.48529,0.26393,0.00090,0.73359,0.00158
102.33088,0.48530,0.14481,0.00046,0.85350,0.00124
102.43382,0.48530,0.09400,0.00031,0.90479,0.00091
102.53677,0.48529,0.07427,0.00021,0.92485,0.00067
102.63971,0.48529,0.06759,0.00017,0.93175,0.00048
102.74265,0.48530,0.06176,0.00016,0.93768,0.00040
102.84559,0.48529,0.06574,0.00018,0.93365,0.00043
102.94853,0.48529,0.06751,0.00020,0.93177,0.00052
103.05147,0.48530,0.06955,0.00023,0.92963,0.00060
103.15441,0.48530,0.07461,0.00029,0.92439,0.00072
103.25735,0.48529,0.06557,0.00022,0.93360,0.00061
103.36029,0.48530,0.06184,0.00018,0.93749,0.00049
103.46323,0.48530,0.06390,0.00020,0.93538,0.00053
103.56618,0.48529,0.05954,0.00019,0.93985,0.00043
103.66912,0.48529,0.05862,0.00017,0.94082,0.00039
103.77206,0.48530,0.06434,0.00019,0.93502,0.00045
103.87500,0.48529,0.06553,0.00020,0.93380,0.00047
103.97794,0.48529,0.07699,0.00022,0.92221,0.00059
104.08088,0.48530,0.15678,0.00033,0.84198,0.00091
104.18382,0.48530,0.57008,0.00022,0.42827,0.00143
104.28677,0.48529,0.97617,0.00001,0.02342,0.00040
104.38971,0.48529,0.99846,0.00001,0.00041,0.00113
104.49265,0.48530,0.98271,0.00127,0.01481,0.00121
104.59559,0.48529,0.99626,0.00135,0.00059,0.00180
104.69853,0.48529,0.59617,0.00439,0.00090,0.39854
104.80147,0.48530,0.05235,0.00027,0.00003,0.94736
104.90441,0.48530,0.08184,0.00052,0.00005,0.91759
105.00735,0.48529,0.08306,0.00051,0.00005,0.91639
105.11029,0.48530,0.06216,0.00062,0.00005,0.93717
105.21323,0.48530,0.79424,0.00006,0.00001,0.20570
105.31618,0.48529,0.99921,0.00000,0.00038,0.00041
105.41912,0.48529,0.99686,0.00001,0.00189,0.00124
105.52206,0.48530,0.99891,0.00000,0.00105,0.00004
105.62500,0.48529,0.94222,0.00082,0.05637,0.00059
105.72794,0.48529,0.27476,0.00081,0.72340,0.00103
105.83088,0.48530,0.09957,0.00029,0.89958,0.00055
105.93382,0.48530,0.06796,0.00019,0.93135,0.00050
106.03677,0.48529,0.05665,0.00016,0.94278,0.00041
106.13971,0.48529,0.05489,0.00017,0.94458,0.00036
106.24265,0.48530,0.05405,0.00017,0.94540,0.00038
106.34559,0.48529,0.05610,0.00017,0.94335,0.00038
106.44853,0.48529,0.06373,0.00024,0.93554,0.00050
106.55147,0.48530,0.06132,0.00021,0.93799,0.00049
106.65441,0.48530,0.06166,0.00023,0.93761,0.00050
106.75735,0.48529,0.06397,0.00023,0.93523,0.00057
106.86029,0.48530,0.06093,0.00018,0.93841,0.00048
106.96323,0.48530,0.06112,0.00019,0.93825,0.00044
107.06618,0.48529,0.06948,0.00019,0.92990,0.00043
107.16912,0.48529,0.08830,0.00019,0.91098,0.00053
107.27206,0.48530,0.14173,0.00026,0.85729,0.00073
107.37500,0.48529,0.38406,0.00036,0.61396,0.00162
107.47794,0.48529,0.71740,0.00016,0.28047,0.00197
107.58088,0.48530,0.99975,0.00000,0.00008,0.00017
107.68382,0.48530,0.99876,0.00000,0.00103,0.00021
107.78677,0.48529,0.99810,0.00006,0.00064,0.00120
107.88971,0.48529,0.77885,0.00100,0.00142,0.21873
107.99265,0.48530,0.25505,0.00007,0.00002,0.74486
108.09559,0.48529,0.03769,0.00107,0.00006,0.96119
108.19853,0.48529,0.99625,0.00000,0.00000,0.00375
108.30147,0.48530,0.99924,0.00000,0.00053,0.00022
108.40441,0.48530,0.99651,0.00001,0.00278,0.00070
108.50735,0.48529,0.99670,0.00001,0.00313,0.00016
108.61029,0.48530,0.34971,0.00083,0.64833,0.00113
108.71323,0.48530,0.11235,0.00031,0.88653,0.00081
108.81618,0.48529,0.08096,0.00028,0.91798,0.00079
108.91912,0.48529,0.07380,0.00024,0.92523,0.00073
109.02206,0.48530,0.06928,0.00023,0.92987,0.00062
109.12500,0.48529,0.07133,0.00025,0.92771,0.00072
109.22794,0.48529,0.07044,0.00023,0.92875,0.00058
109.33088,0.48530,0.06322,0.00018,0.93613,0.00048
109.43382,0.48530,0.06503,0.00017,0.93437,0.00043
109.53677,0.48529,0.06342,0.00019,0.93589,0.00049
109.63971,0.48529,0.06968,0.00025,0.92949,0.00058
109.74265,0.48530,0.07056,0.00026,0.92851,0.00066
109.84559,0.48529,0.06981,0.00023,0.92935,0.00060
109.94853,0.48529,0.07346,0.00027,0.92551,0.00075
110.05147,0.48530,0.07183,0.00021,0.92739,0.00057
110.15441,0.48530,0.06855,0.00018,0.93079,0.00048
110.25735,0.48529,0.07390,0.00022,0.92535,0.00053
110.36029,0.48530,0.08049,0.00022,0.91872,0.00058
110.46323,0.48530,0.08363,0.00022,0.91550,0.00065
110.56618,0.48529,0.10190,0.00033,0.89688,0.00089
110.66912,0.48529,0.16094,0.00037,0.83749,0.00120
110.77206,0.48530,0.26621,0.00037,0.73177,0.00164
110.87500,0.48529,0.56244,0.00026,0.43504,0.00226
110.97794,0.48529,0.96993,0.00002,0.02948,0.00057
111.08088,0.48530,0.99755,0.00000,0.00173,0.00072
111.18382,0.48530,0.71295,0.00052,0.28506,0.00148
111.28677,0.48529,0.97650,0.00005,0.00058,0.02287
111.38971,0.48529,0.22442,0.00009,0.00005,0.77544
111.49265,0.48530,0.06205,0.00062,0.00004,0.93729
111.59559,0.48529,0.08320,0.00062,0.00005,0.91612
111.69853,0.48529,0.59573,0.00002,0.00001,0.40424
111.80147,0.48530,0.99956,0.00000,0.00003,0.00040
111.90441,0.48530,0.99789,0.00000,0.00187,0.00024
112.00735,0.48529,0.99903,0.00000,0.00092,0.00004
112.11029,0.48530,0.99998,0.00000,0.00001,0.00000
112.21323,0.48530,0.25477,0.00077,0.74302,0.00144
112.31618,0.48529,0.11565,0.00038,0.88291,0.00106
112.41912,0.48529,0.07436,0.00022,0.92473,0.00070
112.52206,0.48530,0.07072,0.00021,0.92850,0.00057
112.62500,0.48529,0.06861,0.00019,0.93069,0.00052
112.72794,0.48529,0.06901,0.00018,0.93034,0.00046
112.83088,0.48530,0.06589,0.00017,0.93347,0.00047
112.93382,0.48530,0.07126,0.00021,0.92794,0.00059
113.03677,0.48529,0.07371,0.00028,0.92527,0.00073
113.13971,0.48529,0.07319,0.00023,0.92594,0.00064
113.24265,0.48530,0.07576,0.00025,0.92326,0.00072
113.34559,0.48529,0.07607,0.00026,0.92296,0.00071
113.44853,0.48529,0.07761,0.00020,0.92162,0.00056
113.55147,0.48530,0.08039,0.00022,0.91879,0.00060
113.65441,0.48530,0.08173,0.00025,0.91737,0.00065
113.75735,0.48529,0.08729,0.00024,0.91178,0.00070
113.86029,0.48530,0.08705,0.00025,0.91191,0.00079
113.96323,0.48530,0.10188,0.00039,0.89659,0.00115
114.06618,0.48529,0.11637,0.00040,0.88210,0.00114
114.16912,0.48529,0.21540,0.00035,0.78277,0.00148
114.27206,0.48530,0.41893,0.00029,0.57891,0.00188
114.37500,0.48529,0.84608,0.00007,0.15257,0.00127
114.47794,0.48529,0.98283,0.00012,0.00399,0.01306
114.58088,0.48530,0.99010,0.00027,0.00858,0.00105
114.68382,0.48530,0.96676,0.00049,0.01401,0.01875
114.78677,0.48529,0.33613,0.00383,0.00122,0.65883
114.88971,0.48529,0.99176,0.00008,0.00000,0.00816
114.99265,0.48530,0.99885,0.00000,0.00075,0.00040
115.09559,0.48529,0.99617,0.00001,0.00230,0.00152
115.19853,0.48529,0.99317,0.00002,0.00646,0.00035
115.30147,0.48530,0.69399,0.00192,0.30263,0.00146
115.40441,0.48530,0.17241,0.00052,0.82559,0.00148
115.50735,0.48529,0.09241,0.00024,0.90655,0.00080
115.61029,0.48530,0.08461,0.00021,0.91448,0.00070
115.71323,0.48530,0.08528,0.00022,0.91382,0.00068
115.81618,0.48529,0.09024,0.00028,0.90867,0.00081
115.91912,0.48529,0.08774,0.00023,0.91127,0.00076
116.02206,0.48530,0.08802,0.00029,0.91082,0.00087
116.12500,0.48529,0.09426,0.00035,0.90427,0.00112
116.22794,0.48529,0.08666,0.00028,0.91220,0.00087
116.33088,0.48530,0.08722,0.00028,0.91161,0.00088
116.43382,0.48530,0.08890,0.00028,0.90995,0.00086
116.53677,0.48529,0.08245,0.00023,0.91667,0.00065
116.63971,0.48529,0.08747,0.00023,0.91161,0.00068
116.74265,0.48530,0.09012,0.00026,0.90880,0.00082
116.84559,0.48529,0.10254,0.00040,0.89599,0.00107
116.94853,0.48529,0.11022,0.00038,0.88828,0.00111
117.05147,0.48530,0.15971,0.00035,0.83863,0.00131
117.15441,0.48530,0.31841,0.00032,0.67938,0.00189
117.25735,0.48529,0.90548,0.00006,0.09327,0.00119
117.36029,0.48530,0.99936,0.00001,0.00010,0.00053
117.46323,0.48530,0.92464,0.00128,0.06764,0.00644
117.56618,0.48529,0.98181,0.00084,0.00941,0.00794
117.66912,0.48529,0.41020,0.00032,0.00020,0.58928
117.77206,0.48530,0.18783,0.00006,0.00000,0.81211
117.87500,0.48529,0.99994,0.00000,0.00001,0.00005
117.97794,0.48529,0.99763,0.00000,0.00130,0.00108
118.08088,0.48530,0.99071,0.00000,0.00840,0.00089
118.18382,0.48530,0.99987,0.00001,0.00003,0.00009
118.28677,0.48529,0.30950,0.00093,0.68800,0.00157
118.38971,0.48529,0.11505,0.00041,0.88341,0.00113
118.49265,0.48530,0.08459,0.00026,0.91433,0.00082
118.59559,0.48529,0.07380,0.00022,0.92536,0.00063
118.69853,0.48529,0.06870,0.00017,0.93063,0.00049
118.80147,0.48530,0.07279,0.00022,0.92643,0.00056
118.90441,0.48530,0.06509,0.00017,0.93430,0.00044
119.00735,0.48529,0.06615,0.00020,0.93312,0.00054
119.11029,0.48530,0.07017,0.00023,0.92896,0.00064
119.21323,0.48530,0.07386,0.00026,0.92518,0.00070
119.31618,0.48529,0.06758,0.00023,0.93158,0.00062
119.41912,0.48529,0.07036,0.00021,0.92883,0.00060
119.52206,0.48530,0.06366,0.00019,0.93565,0.00049
