Time(Seconds),Length(Seconds),Label(string),Confidence(double),Comment(string)
0.0132536,4.368644,Dry,1,
4.6304219,24.6598131,Wet,1,
31.1911263,1.4310012,Wet,1,
34.4857572,1.2646057,Wet,1,
36.4521194,0.6438366,Touch,1,
37.7138299,1.4975595,Wet,1,
39.8794112,0.6568433,Touch,1,
41.075019,3.3611891,Wet,1,
44.9952503,0.6113195,Touch,1,
46.3331168,2.7954444,Wet,1,
49.7743826,0.5592924,Touch,1,
51.1585863,2.030025,Wet,1,
53.8911954,0.3576869,Touch,1,
54.9516152,2.3628161,Wet,1,
58.019686,0.5202719,Touch,1,
59.2446191,2.1964205,Wet,1,
62.3791982,0.4487346,Touch,1,
63.4710648,2.2296997,Wet,1,
66.5384339,0.4942583,Touch,1,
67.6642314,2.362816,Wet,1,
70.6166692,0.4487345,Touch,1,
71.5872026,2.1631415,Wet,1,
74.5530174,0.4747481,Touch,1,
75.6139737,2.2296996,Wet,1,
78.3822104,0.4292243,Touch,1,
79.5741866,1.697234,Wet,1,
82.0241144,0.5137685,Touch,1,
83.3014458,1.6306759,Wet,1,
85.6902794,0.4747482,Touch,1,
86.8290303,2.0300251,Wet,1,
89.5286336,0.5788025,Touch,1,
90.9889179,1.5973967,Wet,1,
93.3956593,0.6373332,Touch,1,
94.6496188,1.8969087,Wet,1,
97.1621744,0.6308298,Touch,1,
98.4963911,1.9634669,Wet,1,
101.1962148,0.7283807,Touch,1,
102.2569294,2.0965832,Wet,1,
105.0158036,0.8324352,Touch,1,
106.3169796,2.5292116,Wet,1,
109.7892992,0.8649522,Touch,1,
111.4973014,3.2280726,Wet,1,
115.881393,0.877959,Touch,1,
117.2878648,1.8636296,Wet,1,
119.8715404,0.9234828,Touch,1,
121.5143105,1.7305132,Wet,1,
123.5125778,0.8064215,Touch,1,
125.0751742,1.6639549,Wet,1,
127.3886042,0.8519454,Touch,1,
128.6360379,1.1980475,Wet,1,
