Time(Seconds),Length(Seconds),Label(string),Confidence(double),Comment(string)
0.0329583,1.9035984,Dry,1,
2.3487777,0.35974019999999995,Touch,1,
2.9241763,0.6345328,Dry,1,
3.9238820000000003,0.31189639999999996,Touch,1,
4.5053911,0.6294156,Dry,1,
5.5091062,0.2814198,Touch,1,
6.0507855,0.460548,Dry,1,
6.853105,0.3354190999999999,Touch,1,
7.4868385,0.4400791,Dry,1,
8.272279300000001,0.31023780000000006,Touch,1,
8.8889513,0.4349619,Dry,1,
9.6284314,0.318017,Touch,1,
10.2091888,0.4758996,Dry,1,
10.9899692,0.3430227,Touch,1,
11.5600431,0.5526575,Dry,1,
12.3717389,0.3216537,Touch,1,
12.9672731,0.434962,Dry,1,
13.671129899999999,0.31902929999999996,Touch,1,
14.2465731,0.5833607,Dry,1,
15.0651228,0.3113873,Touch,1,
15.6333343,0.4503135,Dry,1,
16.3845837,0.32340329999999995,Touch,1,
16.96676,0.3479696,Dry,1,
17.6396415,0.284919,Touch,1,
18.2307085,0.4707824,Dry,1,
18.96163,0.2569757999999999,Touch,1,
19.5662977,0.48101679999999997,Dry,1,
20.253379,0.2964723,Touch,1,
20.7893085,0.5168371,Dry,1,
21.5668102,0.2829381,Touch,1,
22.1197805,0.4963683,Dry,1,
22.858696600000002,0.3548457,Touch,1,
23.5409303,0.1739847,Dry,1,
24.019289800000003,0.3747347,Touch,1,
25.1381308,0.3018585000000001,Touch,1,
25.7413263,0.4963683,Dry,1,
26.509704099999997,0.22277159999999996,Touch,1,
26.9592199,0.6754703,Dry,1,
27.8179804,0.4131250999999999,Touch,1,
28.479455,0.3940243,Dry,1,
29.0982585,0.3891873000000001,Touch,1,
29.7536378,0.3530867,Dry,1,
30.3135885,0.4460858,Touch,1,
31.0175862,0.4605479,Dry,1,
31.654456800000002,0.3867003,Touch,1,
32.2723523,0.4810167,Dry,1,
32.9764046,0.3619815,Touch,1,
34.1723517,0.37984609999999985,Touch,1,
35.494437,0.34126799999999996,Touch,1,
36.1869178,0.3735555,Dry,1,
36.765241200000006,0.28528760000000003,Touch,1,
37.947654,0.2444101999999999,Touch,1,
39.0918138,0.2960601,Touch,1,
39.6481057,0.4451964,Dry,1,
40.3450785,0.2542574,Touch,1,
40.8199445,0.6089467,Dry,1,
41.6378397,0.29421660000000005,Touch,1,
42.1576301,0.3786728,Dry,1,
42.847920900000005,0.27152219999999994,Touch,1,
43.3959925,0.3121492,Dry,1,
44.0600204,0.20608280000000007,Touch,1,
44.7059957,0.3172663,Dry,1,
45.349444600000005,0.24277409999999994,Touch,1,
45.9229236,0.4247276,Dry,1,
46.582508000000004,0.29023010000000005,Touch,1,
47.1459344,0.4451964,Dry,1,
47.8542233,0.2939918,Touch,1,
48.4252344,0.3735555,Dry,1,
49.0159379,0.32363129999999996,Touch,1,
49.515198,0.5987124,Dry,1,
50.3038154,0.2921735000000001,Touch,1,
50.7996152,0.5987124,Dry,1,
51.5917346,0.2979605,Touch,1,
52.109284,0.5731263,Dry,1,
52.876553300000005,0.283782,Touch,1,
53.3988184,0.5628919,Dry,1,
54.1691024,0.2564984,Touch,1,
54.6832356,0.5219543,Dry,1,
55.4517709,0.3060216,Touch,1,
56.0034732,0.4605479,Dry,1,
56.6795848,0.47517599999999993,Touch,1,
57.3400791,0.6754704,Dry,1,
58.214992900000006,0.7819436000000001,Touch,1,
59.2283259,0.5935951,Dry,1,
60.0681649,0.5216803999999999,Touch,1,
60.7641957,0.5424231,Dry,1,
61.5424759,0.21664919999999996,Touch,1,
61.9616205,0.6396499,Dry,1,
62.85466,0.20470280000000005,Touch,1,
63.2869753,0.665236,Dry,1,
64.2152101,0.21747570000000002,Touch,1,
64.659608,0.6242984,Dry,1,
65.5955188,0.2250408,Touch,1,
66.0463692,0.6447672,Dry,1,
66.9337475,0.25534139999999994,Touch,1,
67.4343535,0.5219543,Dry,1,
68.224395,0.2555067,Touch,1,
68.7494739,0.5731264,Dry,1,
69.55526400000001,0.21408619999999998,Touch,1,
70.0850631,0.5014855,Dry,1,
70.8794778,0.22532959999999996,Touch,1,
71.3582507,0.7061735,Dry,1,
72.33650970000001,0.18634849999999994,Touch,1,
72.7961839,0.6703531,Dry,1,
73.7204148,0.24542030000000006,Touch,1,
74.2034139,0.5321888,Dry,1,
75.0215625,0.2693128999999999,Touch,1,
75.5185343,0.4042588,Dry,1,
76.3153103,0.2778281999999999,Touch,1,
76.9491161,0.3172664,Dry,1,
77.6096777,0.23095139999999997,Touch,1,
78.1772441,0.460548,Dry,1,
78.8960723,0.22760359999999993,Touch,1,
79.3695517,0.6345328,Dry,1,
80.18944789999999,0.24471749999999995,Touch,1,
80.7460785,0.4810168,Dry,1,
81.48112880000001,0.2507115,Touch,1,
81.9946753,0.4912512,Dry,1,
82.7435009,0.269024,Touch,1,
83.2826775,0.5782435,Dry,1,
84.0779663,0.26803219999999994,Touch,1,
84.5619775,0.562892,Dry,1,
85.4059417,0.2787797999999999,Touch,1,
85.9385043,0.5168371,Dry,1,
86.70688249999999,0.26042539999999986,Touch,1,
87.2331559,0.4349619,Dry,1,
87.9762821,0.2989523,Touch,1,
88.5738623,0.4451964,Dry,1,
89.2754864,0.26613049999999994,Touch,1,
89.773114,0.4758995,Dry,1,
90.50070050000001,0.249389,Touch,1,
90.9858904,0.6191811,Dry,1,
91.8302054,0.2769197,Touch,1,
92.3265968,0.5833607,Dry,1,
93.1362719,0.25736669999999995,Touch,1,
93.6366,0.4861339,Dry,1,
94.4079038,0.2784490999999999,Touch,1,
94.9466032,0.4707824,Dry,1,
95.6780063,0.23992229999999998,Touch,1,
96.1714626,0.5321888,Dry,1,
96.9539375,0.2649317,Touch,1,
97.5148377,0.4451964,Dry,1,
98.2584746,0.2775809,Touch,1,
98.828017,0.4042587,Dry,1,
99.5277089,0.24641210000000002,Touch,1,
100.0100901,0.6089468,Dry,1,
100.85121980000001,0.2592682999999999,Touch,1,
101.2893902,0.5680092,Dry,1,
102.1285151,0.26253419999999994,Touch,1,
102.6203125,0.5577748,Dry,1,
103.47203329999999,0.2794827,Touch,1,
103.9712533,0.5833607,Dry,1,
104.7505366,0.3044921,Touch,1,
105.3273113,0.5475403,Dry,1,
106.049452,0.2710910999999999,Touch,1,
106.5858494,0.537306,Dry,1,
107.4289342,0.2193356999999999,Touch,1,
107.9981966,0.3735556,Dry,1,
108.65335870000001,0.2936195,Touch,1,
109.2007386,0.5987124,Dry,1,
109.99328050000001,0.26918929999999996,Touch,1,
110.5113042,0.6038295,Dry,1,
111.30463809999999,0.24504810000000005,Touch,1,
111.8161902,0.5782436,Dry,1,
112.64336109999999,0.25773899999999994,Touch,1,
113.1210762,0.7317595,Dry,1,
114.0062254,0.2182202,Touch,1,
114.395259,0.5782436,Dry,1,
115.2565396,0.24455210000000002,Touch,1,
115.7308029,0.5321888,Dry,1,
116.56620249999999,0.33148529999999987,Touch,1,
117.1124469,0.6447672,Dry,1,
117.93262150000001,0.3178025,Touch,1,
118.4736221,0.5424232,Dry,1,
119.2580341,0.3599675,Touch,1,
119.8155104,0.5475404,Dry,1,
120.587332,0.3474836,Touch,1,
121.1715684,0.5577748,Dry,1,
121.9736507,0.31258249999999993,Touch,1,
122.4831015,0.5731263,Dry,1,
