Time (seconds), Duration (seconds),pred_unlabelled,pred_Dry,pred_Wet,pred_Touch
0.00735,0.48529,0.05114,0.00019,0.94829,0.00039
0.11029,0.48529,0.05821,0.00023,0.94108,0.00048
0.21324,0.48529,0.05773,0.00024,0.94161,0.00042
0.31618,0.48529,0.05225,0.00020,0.94719,0.00036
0.41912,0.48529,0.05946,0.00028,0.93977,0.00049
0.52206,0.48529,0.05396,0.00023,0.94536,0.00044
0.62500,0.48529,0.05399,0.00022,0.94540,0.00040
0.72794,0.48529,0.05852,0.00024,0.94074,0.00049
0.83088,0.48529,0.05685,0.00022,0.94244,0.00049
0.93382,0.48529,0.06071,0.00023,0.93858,0.00048
1.03676,0.48529,0.06189,0.00025,0.93736,0.00049
1.13971,0.48529,0.06859,0.00022,0.93074,0.00045
1.24265,0.48529,0.07301,0.00022,0.92631,0.00046
1.34559,0.48529,0.09491,0.00026,0.90425,0.00058
1.44853,0.48529,0.15582,0.00032,0.84298,0.00088
1.55147,0.48529,0.27055,0.00045,0.72749,0.00151
1.65441,0.48529,0.39110,0.00038,0.60671,0.00181
1.75735,0.48529,0.96920,0.00004,0.02953,0.00122
1.86029,0.48529,0.99650,0.00002,0.00128,0.00219
1.96324,0.48529,0.97374,0.00040,0.02473,0.00112
2.06618,0.48529,0.12031,0.00000,0.00108,0.87861
2.16912,0.48529,0.98762,0.00000,0.00019,0.01219
2.27206,0.48529,0.99903,0.00000,0.00093,0.00004
2.37500,0.48529,0.98246,0.00000,0.01746,0.00008
2.47794,0.48529,1.00000,0.00000,0.00000,0.00000
2.58088,0.48529,0.22024,0.00065,0.77819,0.00092
2.68382,0.48529,0.06868,0.00021,0.93058,0.00054
2.78676,0.48529,0.06914,0.00026,0.92995,0.00065
2.88971,0.48529,0.08926,0.00029,0.90973,0.00073
2.99265,0.48529,0.13279,0.00026,0.86620,0.00075
3.09559,0.48529,0.17602,0.00027,0.82281,0.00090
3.19853,0.48529,0.30813,0.00034,0.69013,0.00140
3.30147,0.48529,0.43931,0.00030,0.55824,0.00215
3.40441,0.48529,0.99977,0.00000,0.00000,0.00023
3.50735,0.48529,0.99874,0.00000,0.00113,0.00013
3.61029,0.48529,0.99945,0.00000,0.00037,0.00018
3.71324,0.48529,0.14176,0.00001,0.00020,0.85803
3.81618,0.48529,0.99481,0.00000,0.00002,0.00516
3.91912,0.48529,0.99364,0.00000,0.00548,0.00089
4.02206,0.48529,0.97980,0.00000,0.01992,0.00028
4.12500,0.48529,0.99999,0.00000,0.00000,0.00000
4.22794,0.48529,0.19136,0.00045,0.80740,0.00079
4.33088,0.48529,0.07379,0.00018,0.92555,0.00048
4.43382,0.48529,0.08102,0.00022,0.91816,0.00060
4.53676,0.48529,0.12604,0.00032,0.87268,0.00096
4.63971,0.48529,0.13091,0.00037,0.86758,0.00114
4.74265,0.48529,0.15681,0.00057,0.84102,0.00160
4.84559,0.48529,0.15513,0.00047,0.84287,0.00153
4.94853,0.48529,0.23965,0.00041,0.75818,0.00177
5.05147,0.48529,0.86652,0.00008,0.13199,0.00140
5.15441,0.48529,0.99933,0.00000,0.00052,0.00016
5.25735,0.48529,0.35566,0.00003,0.64412,0.00020
5.36029,0.48529,0.98298,0.00001,0.00787,0.00915
5.46324,0.48529,0.58541,0.00000,0.00003,0.41457
5.56618,0.48529,0.99869,0.00000,0.00103,0.00028
5.66912,0.48529,0.99690,0.00002,0.00246,0.00062
5.77206,0.48529,0.99642,0.00002,0.00329,0.00028
5.87500,0.48529,0.78419,0.00284,0.21137,0.00161
5.97794,0.48529,0.33581,0.00091,0.66124,0.00203
6.08088,0.48529,0.16072,0.00039,0.83779,0.00110
6.18382,0.48529,0.12616,0.00023,0.87271,0.00089
6.28676,0.48529,0.28420,0.00031,0.71384,0.00165
6.38971,0.48529,0.50160,0.00027,0.49576,0.00237
6.49265,0.48529,0.92947,0.00005,0.06944,0.00104
6.59559,0.48529,0.99849,0.00001,0.00060,0.00090
6.69853,0.48529,0.86853,0.00119,0.12643,0.00386
6.80147,0.48529,0.99082,0.00040,0.00266,0.00612
6.90441,0.48529,0.14260,0.00002,0.00005,0.85733
7.00735,0.48529,0.99979,0.00000,0.00003,0.00018
7.11029,0.48529,0.99835,0.00000,0.00143,0.00022
7.21324,0.48529,0.95196,0.00000,0.04746,0.00058
7.31618,0.48529,1.00000,0.00000,0.00000,0.00000
7.41912,0.48529,0.49936,0.00122,0.49785,0.00157
7.52206,0.48529,0.19791,0.00044,0.80029,0.00137
7.62500,0.48529,0.12412,0.00038,0.87435,0.00114
7.72794,0.48529,0.11834,0.00039,0.87999,0.00128
7.83088,0.48529,0.11208,0.00034,0.88646,0.00111
7.93382,0.48529,0.20180,0.00042,0.79595,0.00183
8.03677,0.48529,0.35266,0.00033,0.64490,0.00212
8.13971,0.48529,0.85953,0.00008,0.13901,0.00137
8.24265,0.48529,0.99802,0.00001,0.00088,0.00109
8.34559,0.48529,0.92569,0.00194,0.06836,0.00401
8.44853,0.48529,0.96047,0.00071,0.01824,0.02059
8.55147,0.48529,0.20777,0.00002,0.00002,0.79219
8.65441,0.48529,0.99895,0.00000,0.00020,0.00085
8.75735,0.48529,0.99530,0.00000,0.00328,0.00142
8.86029,0.48529,0.99856,0.00001,0.00132,0.00011
8.96323,0.48529,0.92785,0.00129,0.06992,0.00094
9.06618,0.48529,0.27498,0.00085,0.72208,0.00210
9.16912,0.48529,0.13360,0.00040,0.86462,0.00138
9.27206,0.48529,0.12039,0.00036,0.87802,0.00123
9.37500,0.48529,0.12327,0.00034,0.87539,0.00100
9.47794,0.48529,0.15448,0.00028,0.84408,0.00116
9.58088,0.48529,0.20661,0.00039,0.79136,0.00164
9.68382,0.48529,0.40272,0.00040,0.59432,0.00257
9.78677,0.48529,0.99473,0.00002,0.00407,0.00118
9.88971,0.48529,0.99394,0.00001,0.00485,0.00120
9.99265,0.48529,0.99668,0.00009,0.00234,0.00089
10.09559,0.48529,0.09196,0.00022,0.00036,0.90746
10.19853,0.48529,0.93439,0.00002,0.00012,0.06546
10.30147,0.48529,0.98833,0.00000,0.01059,0.00107
10.40441,0.48529,0.97352,0.00000,0.02537,0.00111
10.50735,0.48529,0.99085,0.00052,0.00497,0.00366
10.61029,0.48529,0.37912,0.00084,0.61886,0.00118
10.71323,0.48529,0.12272,0.00032,0.87606,0.00091
10.81618,0.48529,0.08581,0.00021,0.91333,0.00065
10.91912,0.48529,0.09111,0.00027,0.90785,0.00078
11.02206,0.48529,0.15288,0.00038,0.84550,0.00124
11.12500,0.48529,0.31537,0.00039,0.68259,0.00165
11.22794,0.48529,0.61735,0.00022,0.38021,0.00222
11.33088,0.48529,0.99817,0.00003,0.00127,0.00053
11.43382,0.48529,0.99869,0.00001,0.00081,0.00050
11.53677,0.48529,0.99862,0.00008,0.00113,0.00017
11.63971,0.48529,0.05924,0.00013,0.00003,0.94060
11.74265,0.48529,0.99993,0.00000,0.00000,0.00007
11.84559,0.48529,0.99742,0.00000,0.00203,0.00055
11.94853,0.48529,0.98785,0.00000,0.01098,0.00117
12.05147,0.48529,0.99800,0.00027,0.00056,0.00117
12.15441,0.48529,0.30116,0.00093,0.69644,0.00147
12.25735,0.48529,0.09592,0.00028,0.90296,0.00084
12.36029,0.48529,0.07760,0.00022,0.92151,0.00067
12.46323,0.48529,0.07842,0.00022,0.92076,0.00061
12.56618,0.48529,0.07739,0.00016,0.92200,0.00046
12.66912,0.48529,0.14424,0.00028,0.85461,0.00087
12.77206,0.48529,0.44776,0.00021,0.55056,0.00147
12.87500,0.48529,0.99991,0.00000,0.00002,0.00007
12.97794,0.48529,0.99141,0.00007,0.00775,0.00077
13.08088,0.48529,0.99964,0.00006,0.00025,0.00004
13.18382,0.48529,0.03357,0.00006,0.00005,0.96632
13.28677,0.48529,0.99988,0.00000,0.00001,0.00011
13.38971,0.48529,0.99821,0.00001,0.00071,0.00108
13.49265,0.48529,0.99950,0.00000,0.00046,0.00004
13.59559,0.48529,0.99607,0.00011,0.00365,0.00018
13.69853,0.48529,0.19640,0.00049,0.80236,0.00075
13.80147,0.48529,0.07514,0.00020,0.92419,0.00047
13.90441,0.48529,0.06854,0.00019,0.93080,0.00047
14.00735,0.48529,0.08675,0.00033,0.91218,0.00075
14.11029,0.48529,0.13892,0.00037,0.85977,0.00094
14.21323,0.48529,0.47411,0.00020,0.52446,0.00123
14.31618,0.48529,0.99984,0.00000,0.00002,0.00014
14.41912,0.48529,0.98048,0.00024,0.01814,0.00114
14.52206,0.48529,0.99974,0.00002,0.00019,0.00005
14.62500,0.48529,0.16535,0.00000,0.00007,0.83458
14.72794,0.48529,0.99984,0.00000,0.00014,0.00002
14.83088,0.48529,0.99454,0.00000,0.00455,0.00090
14.93382,0.48529,0.99850,0.00001,0.00143,0.00006
15.03677,0.48529,0.78534,0.00154,0.21227,0.00085
15.13971,0.48529,0.22388,0.00072,0.77411,0.00130
15.24265,0.48529,0.07443,0.00020,0.92476,0.00061
15.34559,0.48529,0.08111,0.00027,0.91778,0.00083
15.44853,0.48529,0.08535,0.00027,0.91366,0.00072
15.55147,0.48529,0.12327,0.00024,0.87581,0.00068
15.65441,0.48529,0.50733,0.00018,0.49132,0.00117
15.75735,0.48529,0.99740,0.00039,0.00140,0.00082
15.86029,0.48529,0.99948,0.00000,0.00029,0.00022
15.96323,0.48530,0.99173,0.00076,0.00637,0.00114
16.06618,0.48529,0.08693,0.00013,0.00008,0.91286
16.16912,0.48529,0.99996,0.00000,0.00000,0.00004
16.27206,0.48529,0.99329,0.00000,0.00451,0.00220
16.37500,0.48529,0.98807,0.00000,0.01118,0.00075
16.47794,0.48529,0.99981,0.00002,0.00005,0.00012
16.58088,0.48529,0.35512,0.00096,0.64249,0.00143
16.68382,0.48529,0.10081,0.00025,0.89817,0.00077
16.78676,0.48529,0.08050,0.00022,0.91869,0.00059
16.88971,0.48529,0.09888,0.00024,0.90017,0.00071
16.99265,0.48529,0.21729,0.00037,0.78102,0.00132
17.09559,0.48529,0.47782,0.00020,0.52040,0.00157
17.19853,0.48529,0.99997,0.00000,0.00000,0.00003
17.30147,0.48529,0.99683,0.00004,0.00279,0.00035
17.40441,0.48529,0.99786,0.00009,0.00145,0.00061
17.50735,0.48529,0.60463,0.00106,0.00113,0.39319
17.61029,0.48529,0.10065,0.00006,0.00000,0.89929
17.71324,0.48529,0.99929,0.00000,0.00006,0.00065
17.81618,0.48529,0.99951,0.00000,0.00045,0.00004
17.91912,0.48529,0.99927,0.00000,0.00069,0.00003
18.02206,0.48529,0.99674,0.00002,0.00306,0.00018
18.12500,0.48529,0.15382,0.00032,0.84499,0.00087
18.22794,0.48529,0.09978,0.00024,0.89920,0.00078
18.33088,0.48529,0.18055,0.00034,0.81791,0.00120
18.43382,0.48529,0.40252,0.00029,0.59522,0.00197
18.53676,0.48529,0.81455,0.00011,0.18380,0.00155
18.63971,0.48529,0.98908,0.00125,0.00625,0.00341
18.74265,0.48529,0.99872,0.00001,0.00064,0.00064
18.84559,0.48529,0.99721,0.00041,0.00173,0.00064
18.94853,0.48529,0.70393,0.00403,0.00055,0.29150
19.05147,0.48529,0.10511,0.00088,0.00001,0.89400
19.15441,0.48529,0.58951,0.00027,0.00001,0.41022
19.25735,0.48529,0.99954,0.00000,0.00013,0.00033
19.36029,0.48529,0.99653,0.00001,0.00185,0.00160
19.46324,0.48529,0.99883,0.00000,0.00109,0.00008
19.56618,0.48529,0.97609,0.00020,0.02314,0.00057
19.66912,0.48529,0.24763,0.00066,0.74977,0.00193
19.77206,0.48529,0.14413,0.00035,0.85406,0.00146
19.87500,0.48529,0.25678,0.00031,0.74097,0.00194
19.97794,0.48529,0.84791,0.00007,0.15073,0.00129
20.08088,0.48529,0.99922,0.00000,0.00017,0.00060
20.18382,0.48529,0.96959,0.00033,0.02772,0.00235
20.28676,0.48529,0.99920,0.00027,0.00045,0.00009
20.38971,0.48529,0.29753,0.00193,0.00239,0.69815
20.49265,0.48529,0.98504,0.00001,0.00002,0.01493
20.59559,0.48529,0.99975,0.00000,0.00013,0.00012
20.69853,0.48529,0.99443,0.00000,0.00408,0.00149
20.80147,0.48529,0.99856,0.00001,0.00138,0.00005
20.90441,0.48529,0.79768,0.00218,0.19896,0.00118
21.00735,0.48529,0.19071,0.00059,0.80732,0.00139
21.11029,0.48529,0.09468,0.00030,0.90402,0.00100
21.21324,0.48529,0.12348,0.00032,0.87520,0.00099
21.31618,0.48529,0.23993,0.00030,0.75846,0.00131
21.41912,0.48529,0.47339,0.00023,0.52460,0.00178
21.52206,0.48529,0.97562,0.00001,0.02389,0.00047
21.62500,0.48529,0.99702,0.00001,0.00182,0.00115
21.72794,0.48529,0.91656,0.00064,0.08154,0.00126
21.83088,0.48529,0.92423,0.00015,0.00085,0.07477
21.93382,0.48529,0.07231,0.00004,0.00001,0.92764
22.03676,0.48529,0.99901,0.00005,0.00008,0.00086
22.13971,0.48529,0.99842,0.00000,0.00139,0.00020
22.24265,0.48529,0.97844,0.00002,0.01864,0.00290
22.34559,0.48529,0.98788,0.00013,0.01097,0.00102
22.44853,0.48529,0.41727,0.00134,0.57937,0.00202
22.55147,0.48529,0.15158,0.00043,0.84662,0.00137
22.65441,0.48529,0.09970,0.00024,0.89931,0.00075
22.75735,0.48529,0.18853,0.00029,0.80999,0.00118
22.86029,0.48529,0.43833,0.00023,0.55967,0.00178
22.96324,0.48529,0.99987,0.00000,0.00000,0.00013
23.06618,0.48529,0.99834,0.00000,0.00138,0.00027
23.16912,0.48529,0.99897,0.00001,0.00054,0.00049
23.27206,0.48529,0.85159,0.00021,0.00128,0.14692
23.37500,0.48529,0.60868,0.00000,0.00001,0.39130
23.47794,0.48529,0.99958,0.00000,0.00016,0.00026
23.58088,0.48529,0.99030,0.00000,0.00699,0.00271
23.68382,0.48529,0.99865,0.00001,0.00123,0.00011
23.78676,0.48529,0.89591,0.00438,0.09835,0.00136
23.88971,0.48529,0.29486,0.00055,0.70355,0.00104
23.99265,0.48529,0.10478,0.00023,0.89425,0.00073
24.09559,0.48529,0.18028,0.00026,0.81836,0.00110
24.19853,0.48529,0.47817,0.00024,0.51961,0.00198
24.30147,0.48529,0.95546,0.00003,0.04373,0.00078
24.40441,0.48529,0.99897,0.00001,0.00015,0.00087
24.50735,0.48529,0.93498,0.00116,0.05900,0.00487
24.61029,0.48529,0.98384,0.00040,0.01192,0.00384
24.71324,0.48529,0.20220,0.00099,0.00055,0.79626
24.81618,0.48529,0.99706,0.00063,0.00002,0.00230
24.91912,0.48529,0.99962,0.00000,0.00028,0.00010
25.02206,0.48529,0.99302,0.00001,0.00330,0.00367
25.12500,0.48529,0.99723,0.00002,0.00259,0.00017
25.22794,0.48529,0.71526,0.00190,0.28147,0.00137
25.33088,0.48529,0.24292,0.00064,0.75475,0.00169
25.43382,0.48529,0.13614,0.00034,0.86230,0.00122
25.53676,0.48529,0.20312,0.00027,0.79525,0.00136
25.63971,0.48529,0.49890,0.00031,0.49829,0.00251
25.74265,0.48529,0.98163,0.00002,0.01774,0.00061
25.84559,0.48529,0.99459,0.00002,0.00241,0.00298
25.94853,0.48529,0.99073,0.00036,0.00786,0.00105
26.05147,0.48529,0.86709,0.00068,0.00352,0.12871
26.15441,0.48529,0.06244,0.00031,0.00010,0.93715
26.25735,0.48529,0.99726,0.00001,0.00000,0.00272
26.36029,0.48529,0.99884,0.00000,0.00077,0.00039
26.46324,0.48529,0.99644,0.00001,0.00206,0.00149
26.56618,0.48529,0.99289,0.00002,0.00679,0.00030
26.66912,0.48529,0.68325,0.00183,0.31338,0.00154
26.77206,0.48529,0.16182,0.00049,0.83608,0.00161
26.87500,0.48529,0.15181,0.00033,0.84652,0.00134
26.97794,0.48529,0.36611,0.00029,0.63159,0.00201
27.08088,0.48529,0.76123,0.00014,0.23674,0.00189
27.18382,0.48529,0.99293,0.00063,0.00346,0.00298
27.28676,0.48529,0.99927,0.00000,0.00042,0.00031
27.38971,0.48529,0.99601,0.00036,0.00311,0.00052
27.49265,0.48529,0.17629,0.00092,0.00020,0.82259
27.59559,0.48529,0.99926,0.00011,0.00001,0.00062
27.69853,0.48529,0.99511,0.00000,0.00408,0.00080
27.80147,0.48529,0.96593,0.00001,0.03201,0.00205
27.90441,0.48529,0.99684,0.00007,0.00253,0.00056
28.00735,0.48529,0.55379,0.00155,0.44293,0.00173
28.11029,0.48529,0.13198,0.00040,0.86641,0.00121
28.21324,0.48529,0.08898,0.00024,0.91001,0.00077
28.31618,0.48529,0.11575,0.00027,0.88318,0.00080
28.41912,0.48529,0.15521,0.00026,0.84358,0.00094
28.52206,0.48529,0.38261,0.00024,0.61564,0.00151
28.62500,0.48529,0.99984,0.00000,0.00000,0.00016
28.72794,0.48529,0.99862,0.00000,0.00126,0.00012
28.83088,0.48529,0.99971,0.00000,0.00018,0.00011
28.93382,0.48529,0.74816,0.00034,0.00241,0.24909
29.03676,0.48529,0.79700,0.00000,0.00001,0.20299
29.13971,0.48529,0.99916,0.00000,0.00058,0.00026
29.24265,0.48529,0.99872,0.00001,0.00079,0.00048
29.34559,0.48529,0.99732,0.00001,0.00248,0.00019
29.44853,0.48529,0.65201,0.00145,0.34555,0.00098
29.55147,0.48529,0.13819,0.00032,0.86070,0.00079
29.65441,0.48529,0.09112,0.00022,0.90797,0.00068
29.75735,0.48529,0.11364,0.00027,0.88527,0.00082
29.86029,0.48529,0.24830,0.00028,0.75018,0.00125
29.96324,0.48529,0.50432,0.00025,0.49355,0.00189
30.06618,0.48529,0.79327,0.00017,0.20434,0.00222
30.16912,0.48529,0.98807,0.00037,0.00844,0.00311
30.27206,0.48529,0.99955,0.00000,0.00017,0.00028
30.37500,0.48529,0.99691,0.00035,0.00225,0.00049
30.47794,0.48529,0.08488,0.00025,0.00006,0.91481
30.58088,0.48529,0.99986,0.00000,0.00001,0.00013
30.68382,0.48529,0.99733,0.00001,0.00111,0.00155
30.78676,0.48529,0.99940,0.00000,0.00055,0.00005
30.88971,0.48529,0.98201,0.00020,0.01738,0.00040
30.99265,0.48529,0.27962,0.00076,0.71804,0.00158
31.09559,0.48529,0.10326,0.00030,0.89543,0.00101
31.19853,0.48529,0.14238,0.00034,0.85607,0.00120
31.30147,0.48529,0.39390,0.00027,0.60404,0.00179
31.40441,0.48529,0.90478,0.00004,0.09411,0.00106
31.50735,0.48529,0.99617,0.00005,0.00073,0.00305
31.61029,0.48529,0.98984,0.00041,0.00896,0.00078
31.71324,0.48529,0.99570,0.00099,0.00117,0.00213
31.81618,0.48529,0.22755,0.00036,0.00031,0.77178
31.91912,0.48529,0.87048,0.00009,0.00000,0.12943
32.02206,0.48529,0.99904,0.00000,0.00049,0.00047
32.12500,0.48529,0.99513,0.00001,0.00352,0.00134
32.22794,0.48529,0.99599,0.00001,0.00382,0.00017
32.33088,0.48529,0.76820,0.00142,0.22829,0.00209
32.43382,0.48529,0.22434,0.00063,0.77306,0.00197
32.53677,0.48529,0.14952,0.00035,0.84863,0.00150
32.63971,0.48529,0.26250,0.00034,0.73530,0.00185
32.74265,0.48529,0.51487,0.00030,0.48251,0.00232
32.84559,0.48529,0.99788,0.00000,0.00169,0.00043
32.94853,0.48529,0.99820,0.00000,0.00154,0.00026
33.05147,0.48529,0.99623,0.00011,0.00267,0.00099
33.15441,0.48529,0.89017,0.00105,0.01246,0.09632
33.25735,0.48529,0.15853,0.00012,0.00011,0.84124
33.36029,0.48529,0.98437,0.00009,0.00001,0.01553
33.46323,0.48529,0.99844,0.00000,0.00127,0.00030
33.56618,0.48529,0.99438,0.00001,0.00470,0.00091
33.66912,0.48529,0.99103,0.00006,0.00841,0.00049
33.77206,0.48529,0.56987,0.00156,0.42672,0.00184
33.87500,0.48529,0.25302,0.00069,0.74417,0.00212
33.97794,0.48529,0.15191,0.00029,0.84653,0.00127
34.08088,0.48529,0.26306,0.00029,0.73487,0.00178
34.18382,0.48529,0.69079,0.00013,0.30747,0.00161
34.28677,0.48529,0.99984,0.00000,0.00007,0.00009
34.38971,0.48529,0.99394,0.00002,0.00557,0.00048
34.49265,0.48529,0.99872,0.00014,0.00104,0.00009
34.59559,0.48529,0.17547,0.00200,0.00081,0.82173
34.69853,0.48529,0.99633,0.00004,0.00000,0.00362
34.80147,0.48529,0.99909,0.00000,0.00038,0.00052
34.90441,0.48529,0.99762,0.00001,0.00183,0.00054
35.00735,0.48529,0.99785,0.00001,0.00198,0.00016
35.11029,0.48529,0.78134,0.00405,0.21233,0.00227
35.21323,0.48529,0.28819,0.00064,0.70954,0.00163
35.31618,0.48529,0.13951,0.00025,0.85920,0.00104
35.41912,0.48529,0.27863,0.00032,0.71923,0.00182
35.52206,0.48529,0.75671,0.00014,0.24123,0.00192
35.62500,0.48529,0.98006,0.00005,0.00854,0.01136
35.72794,0.48529,0.99388,0.00005,0.00554,0.00053
35.83088,0.48529,0.98260,0.00077,0.01259,0.00404
35.93382,0.48529,0.50197,0.00031,0.00086,0.49686
36.03677,0.48529,0.93288,0.00004,0.00001,0.06707
36.13971,0.48529,0.99961,0.00000,0.00020,0.00020
36.24265,0.48529,0.98307,0.00000,0.01292,0.00402
36.34559,0.48529,0.99726,0.00001,0.00261,0.00011
36.44853,0.48529,0.77120,0.00328,0.22391,0.00161
36.55147,0.48529,0.31088,0.00066,0.68687,0.00159
36.65441,0.48529,0.16892,0.00037,0.82927,0.00144
36.75735,0.48529,0.17637,0.00033,0.82161,0.00169
36.86029,0.48529,0.34557,0.00039,0.65161,0.00243
36.96323,0.48529,0.88693,0.00005,0.11199,0.00103
37.06618,0.48529,0.97087,0.00006,0.00820,0.02087
37.16912,0.48529,0.99413,0.00032,0.00462,0.00092
37.27206,0.48529,0.97501,0.00042,0.01537,0.00920
37.37500,0.48529,0.31753,0.00324,0.00111,0.67812
37.47794,0.48529,0.99645,0.00067,0.00002,0.00286
37.58088,0.48529,0.99985,0.00000,0.00010,0.00006
37.68382,0.48529,0.99535,0.00000,0.00209,0.00256
37.78677,0.48529,0.99725,0.00002,0.00258,0.00015
37.88971,0.48529,0.56687,0.00121,0.43040,0.00152
37.99265,0.48529,0.19905,0.00050,0.79871,0.00174
38.09559,0.48529,0.20818,0.00035,0.78973,0.00174
38.19853,0.48529,0.42663,0.00034,0.57056,0.00247
38.30147,0.48529,0.96379,0.00002,0.03547,0.00072
38.40441,0.48529,0.99573,0.00001,0.00260,0.00166
38.50735,0.48529,0.86449,0.00183,0.12710,0.00657
38.61029,0.48529,0.98728,0.00024,0.00120,0.01128
38.71323,0.48529,0.15794,0.00016,0.00019,0.84171
38.81618,0.48529,0.99791,0.00008,0.00006,0.00196
38.91912,0.48529,0.99678,0.00000,0.00300,0.00023
39.02206,0.48529,0.98518,0.00002,0.01156,0.00324
39.12500,0.48529,0.99379,0.00010,0.00596,0.00015
39.22794,0.48529,0.54669,0.00132,0.45035,0.00164
39.33088,0.48529,0.27958,0.00078,0.71736,0.00229
39.43382,0.48529,0.14356,0.00033,0.85461,0.00151
39.53677,0.48529,0.26598,0.00042,0.73132,0.00228
39.63971,0.48529,0.64560,0.00020,0.35206,0.00213
39.74265,0.48529,0.99465,0.00002,0.00424,0.00109
39.84559,0.48529,0.99954,0.00000,0.00017,0.00028
39.94853,0.48529,0.99595,0.00081,0.00277,0.00047
40.05147,0.48529,0.48161,0.01097,0.00500,0.50242
40.15441,0.48529,0.31258,0.00013,0.00000,0.68729
40.25735,0.48529,0.99892,0.00000,0.00028,0.00080
40.36029,0.48529,0.99891,0.00000,0.00073,0.00035
40.46323,0.48529,0.99633,0.00001,0.00258,0.00108
40.56618,0.48529,0.98964,0.00025,0.00901,0.00110
40.66912,0.48529,0.35800,0.00122,0.63810,0.00268
40.77206,0.48529,0.20995,0.00052,0.78756,0.00197
40.87500,0.48529,0.18503,0.00037,0.81294,0.00165
40.97794,0.48529,0.26403,0.00034,0.73382,0.00180
41.08088,0.48529,0.67603,0.00010,0.32246,0.00142
41.18382,0.48529,0.99964,0.00000,0.00007,0.00029
41.28677,0.48529,0.98909,0.00003,0.01031,0.00057
41.38971,0.48529,0.99934,0.00010,0.00051,0.00005
41.49265,0.48529,0.34985,0.00160,0.00373,0.64482
41.59559,0.48529,0.69987,0.00004,0.00001,0.30008
41.69853,0.48529,0.99937,0.00000,0.00005,0.00058
41.80147,0.48529,0.99136,0.00000,0.00811,0.00053
41.90441,0.48529,0.99791,0.00000,0.00194,0.00015
42.00735,0.48529,0.99992,0.00000,0.00005,0.00002
42.11029,0.48529,0.46950,0.00120,0.52743,0.00188
42.21323,0.48529,0.22205,0.00061,0.77543,0.00191
42.31618,0.48529,0.15253,0.00027,0.84599,0.00121
42.41912,0.48529,0.25843,0.00036,0.73928,0.00194
42.52206,0.48529,0.57196,0.00025,0.42558,0.00221
42.62500,0.48529,0.98675,0.00053,0.00985,0.00287
42.72794,0.48529,0.99954,0.00000,0.00021,0.00025
42.83088,0.48529,0.99651,0.00062,0.00238,0.00049
42.93382,0.48529,0.14170,0.00050,0.00015,0.85765
43.03677,0.48529,0.99721,0.00003,0.00000,0.00276
43.13971,0.48529,0.99691,0.00000,0.00269,0.00040
43.24265,0.48529,0.98875,0.00001,0.01014,0.00110
43.34559,0.48529,0.98507,0.00014,0.01333,0.00147
43.44853,0.48529,0.74239,0.00137,0.25524,0.00099
43.55147,0.48529,0.33615,0.00073,0.66156,0.00156
43.65441,0.48529,0.15688,0.00032,0.84166,0.00114
43.75735,0.48529,0.13275,0.00031,0.86566,0.00129
43.86029,0.48529,0.26647,0.00036,0.73117,0.00200
43.96323,0.48529,0.61899,0.00028,0.37801,0.00273
44.06618,0.48529,0.98913,0.00008,0.00991,0.00089
44.16912,0.48529,0.99794,0.00000,0.00030,0.00176
44.27206,0.48529,0.99732,0.00052,0.00184,0.00033
44.37500,0.48529,0.06451,0.00001,0.00018,0.93530
44.47794,0.48529,0.99992,0.00000,0.00001,0.00007
44.58088,0.48529,0.99505,0.00000,0.00376,0.00119
44.68382,0.48529,0.98124,0.00000,0.01807,0.00069
44.78677,0.48529,0.99999,0.00000,0.00000,0.00001
44.88971,0.48529,0.44838,0.00115,0.54861,0.00185
44.99265,0.48529,0.22297,0.00066,0.77438,0.00199
45.09559,0.48529,0.12839,0.00035,0.87000,0.00126
45.19853,0.48529,0.20465,0.00034,0.79330,0.00171
45.30147,0.48529,0.57921,0.00022,0.41846,0.00211
45.40441,0.48529,0.97339,0.00007,0.00747,0.01907
45.50735,0.48529,0.99175,0.00009,0.00768,0.00048
45.61029,0.48529,0.96972,0.00063,0.01267,0.01698
45.71323,0.48529,0.21678,0.00231,0.00012,0.78079
45.81618,0.48529,0.99707,0.00019,0.00001,0.00274
45.91912,0.48529,0.99738,0.00000,0.00130,0.00131
46.02206,0.48529,0.97163,0.00001,0.02593,0.00243
46.12500,0.48529,0.99701,0.00004,0.00189,0.00106
46.22794,0.48529,0.60931,0.00204,0.38699,0.00166
46.33088,0.48529,0.27066,0.00077,0.72621,0.00235
46.43382,0.48529,0.18546,0.00037,0.81242,0.00175
46.53677,0.48529,0.29616,0.00036,0.70144,0.00204
46.63971,0.48529,0.89647,0.00003,0.10270,0.00080
46.74265,0.48529,0.99489,0.00005,0.00109,0.00397
46.84559,0.48529,0.97843,0.00280,0.01250,0.00626
46.94853,0.48529,0.98844,0.00049,0.00791,0.00315
47.05147,0.48529,0.31954,0.00342,0.00078,0.67626
47.15441,0.48529,0.95137,0.00039,0.00001,0.04822
47.25735,0.48529,0.99917,0.00000,0.00032,0.00050
47.36029,0.48529,0.99284,0.00001,0.00526,0.00188
47.46323,0.48529,0.99597,0.00002,0.00387,0.00014
47.56618,0.48529,0.68039,0.00207,0.31584,0.00170
47.66912,0.48529,0.25434,0.00068,0.74289,0.00209
47.77206,0.48529,0.15659,0.00031,0.84163,0.00146
47.87500,0.48529,0.30592,0.00035,0.69172,0.00202
47.97794,0.48529,0.82223,0.00007,0.17649,0.00121
48.08088,0.48529,0.97364,0.00005,0.00998,0.01633
48.18382,0.48529,0.99457,0.00022,0.00462,0.00059
48.28677,0.48529,0.97140,0.00069,0.01852,0.00939
48.38971,0.48529,0.46299,0.00375,0.00096,0.53229
48.49265,0.48529,0.89352,0.00006,0.00000,0.10641
48.59559,0.48529,0.99935,0.00000,0.00029,0.00037
48.69853,0.48529,0.99312,0.00000,0.00460,0.00228
48.80147,0.48529,0.99712,0.00002,0.00268,0.00018
48.90441,0.48529,0.81847,0.00212,0.17789,0.00152
49.00735,0.48529,0.33963,0.00085,0.65745,0.00207
49.11029,0.48529,0.15525,0.00037,0.84294,0.00144
49.21323,0.48529,0.20503,0.00031,0.79310,0.00157
49.31618,0.48529,0.39553,0.00027,0.60224,0.00196
49.41912,0.48529,0.90870,0.00005,0.09021,0.00104
49.52206,0.48529,0.99719,0.00011,0.00158,0.00112
49.62500,0.48529,0.99705,0.00002,0.00232,0.00060
49.72794,0.48529,0.99652,0.00074,0.00225,0.00050
49.83088,0.48529,0.33192,0.01027,0.00352,0.65430
49.93382,0.48529,0.98930,0.00021,0.00000,0.01049
50.03677,0.48529,0.99899,0.00000,0.00052,0.00049
50.13971,0.48529,0.98117,0.00001,0.01700,0.00181
50.24265,0.48529,0.99316,0.00005,0.00649,0.00031
50.34559,0.48529,0.70181,0.00208,0.29407,0.00204
50.44853,0.48529,0.44257,0.00103,0.55472,0.00168
50.55147,0.48529,0.21767,0.00048,0.78030,0.00155
50.65441,0.48529,0.16480,0.00026,0.83365,0.00129
50.75735,0.48529,0.33952,0.00038,0.65775,0.00235
50.86029,0.48529,0.82547,0.00010,0.17282,0.00160
50.96323,0.48529,0.99495,0.00005,0.00107,0.00392
51.06618,0.48529,0.98349,0.00064,0.01492,0.00095
51.16912,0.48529,0.99537,0.00061,0.00152,0.00249
51.27206,0.48529,0.03458,0.00001,0.00001,0.96539
51.37500,0.48529,0.99957,0.00000,0.00000,0.00043
51.47794,0.48529,0.99003,0.00000,0.00854,0.00144
51.58088,0.48529,0.99050,0.00001,0.00765,0.00185
51.68382,0.48529,0.99883,0.00011,0.00039,0.00067
51.78677,0.48529,0.53517,0.00109,0.46234,0.00141
51.88971,0.48529,0.21274,0.00050,0.78514,0.00162
51.99265,0.48529,0.13165,0.00034,0.86668,0.00133
52.09559,0.48529,0.20731,0.00037,0.79055,0.00177
52.19853,0.48529,0.45767,0.00029,0.53974,0.00231
52.30147,0.48529,0.94891,0.00002,0.05036,0.00070
52.40441,0.48529,0.99622,0.00001,0.00188,0.00189
52.50735,0.48529,0.95110,0.00300,0.04230,0.00360
52.61029,0.48529,0.96040,0.00129,0.01138,0.02692
52.71323,0.48529,0.46454,0.00001,0.00003,0.53542
52.81618,0.48529,0.99953,0.00000,0.00007,0.00039
52.91912,0.48529,0.99800,0.00000,0.00169,0.00030
53.02206,0.48529,0.99814,0.00001,0.00174,0.00012
53.12500,0.48529,0.78287,0.00171,0.21426,0.00116
53.22794,0.48529,0.24701,0.00073,0.75032,0.00194
53.33088,0.48529,0.12141,0.00038,0.87689,0.00132
53.43382,0.48529,0.18637,0.00033,0.81174,0.00156
53.53677,0.48529,0.42651,0.00027,0.57122,0.00200
53.63971,0.48529,0.99816,0.00001,0.00132,0.00051
53.74265,0.48529,0.99971,0.00000,0.00028,0.00001
53.84559,0.48529,0.99882,0.00004,0.00080,0.00034
53.94853,0.48529,0.75749,0.00064,0.00653,0.23535
54.05147,0.48529,0.46947,0.00000,0.00001,0.53052
54.15441,0.48529,0.99979,0.00000,0.00002,0.00019
54.25735,0.48529,0.99632,0.00000,0.00095,0.00273
54.36029,0.48529,0.99949,0.00000,0.00044,0.00007
54.46323,0.48529,0.99046,0.00016,0.00905,0.00034
54.56618,0.48529,0.30839,0.00077,0.68888,0.00197
54.66912,0.48529,0.13639,0.00030,0.86196,0.00135
54.77206,0.48529,0.21059,0.00037,0.78747,0.00157
54.87500,0.48529,0.39063,0.00031,0.60695,0.00212
54.97794,0.48529,0.97755,0.00003,0.02154,0.00088
55.08088,0.48529,0.99557,0.00001,0.00263,0.00179
55.18382,0.48529,0.98886,0.00015,0.01036,0.00062
55.28677,0.48529,0.91967,0.00056,0.00712,0.07265
55.38971,0.48529,0.20377,0.00001,0.00002,0.79620
55.49265,0.48529,0.99932,0.00000,0.00029,0.00039
55.59559,0.48529,0.99772,0.00000,0.00179,0.00049
55.69853,0.48529,0.96692,0.00001,0.03111,0.00196
55.80147,0.48529,0.99998,0.00000,0.00000,0.00001
55.90441,0.48529,0.57144,0.00140,0.42542,0.00174
56.00735,0.48529,0.19256,0.00042,0.80561,0.00141
56.11029,0.48529,0.18017,0.00029,0.81825,0.00129
56.21323,0.48529,0.47444,0.00021,0.52347,0.00188
56.31618,0.48529,0.99995,0.00000,0.00000,0.00004
56.41912,0.48529,0.99781,0.00002,0.00196,0.00021
56.52206,0.48529,0.99925,0.00004,0.00056,0.00015
56.62500,0.48529,0.63414,0.00119,0.00083,0.36384
56.72794,0.48529,0.40752,0.00001,0.00001,0.59246
56.83088,0.48529,0.99919,0.00000,0.00025,0.00056
56.93382,0.48529,0.98815,0.00000,0.00939,0.00245
57.03677,0.48529,0.99826,0.00002,0.00158,0.00014
57.13971,0.48529,0.82970,0.00368,0.16502,0.00161
57.24265,0.48529,0.33941,0.00069,0.65831,0.00159
57.34559,0.48529,0.15310,0.00028,0.84547,0.00114
57.44853,0.48529,0.28566,0.00028,0.71234,0.00172
57.55147,0.48529,0.93140,0.00003,0.06771,0.00086
57.65441,0.48529,0.99778,0.00000,0.00168,0.00054
57.75735,0.48529,0.58986,0.00038,0.40869,0.00107
57.86029,0.48529,0.98787,0.00003,0.00099,0.01112
57.96323,0.48529,0.13277,0.00005,0.00008,0.86710
58.06618,0.48529,0.99834,0.00006,0.00001,0.00159
58.16912,0.48529,0.99488,0.00000,0.00411,0.00101
58.27206,0.48529,0.97051,0.00001,0.02841,0.00107
58.37500,0.48529,0.99790,0.00010,0.00115,0.00085
58.47794,0.48529,0.47592,0.00105,0.52140,0.00163
58.58088,0.48529,0.16262,0.00035,0.83583,0.00120
58.68382,0.48529,0.16392,0.00029,0.83443,0.00137
58.78677,0.48529,0.30750,0.00037,0.69007,0.00206
58.88971,0.48529,0.60491,0.00026,0.39243,0.00239
58.99265,0.48529,0.99576,0.00003,0.00250,0.00171
59.09559,0.48529,0.99852,0.00000,0.00125,0.00023
59.19853,0.48529,0.99452,0.00003,0.00521,0.00024
59.30147,0.48529,0.54257,0.00070,0.00647,0.45026
59.40441,0.48529,0.79314,0.00000,0.00000,0.20686
59.50735,0.48529,0.99958,0.00000,0.00001,0.00042
59.61029,0.48529,0.99614,0.00000,0.00359,0.00026
59.71323,0.48529,0.99903,0.00000,0.00080,0.00017
59.81618,0.48529,0.99987,0.00000,0.00009,0.00004
59.91912,0.48529,0.41518,0.00114,0.58183,0.00186
60.02206,0.48529,0.19751,0.00033,0.80064,0.00152
60.12500,0.48529,0.32844,0.00033,0.66916,0.00207
60.22794,0.48529,0.98891,0.00002,0.00996,0.00111
60.33088,0.48529,0.99399,0.00001,0.00509,0.00091
60.43382,0.48529,0.99703,0.00008,0.00223,0.00066
60.53677,0.48529,0.89000,0.00110,0.00827,0.10063
60.63971,0.48529,0.10995,0.00003,0.00001,0.89000
60.74265,0.48529,0.99927,0.00003,0.00017,0.00052
60.84559,0.48529,0.99762,0.00000,0.00225,0.00014
60.94853,0.48529,0.97809,0.00001,0.01976,0.00213
61.05147,0.48529,0.98255,0.00045,0.01548,0.00151
61.15441,0.48529,0.58606,0.00155,0.41068,0.00172
61.25735,0.48529,0.23262,0.00054,0.76499,0.00185
61.36029,0.48529,0.20974,0.00036,0.78794,0.00196
61.46323,0.48529,0.55658,0.00027,0.44065,0.00250
61.56618,0.48529,0.99761,0.00000,0.00199,0.00039
61.66912,0.48529,0.99833,0.00000,0.00024,0.00142
61.77206,0.48529,0.99675,0.00053,0.00240,0.00032
61.87500,0.48529,0.06622,0.00082,0.00168,0.93127
61.97794,0.48529,0.99630,0.00002,0.00000,0.00368
62.08088,0.48529,0.99941,0.00000,0.00032,0.00027
62.18382,0.48529,0.99400,0.00001,0.00185,0.00414
62.28677,0.48529,0.99587,0.00001,0.00382,0.00030
62.38971,0.48529,0.84263,0.00273,0.15326,0.00138
62.49265,0.48529,0.37977,0.00118,0.61691,0.00214
62.59559,0.48529,0.19680,0.00054,0.80075,0.00192
62.69853,0.48529,0.20015,0.00029,0.79810,0.00146
62.80147,0.48529,0.54835,0.00021,0.44934,0.00210
62.90441,0.48529,0.99954,0.00000,0.00022,0.00024
63.00735,0.48529,0.99959,0.00000,0.00036,0.00005
63.11029,0.48529,0.99741,0.00010,0.00160,0.00089
63.21323,0.48529,0.82699,0.00078,0.01504,0.15720
63.31618,0.48529,0.71090,0.00000,0.00003,0.28907
63.41912,0.48529,0.99940,0.00000,0.00021,0.00038
63.52206,0.48529,0.98821,0.00000,0.00911,0.00267
63.62500,0.48529,0.99800,0.00001,0.00190,0.00008
63.72794,0.48529,0.77300,0.00525,0.21890,0.00285
63.83088,0.48529,0.23200,0.00066,0.76525,0.00210
63.93382,0.48530,0.17581,0.00034,0.82235,0.00150
64.03677,0.48529,0.31198,0.00033,0.68566,0.00202
64.13971,0.48529,0.92906,0.00004,0.07006,0.00084
64.24265,0.48530,0.99766,0.00000,0.00167,0.00067
64.34559,0.48529,0.74311,0.00052,0.25380,0.00257
64.44853,0.48529,0.99027,0.00006,0.00202,0.00765
64.55147,0.48530,0.05307,0.00002,0.00005,0.94686
64.65441,0.48530,0.99955,0.00000,0.00001,0.00044
64.75735,0.48529,0.99682,0.00000,0.00272,0.00046
64.86029,0.48530,0.99930,0.00000,0.00061,0.00009
64.96323,0.48530,0.99981,0.00000,0.00015,0.00004
65.06618,0.48529,0.30984,0.00076,0.68747,0.00193
65.16912,0.48529,0.14848,0.00034,0.84986,0.00132
65.27206,0.48530,0.32575,0.00027,0.67235,0.00164
65.37500,0.48529,0.98959,0.00004,0.00885,0.00153
65.47794,0.48529,0.99672,0.00001,0.00249,0.00078
65.58088,0.48530,0.99476,0.00007,0.00444,0.00073
65.68382,0.48530,0.85531,0.00092,0.00953,0.13424
65.78677,0.48529,0.14476,0.00001,0.00001,0.85521
65.88971,0.48529,0.99952,0.00000,0.00001,0.00046
65.99265,0.48530,0.99672,0.00000,0.00209,0.00118
66.09559,0.48529,0.99939,0.00000,0.00048,0.00013
66.19853,0.48529,0.99953,0.00001,0.00037,0.00008
66.30147,0.48530,0.47946,0.00123,0.51726,0.00206
66.40441,0.48530,0.17382,0.00037,0.82446,0.00135
66.50735,0.48529,0.17380,0.00029,0.82469,0.00122
66.61029,0.48530,0.57514,0.00022,0.42239,0.00225
66.71323,0.48530,0.99481,0.00024,0.00300,0.00196
66.81618,0.48529,0.99838,0.00001,0.00112,0.00050
66.91912,0.48529,0.99750,0.00033,0.00180,0.00037
67.02206,0.48530,0.56307,0.00397,0.00431,0.42865
67.12500,0.48529,0.97711,0.00007,0.00001,0.02281
67.22794,0.48529,0.99928,0.00000,0.00022,0.00050
67.33088,0.48530,0.98871,0.00000,0.00880,0.00249
67.43382,0.48530,0.99775,0.00002,0.00210,0.00013
67.53677,0.48529,0.76250,0.00255,0.23345,0.00151
67.63971,0.48529,0.27840,0.00060,0.71921,0.00179
67.74265,0.48530,0.19329,0.00028,0.80507,0.00137
67.84559,0.48529,0.47572,0.00029,0.52164,0.00235
67.94853,0.48529,0.99213,0.00006,0.00745,0.00036
68.05147,0.48530,0.99849,0.00000,0.00040,0.00110
68.15441,0.48530,0.99870,0.00025,0.00094,0.00011
68.25735,0.48529,0.13044,0.00056,0.00334,0.86567
68.36029,0.48530,0.98847,0.00004,0.00000,0.01150
68.46323,0.48530,0.99930,0.00000,0.00043,0.00027
68.56618,0.48529,0.99780,0.00001,0.00148,0.00071
68.66912,0.48529,0.99733,0.00004,0.00231,0.00033
68.77206,0.48530,0.81708,0.00291,0.17866,0.00135
68.87500,0.48529,0.24618,0.00055,0.75174,0.00153
68.97794,0.48529,0.14093,0.00026,0.85784,0.00097
69.08088,0.48530,0.32678,0.00026,0.67122,0.00174
69.18382,0.48530,0.76661,0.00012,0.23162,0.00165
69.28677,0.48529,0.99972,0.00000,0.00003,0.00025
69.38971,0.48529,0.98017,0.00011,0.01812,0.00159
69.49265,0.48530,0.99956,0.00011,0.00028,0.00005
69.59559,0.48529,0.30732,0.00120,0.00255,0.68892
69.69853,0.48529,0.53642,0.00023,0.00000,0.46334
69.80147,0.48530,0.99979,0.00000,0.00000,0.00021
69.90441,0.48530,0.99679,0.00000,0.00255,0.00066
70.00735,0.48529,0.99953,0.00000,0.00039,0.00008
70.11029,0.48530,0.99947,0.00000,0.00047,0.00006
70.21323,0.48530,0.21285,0.00036,0.78542,0.00137
70.31618,0.48529,0.32376,0.00032,0.67403,0.00189
70.41912,0.48529,0.94585,0.00002,0.05346,0.00067
70.52206,0.48530,0.99718,0.00001,0.00201,0.00080
70.62500,0.48529,0.93281,0.00019,0.06672,0.00028
70.72794,0.48529,0.95277,0.00014,0.00084,0.04625
70.83088,0.48530,0.17074,0.00011,0.00003,0.82913
70.93382,0.48530,0.35584,0.00031,0.00001,0.64384
71.03677,0.48529,0.99964,0.00000,0.00002,0.00034
71.13971,0.48529,0.99600,0.00000,0.00332,0.00068
71.24265,0.48530,0.99921,0.00000,0.00070,0.00009
71.34559,0.48529,0.99926,0.00001,0.00060,0.00013
71.44853,0.48529,0.24351,0.00048,0.75446,0.00156
71.55147,0.48530,0.23810,0.00028,0.76007,0.00155
71.65441,0.48530,0.69935,0.00015,0.29875,0.00175
71.75735,0.48529,0.99593,0.00002,0.00161,0.00244
71.86029,0.48530,0.91361,0.00141,0.08180,0.00319
71.96323,0.48530,0.99874,0.00057,0.00053,0.00016
72.06618,0.48529,0.17058,0.00481,0.00279,0.82181
72.16912,0.48529,0.99929,0.00001,0.00000,0.00070
72.27206,0.48530,0.99761,0.00000,0.00210,0.00029
72.37500,0.48529,0.99925,0.00000,0.00041,0.00033
72.47794,0.48529,0.99003,0.00002,0.00953,0.00042
72.58088,0.48530,0.87089,0.00078,0.12717,0.00115
72.68382,0.48530,0.28033,0.00058,0.71751,0.00158
72.78677,0.48529,0.14405,0.00030,0.85447,0.00118
72.88971,0.48529,0.32528,0.00026,0.67269,0.00177
72.99265,0.48530,0.96257,0.00002,0.03685,0.00056
73.09559,0.48529,0.99731,0.00000,0.00196,0.00072
73.19853,0.48529,0.71697,0.00051,0.28153,0.00099
73.30147,0.48530,0.97088,0.00006,0.00073,0.02833
73.40441,0.48530,0.12932,0.00004,0.00002,0.87062
73.50735,0.48529,0.99933,0.00001,0.00003,0.00063
73.61029,0.48530,0.99429,0.00000,0.00436,0.00134
73.71323,0.48530,0.99016,0.00001,0.00660,0.00323
73.81618,0.48529,0.98950,0.00080,0.00409,0.00561
73.91912,0.48529,0.63848,0.00161,0.35827,0.00164
74.02206,0.48530,0.24027,0.00046,0.75792,0.00135
74.12500,0.48529,0.14567,0.00025,0.85295,0.00113
74.22794,0.48529,0.37584,0.00028,0.62196,0.00193
74.33088,0.48530,0.92796,0.00004,0.07112,0.00089
74.43382,0.48530,0.99639,0.00001,0.00189,0.00170
74.53677,0.48529,0.94479,0.00329,0.04907,0.00285
74.63971,0.48529,0.95691,0.00067,0.01058,0.03185
74.74265,0.48530,0.16333,0.00002,0.00001,0.83664
74.84559,0.48529,0.99984,0.00000,0.00003,0.00014
74.94853,0.48529,0.99756,0.00000,0.00196,0.00048
75.05147,0.48530,0.96706,0.00000,0.03207,0.00087
75.15441,0.48530,0.99999,0.00000,0.00000,0.00000
75.25735,0.48529,0.44699,0.00088,0.55073,0.00140
75.36029,0.48530,0.19037,0.00032,0.80786,0.00146
75.46323,0.48530,0.37124,0.00032,0.62634,0.00210
75.56618,0.48529,0.99744,0.00001,0.00202,0.00053
75.66912,0.48529,0.99965,0.00000,0.00034,0.00001
75.77206,0.48530,0.99821,0.00008,0.00124,0.00047
75.87500,0.48529,0.73816,0.00082,0.00885,0.25218
75.97794,0.48529,0.45001,0.00000,0.00001,0.54998
76.08088,0.48530,0.99973,0.00000,0.00005,0.00022
76.18382,0.48530,0.99488,0.00001,0.00190,0.00321
76.28677,0.48529,0.99922,0.00000,0.00070,0.00008
76.38971,0.48529,0.98621,0.00014,0.01325,0.00040
76.49265,0.48530,0.31385,0.00068,0.68380,0.00167
76.59559,0.48529,0.16832,0.00036,0.82984,0.00149
76.69853,0.48529,0.33918,0.00033,0.65830,0.00219
76.80147,0.48530,0.99807,0.00000,0.00172,0.00021
76.90441,0.48530,0.99935,0.00000,0.00011,0.00054
77.00735,0.48529,0.99914,0.00016,0.00060,0.00010
77.11029,0.48530,0.22487,0.00010,0.00121,0.77382
77.21323,0.48530,0.85149,0.00003,0.00001,0.14847
77.31618,0.48529,0.99975,0.00000,0.00014,0.00011
77.41912,0.48529,0.99325,0.00000,0.00236,0.00439
77.52206,0.48530,0.99908,0.00000,0.00084,0.00008
77.62500,0.48529,0.94921,0.00048,0.04972,0.00059
77.72794,0.48529,0.34852,0.00071,0.64907,0.00170
77.83088,0.48530,0.18955,0.00028,0.80880,0.00137
77.93382,0.48530,0.66874,0.00014,0.32941,0.00171
78.03677,0.48529,0.99958,0.00000,0.00017,0.00025
78.13971,0.48529,0.83569,0.00031,0.16133,0.00267
78.24265,0.48530,0.93145,0.00082,0.06206,0.00567
78.34559,0.48529,0.22557,0.00004,0.00008,0.77431
78.44853,0.48529,0.99974,0.00000,0.00015,0.00011
78.55147,0.48530,0.99518,0.00002,0.00397,0.00083
78.65441,0.48530,0.99760,0.00003,0.00213,0.00024
78.75735,0.48529,0.78521,0.00223,0.21145,0.00111
78.86029,0.48530,0.32737,0.00065,0.67053,0.00145
78.96323,0.48530,0.15060,0.00029,0.84789,0.00122
79.06618,0.48529,0.34147,0.00032,0.65619,0.00202
79.16912,0.48529,0.89353,0.00006,0.10523,0.00118
79.27206,0.48530,0.99908,0.00001,0.00018,0.00072
79.37500,0.48529,0.90130,0.00136,0.09091,0.00642
79.47794,0.48529,0.38122,0.00040,0.00608,0.61230
79.58088,0.48530,0.99024,0.00001,0.00004,0.00971
79.68382,0.48530,0.99808,0.00000,0.00110,0.00082
79.78677,0.48529,0.98002,0.00000,0.01904,0.00094
79.88971,0.48529,0.99999,0.00000,0.00000,0.00001
79.99265,0.48530,0.52271,0.00113,0.47457,0.00159
80.09559,0.48529,0.23091,0.00070,0.76636,0.00203
80.19853,0.48529,0.14699,0.00043,0.85080,0.00178
80.30147,0.48530,0.18096,0.00035,0.81703,0.00166
80.40441,0.48530,0.41407,0.00033,0.58319,0.00242
80.50735,0.48529,0.95696,0.00002,0.04238,0.00064
80.61029,0.48530,0.99407,0.00001,0.00375,0.00216
80.71323,0.48530,0.98402,0.00044,0.01460,0.00094
80.81618,0.48529,0.69714,0.00131,0.02285,0.27870
80.91912,0.48529,0.60775,0.00000,0.00003,0.39221
81.02206,0.48530,0.99911,0.00000,0.00052,0.00036
81.12500,0.48529,0.99883,0.00001,0.00073,0.00044
81.22794,0.48529,0.99626,0.00002,0.00334,0.00038
81.33088,0.48530,0.80994,0.00268,0.18601,0.00137
81.43382,0.48530,0.30480,0.00089,0.69195,0.00236
81.53677,0.48529,0.13957,0.00034,0.85871,0.00138
81.63971,0.48529,0.18857,0.00035,0.80970,0.00139
81.74265,0.48530,0.42618,0.00027,0.57151,0.00204
81.84559,0.48529,0.95235,0.00002,0.04701,0.00062
81.94853,0.48529,0.99572,0.00001,0.00251,0.00176
82.05147,0.48530,0.96845,0.00172,0.02840,0.00143
82.15441,0.48530,0.96244,0.00067,0.00550,0.03139
82.25735,0.48529,0.12606,0.00007,0.00003,0.87385
82.36029,0.48530,0.99914,0.00005,0.00003,0.00078
82.46323,0.48530,0.99822,0.00000,0.00120,0.00058
82.56618,0.48529,0.97372,0.00001,0.02259,0.00367
82.66912,0.48529,0.99261,0.00005,0.00651,0.00083
82.77206,0.48530,0.46243,0.00097,0.53487,0.00173
82.87500,0.48529,0.20495,0.00027,0.79339,0.00139
82.97794,0.48529,0.56640,0.00022,0.43132,0.00206
83.08088,0.48530,0.99942,0.00000,0.00043,0.00015
83.18382,0.48530,0.99869,0.00004,0.00067,0.00061
83.28677,0.48529,0.99880,0.00011,0.00098,0.00011
83.38971,0.48529,0.64318,0.00700,0.00134,0.34849
83.49265,0.48530,0.09362,0.00038,0.00006,0.90594
83.59559,0.48529,0.97445,0.00003,0.00007,0.02545
83.69853,0.48529,0.99962,0.00000,0.00017,0.00021
83.80147,0.48530,0.98546,0.00000,0.01067,0.00387
83.90441,0.48530,0.99724,0.00001,0.00265,0.00010
84.00735,0.48529,0.75082,0.00404,0.24283,0.00231
84.11029,0.48530,0.23830,0.00051,0.75940,0.00178
84.21323,0.48530,0.21957,0.00031,0.77852,0.00159
84.31618,0.48529,0.51552,0.00023,0.48221,0.00204
84.41912,0.48529,0.98679,0.00040,0.01027,0.00254
84.52206,0.48530,0.99970,0.00000,0.00015,0.00015
84.62500,0.48529,0.99665,0.00050,0.00251,0.00034
84.72794,0.48529,0.60704,0.00312,0.00259,0.38725
84.83088,0.48530,0.71187,0.00000,0.00000,0.28813
84.93382,0.48530,0.99943,0.00000,0.00027,0.00031
85.03677,0.48529,0.99639,0.00000,0.00328,0.00033
85.13971,0.48529,0.96296,0.00001,0.03590,0.00113
85.24265,0.48530,0.99998,0.00000,0.00000,0.00001
85.34559,0.48529,0.49194,0.00133,0.50486,0.00187
85.44853,0.48529,0.17281,0.00042,0.82561,0.00117
85.55147,0.48530,0.12254,0.00025,0.87630,0.00091
85.65441,0.48530,0.32101,0.00026,0.67712,0.00161
85.75735,0.48529,0.65845,0.00017,0.33957,0.00182
85.86029,0.48530,0.99981,0.00000,0.00002,0.00017
85.96323,0.48530,0.94207,0.00006,0.05661,0.00126
86.06618,0.48529,0.99989,0.00001,0.00009,0.00001
86.16912,0.48529,0.34673,0.00071,0.00282,0.64974
86.27206,0.48530,0.99824,0.00002,0.00003,0.00170
86.37500,0.48529,0.99877,0.00000,0.00086,0.00037
86.47794,0.48529,0.98803,0.00001,0.01058,0.00138
86.58088,0.48530,0.99738,0.00004,0.00235,0.00023
86.68382,0.48530,0.85525,0.00296,0.14060,0.00119
86.78677,0.48529,0.39650,0.00080,0.60118,0.00152
86.88971,0.48529,0.18110,0.00039,0.81695,0.00156
86.99265,0.48530,0.21880,0.00039,0.77892,0.00189
87.09559,0.48529,0.34738,0.00041,0.64960,0.00261
87.19853,0.48529,0.75263,0.00016,0.24517,0.00205
87.30147,0.48530,0.99949,0.00000,0.00008,0.00043
87.40441,0.48530,0.96384,0.00013,0.03458,0.00145
87.50735,0.48529,0.99987,0.00005,0.00007,0.00001
87.61029,0.48530,0.40306,0.00162,0.00151,0.59381
87.71323,0.48530,0.32876,0.00263,0.00037,0.66824
87.81618,0.48529,0.99799,0.00010,0.00006,0.00186
87.91912,0.48529,0.99909,0.00000,0.00055,0.00036
88.02206,0.48530,0.97889,0.00003,0.01171,0.00937
88.12500,0.48529,0.98703,0.00002,0.01268,0.00027
88.22794,0.48529,0.71264,0.00205,0.28386,0.00144
88.33088,0.48530,0.37590,0.00116,0.62066,0.00229
88.43382,0.48530,0.19149,0.00054,0.80619,0.00177
88.53677,0.48529,0.13873,0.00038,0.85939,0.00150
88.63971,0.48529,0.28090,0.00037,0.71676,0.00197
88.74265,0.48530,0.63359,0.00023,0.36389,0.00229
88.84559,0.48529,0.99980,0.00000,0.00003,0.00018
88.94853,0.48529,0.97885,0.00009,0.01974,0.00133
89.05147,0.48530,0.99938,0.00014,0.00042,0.00006
89.15441,0.48530,0.43256,0.00139,0.00122,0.56484
89.25735,0.48529,0.06949,0.00085,0.00004,0.92961
89.36029,0.48530,0.11396,0.00089,0.00007,0.88508
89.46323,0.48530,0.17123,0.00116,0.00001,0.82760
89.56618,0.48529,0.99971,0.00000,0.00008,0.00021
89.66912,0.48529,0.99074,0.00000,0.00702,0.00224
89.77206,0.48530,0.97154,0.00001,0.02733,0.00112
89.87500,0.48529,0.99621,0.00029,0.00122,0.00227
89.97794,0.48529,0.43084,0.00147,0.56504,0.00265
90.08088,0.48530,0.17458,0.00054,0.82322,0.00166
90.18382,0.48530,0.12093,0.00030,0.87772,0.00105
90.28677,0.48529,0.15418,0.00029,0.84433,0.00120
90.38971,0.48529,0.32522,0.00035,0.67241,0.00203
90.49265,0.48530,0.54085,0.00028,0.45647,0.00241
90.59559,0.48529,0.97564,0.00001,0.02386,0.00049
90.69853,0.48529,0.99666,0.00003,0.00058,0.00273
90.80147,0.48530,0.96514,0.00319,0.02700,0.00467
90.90441,0.48530,0.98804,0.00109,0.00263,0.00823
91.00735,0.48529,0.49338,0.00072,0.00032,0.50557
91.11029,0.48530,0.06016,0.00043,0.00001,0.93940
91.21323,0.48530,0.10575,0.00088,0.00007,0.89330
91.31618,0.48529,0.11321,0.00036,0.00003,0.88641
91.41912,0.48529,0.99822,0.00001,0.00002,0.00175
91.52206,0.48530,0.98075,0.00000,0.01747,0.00178
91.62500,0.48529,0.94404,0.00001,0.05419,0.00176
91.72794,0.48529,0.98468,0.00009,0.01270,0.00252
91.83088,0.48530,0.67921,0.00172,0.31774,0.00133
91.93382,0.48530,0.28351,0.00058,0.71465,0.00126
92.03677,0.48529,0.12860,0.00030,0.87011,0.00098
92.13971,0.48529,0.11718,0.00030,0.88147,0.00104
92.24265,0.48530,0.26532,0.00037,0.73263,0.00169
92.34559,0.48529,0.82798,0.00007,0.17071,0.00124
92.44853,0.48529,0.99857,0.00043,0.00005,0.00094
92.55147,0.48530,0.98914,0.00025,0.00964,0.00097
92.65441,0.48530,0.97970,0.00037,0.00193,0.01800
92.75735,0.48529,0.69862,0.00033,0.00041,0.30064
92.86029,0.48530,0.04281,0.00025,0.00000,0.95694
92.96323,0.48530,0.09549,0.00074,0.00006,0.90371
93.06618,0.48529,0.10423,0.00079,0.00006,0.89491
93.16912,0.48529,0.26392,0.00022,0.00001,0.73585
93.27206,0.48530,0.99972,0.00000,0.00003,0.00026
93.37500,0.48529,0.99432,0.00000,0.00394,0.00174
93.47794,0.48529,0.98365,0.00001,0.01456,0.00178
93.58088,0.48530,0.99537,0.00015,0.00201,0.00247
93.68382,0.48530,0.25810,0.00056,0.73968,0.00166
93.78677,0.48529,0.25883,0.00031,0.73917,0.00169
93.88971,0.48529,0.83853,0.00005,0.16041,0.00101
93.99265,0.48530,0.98400,0.00003,0.00741,0.00856
94.09559,0.48529,0.98170,0.00051,0.01715,0.00065
94.19853,0.48529,0.98702,0.00080,0.00975,0.00243
94.30147,0.48530,0.73933,0.01013,0.00063,0.24991
94.40441,0.48530,0.05443,0.00034,0.00002,0.94522
94.50735,0.48529,0.10017,0.00080,0.00006,0.89896
94.61029,0.48530,0.10672,0.00083,0.00007,0.89239
94.71323,0.48530,0.21279,0.00026,0.00000,0.78695
94.81618,0.48529,0.99961,0.00000,0.00004,0.00034
94.91912,0.48529,0.99512,0.00000,0.00358,0.00129
95.02206,0.48530,0.96920,0.00000,0.03005,0.00074
95.12500,0.48529,0.99366,0.00037,0.00229,0.00369
95.22794,0.48529,0.24143,0.00043,0.75675,0.00139
95.33088,0.48530,0.20665,0.00035,0.79138,0.00162
95.43382,0.48530,0.28942,0.00037,0.70806,0.00216
95.53677,0.48529,0.43920,0.00020,0.55833,0.00227
95.63971,0.48529,0.94511,0.00002,0.05423,0.00064
95.74265,0.48530,0.99721,0.00000,0.00260,0.00019
95.84559,0.48529,0.99872,0.00004,0.00089,0.00035
95.94853,0.48529,0.80008,0.00176,0.00146,0.19669
96.05147,0.48530,0.40932,0.00002,0.00002,0.59064
96.15441,0.48530,0.09979,0.00086,0.00007,0.89928
96.25735,0.48529,0.10220,0.00083,0.00007,0.89690
96.36029,0.48530,0.11878,0.00095,0.00010,0.88017
96.46323,0.48530,0.54470,0.00043,0.00001,0.45485
96.56618,0.48529,0.99978,0.00000,0.00004,0.00018
96.66912,0.48529,0.99543,0.00001,0.00174,0.00282
96.77206,0.48530,0.99928,0.00000,0.00063,0.00009
96.87500,0.48529,0.98497,0.00022,0.01434,0.00046
96.97794,0.48529,0.39509,0.00104,0.60192,0.00195
97.08088,0.48530,0.20718,0.00060,0.79041,0.00182
97.18382,0.48530,0.16381,0.00063,0.83372,0.00185
97.28677,0.48529,0.12494,0.00051,0.87295,0.00160
97.38971,0.48529,0.11327,0.00039,0.88504,0.00130
97.49265,0.48530,0.10470,0.00030,0.89394,0.00105
97.59559,0.48529,0.10395,0.00024,0.89504,0.00077
97.69853,0.48529,0.17497,0.00026,0.82375,0.00102
97.80147,0.48530,0.45415,0.00023,0.54371,0.00190
97.90441,0.48530,0.99055,0.00001,0.00905,0.00039
98.00735,0.48529,0.99965,0.00000,0.00034,0.00001
98.11029,0.48530,0.99758,0.00005,0.00196,0.00042
98.21323,0.48530,0.83094,0.00040,0.01090,0.15776
98.31618,0.48529,0.40769,0.00001,0.00001,0.59228
98.41912,0.48529,0.11556,0.00107,0.00012,0.88325
98.52206,0.48530,0.67682,0.00005,0.00002,0.32311
98.62500,0.48529,0.99897,0.00000,0.00029,0.00073
98.72794,0.48529,0.99741,0.00000,0.00228,0.00030
98.83088,0.48530,0.99485,0.00000,0.00489,0.00026
98.93382,0.48530,0.99996,0.00000,0.00003,0.00001
99.03677,0.48529,0.45305,0.00115,0.54412,0.00168
99.13971,0.48529,0.20602,0.00053,0.79195,0.00150
99.24265,0.48530,0.14795,0.00037,0.85050,0.00118
99.34559,0.48529,0.11935,0.00030,0.87927,0.00109
99.44853,0.48529,0.10719,0.00032,0.89146,0.00104
99.55147,0.48530,0.12361,0.00037,0.87477,0.00125
99.65441,0.48530,0.18915,0.00036,0.80894,0.00155
99.75735,0.48529,0.46325,0.00028,0.53435,0.00212
99.86029,0.48530,0.97081,0.00001,0.02872,0.00046
99.96323,0.48530,0.99206,0.00001,0.00513,0.00280
100.06618,0.48529,0.98542,0.00052,0.01265,0.00141
100.16912,0.48529,0.87386,0.00056,0.00289,0.12269
100.27206,0.48530,0.16615,0.00017,0.00006,0.83363
100.37500,0.48529,0.11762,0.00023,0.00001,0.88213
100.47794,0.48529,0.99917,0.00003,0.00003,0.00077
100.58088,0.48530,0.99625,0.00000,0.00298,0.00077
100.68382,0.48530,0.96065,0.00001,0.03642,0.00291
100.78677,0.48529,0.99462,0.00006,0.00445,0.00088
100.88971,0.48529,0.65082,0.00195,0.34564,0.00158
100.99265,0.48530,0.25308,0.00069,0.74462,0.00161
101.09559,0.48529,0.11328,0.00032,0.88528,0.00112
101.19853,0.48529,0.10437,0.00032,0.89434,0.00097
101.30147,0.48530,0.09993,0.00027,0.89902,0.00078
101.40441,0.48530,0.20552,0.00031,0.79293,0.00124
101.50735,0.48529,0.40274,0.00033,0.59470,0.00223
101.61029,0.48530,0.90157,0.00005,0.09725,0.00113
101.71323,0.48530,0.98067,0.00004,0.00643,0.01286
101.81618,0.48529,0.99115,0.00026,0.00791,0.00069
101.91912,0.48529,0.97326,0.00065,0.01894,0.00716
102.02206,0.48530,0.71966,0.00769,0.00054,0.27211
102.12500,0.48529,0.05834,0.00010,0.00000,0.94156
102.22794,0.48529,0.99922,0.00003,0.00005,0.00070
102.33088,0.48530,0.99882,0.00000,0.00101,0.00017
102.43382,0.48530,0.96181,0.00002,0.03462,0.00355
102.53677,0.48529,0.98539,0.00009,0.01344,0.00107
102.63971,0.48529,0.63406,0.00167,0.36305,0.00122
102.74265,0.48530,0.29558,0.00087,0.70226,0.00129
102.84559,0.48529,0.15364,0.00045,0.84494,0.00098
102.94853,0.48529,0.10235,0.00029,0.89662,0.00074
103.05147,0.48530,0.07079,0.00021,0.92836,0.00064
103.15441,0.48530,0.07093,0.00022,0.92825,0.00061
103.25735,0.48529,0.06744,0.00023,0.93165,0.00068
103.36029,0.48530,0.07175,0.00024,0.92738,0.00063
103.46323,0.48530,0.06799,0.00018,0.93134,0.00049
103.56618,0.48529,0.06415,0.00017,0.93523,0.00046
103.66912,0.48529,0.07148,0.00020,0.92784,0.00048
103.77206,0.48530,0.08332,0.00019,0.91595,0.00054
103.87500,0.48529,0.15783,0.00032,0.84090,0.00095
103.97794,0.48529,0.57912,0.00026,0.41869,0.00192
104.08088,0.48530,0.97696,0.00001,0.02264,0.00039
104.18382,0.48530,0.99779,0.00042,0.00006,0.00173
104.28677,0.48529,0.98867,0.00074,0.00858,0.00201
104.38971,0.48529,0.97810,0.00131,0.00340,0.01719
104.49265,0.48530,0.60528,0.00020,0.00029,0.39423
104.59559,0.48529,0.05238,0.00022,0.00000,0.94740
104.69853,0.48529,0.11289,0.00066,0.00006,0.88640
104.80147,0.48530,0.91917,0.00004,0.00002,0.08076
104.90441,0.48530,0.99829,0.00000,0.00045,0.00126
105.00735,0.48529,0.98976,0.00000,0.00729,0.00295
105.11029,0.48530,0.99840,0.00001,0.00141,0.00018
105.21323,0.48530,0.91287,0.00477,0.08102,0.00134
105.31618,0.48529,0.52965,0.00132,0.46771,0.00132
105.41912,0.48529,0.15836,0.00051,0.83990,0.00124
105.52206,0.48530,0.10319,0.00037,0.89534,0.00110
105.62500,0.48529,0.08763,0.00028,0.91119,0.00090
105.72794,0.48529,0.07732,0.00022,0.92183,0.00063
105.83088,0.48530,0.07444,0.00023,0.92467,0.00067
105.93382,0.48530,0.06934,0.00018,0.92997,0.00052
106.03677,0.48529,0.07382,0.00021,0.92541,0.00056
106.13971,0.48529,0.08131,0.00026,0.91772,0.00072
106.24265,0.48530,0.07775,0.00024,0.92133,0.00068
106.34559,0.48529,0.08884,0.00034,0.90991,0.00092
106.44853,0.48529,0.08072,0.00026,0.91828,0.00074
106.55147,0.48530,0.09171,0.00030,0.90716,0.00083
106.65441,0.48530,0.13099,0.00035,0.86771,0.00095
106.75735,0.48529,0.19085,0.00023,0.80804,0.00088
106.86029,0.48530,0.67123,0.00014,0.32688,0.00174
106.96323,0.48530,0.99982,0.00000,0.00009,0.00008
107.06618,0.48529,0.99826,0.00002,0.00130,0.00042
107.16912,0.48529,0.99614,0.00012,0.00334,0.00040
107.27206,0.48530,0.70479,0.00525,0.00293,0.28702
107.37500,0.48529,0.03597,0.00036,0.00007,0.96359
107.47794,0.48529,0.99742,0.00004,0.00001,0.00254
107.58088,0.48530,0.99926,0.00000,0.00044,0.00030
107.68382,0.48530,0.99322,0.00001,0.00241,0.00436
107.78677,0.48529,0.99704,0.00003,0.00258,0.00036
107.88971,0.48529,0.85500,0.00245,0.14141,0.00113
107.99265,0.48530,0.42703,0.00113,0.57043,0.00141
108.09559,0.48529,0.18405,0.00047,0.81450,0.00098
108.19853,0.48529,0.11631,0.00027,0.88264,0.00078
108.30147,0.48530,0.09209,0.00028,0.90682,0.00081
108.40441,0.48530,0.07651,0.00023,0.92260,0.00066
108.50735,0.48529,0.07346,0.00025,0.92562,0.00067
108.61029,0.48530,0.08308,0.00034,0.91567,0.00091
108.71323,0.48530,0.07828,0.00024,0.92078,0.00070
108.81618,0.48529,0.07288,0.00020,0.92637,0.00056
108.91912,0.48529,0.07756,0.00022,0.92164,0.00058
109.02206,0.48530,0.08478,0.00022,0.91441,0.00059
109.12500,0.48529,0.09497,0.00028,0.90396,0.00080
109.22794,0.48529,0.11004,0.00033,0.88862,0.00100
109.33088,0.48530,0.10771,0.00031,0.89099,0.00099
109.43382,0.48530,0.13236,0.00051,0.86565,0.00148
109.53677,0.48529,0.13562,0.00045,0.86244,0.00149
109.63971,0.48529,0.15371,0.00042,0.84442,0.00145
109.74265,0.48530,0.22101,0.00037,0.77698,0.00165
109.84559,0.48529,0.46095,0.00021,0.53702,0.00181
109.94853,0.48529,0.99959,0.00000,0.00025,0.00015
110.05147,0.48530,0.99873,0.00005,0.00072,0.00050
110.15441,0.48530,0.99794,0.00022,0.00152,0.00031
110.25735,0.48529,0.57717,0.00977,0.00256,0.41050
110.36029,0.48530,0.06575,0.00054,0.00004,0.93367
110.46323,0.48530,0.08896,0.00069,0.00006,0.91029
110.56618,0.48529,0.04922,0.00138,0.00010,0.94930
110.66912,0.48529,0.99678,0.00000,0.00000,0.00321
110.77206,0.48530,0.99880,0.00000,0.00090,0.00031
110.87500,0.48529,0.99857,0.00001,0.00084,0.00058
110.97794,0.48529,0.99406,0.00002,0.00554,0.00039
111.08088,0.48530,0.76313,0.00193,0.23385,0.00109
111.18382,0.48530,0.19946,0.00058,0.79882,0.00114
111.28677,0.48529,0.09942,0.00027,0.89964,0.00066
111.38971,0.48529,0.07063,0.00018,0.92871,0.00048
111.49265,0.48530,0.07476,0.00024,0.92437,0.00063
111.59559,0.48529,0.06829,0.00020,0.93097,0.00054
111.69853,0.48529,0.07116,0.00022,0.92796,0.00066
111.80147,0.48530,0.07326,0.00025,0.92580,0.00069
111.90441,0.48530,0.07642,0.00028,0.92256,0.00074
112.00735,0.48529,0.07772,0.00028,0.92124,0.00076
112.11029,0.48530,0.07199,0.00021,0.92724,0.00056
112.21323,0.48530,0.07475,0.00021,0.92449,0.00055
112.31618,0.48529,0.08010,0.00021,0.91913,0.00057
112.41912,0.48529,0.09203,0.00025,0.90701,0.00070
112.52206,0.48530,0.15133,0.00040,0.84711,0.00115
112.62500,0.48529,0.23892,0.00032,0.75945,0.00131
112.72794,0.48529,0.60559,0.00021,0.39206,0.00215
112.83088,0.48530,0.99333,0.00030,0.00356,0.00280
112.93382,0.48530,0.99891,0.00000,0.00081,0.00028
113.03677,0.48529,0.98663,0.00021,0.01224,0.00092
113.13971,0.48529,0.16940,0.00017,0.00021,0.83022
113.24265,0.48530,0.99929,0.00004,0.00003,0.00065
113.34559,0.48529,0.98439,0.00000,0.01478,0.00083
113.44853,0.48529,0.97610,0.00001,0.02292,0.00096
113.55147,0.48530,0.99642,0.00011,0.00223,0.00124
113.65441,0.48530,0.58300,0.00179,0.41347,0.00174
113.75735,0.48529,0.23899,0.00076,0.75830,0.00195
113.86029,0.48530,0.12414,0.00043,0.87413,0.00130
113.96323,0.48530,0.09863,0.00031,0.89997,0.00109
114.06618,0.48529,0.09144,0.00024,0.90750,0.00082
114.16912,0.48529,0.09001,0.00025,0.90899,0.00075
114.27206,0.48530,0.08906,0.00023,0.91002,0.00070
114.37500,0.48529,0.09731,0.00032,0.90141,0.00096
114.47794,0.48529,0.08881,0.00024,0.91018,0.00077
114.58088,0.48530,0.09733,0.00031,0.90132,0.00104
114.68382,0.48530,0.09207,0.00031,0.90662,0.00099
114.78677,0.48529,0.09529,0.00031,0.90340,0.00100
114.88971,0.48529,0.09067,0.00027,0.90820,0.00086
114.99265,0.48530,0.09159,0.00026,0.90740,0.00074
115.09559,0.48529,0.08929,0.00022,0.90984,0.00066
115.19853,0.48529,0.09959,0.00024,0.89936,0.00081
115.30147,0.48530,0.12440,0.00026,0.87440,0.00094
115.40441,0.48530,0.20299,0.00040,0.79505,0.00155
115.50735,0.48529,0.42984,0.00031,0.56771,0.00214
115.61029,0.48530,0.97367,0.00001,0.02574,0.00058
115.71323,0.48530,0.99681,0.00001,0.00212,0.00106
115.81618,0.48529,0.85625,0.00063,0.14161,0.00151
115.91912,0.48529,0.10297,0.00001,0.00009,0.89692
116.02206,0.48530,0.98585,0.00000,0.00009,0.01406
116.12500,0.48529,0.99529,0.00000,0.00360,0.00110
116.22794,0.48529,0.97370,0.00000,0.02568,0.00062
116.33088,0.48530,0.99999,0.00000,0.00000,0.00001
116.43382,0.48530,0.31606,0.00069,0.68210,0.00115
116.53677,0.48529,0.11203,0.00029,0.88681,0.00087
116.63971,0.48529,0.08943,0.00029,0.90940,0.00088
116.74265,0.48530,0.08289,0.00028,0.91600,0.00083
116.84559,0.48529,0.07760,0.00025,0.92139,0.00076
116.94853,0.48529,0.08274,0.00026,0.91623,0.00076
117.05147,0.48530,0.07554,0.00023,0.92359,0.00063
117.15441,0.48530,0.07931,0.00022,0.91984,0.00064
117.25735,0.48529,0.07975,0.00024,0.91930,0.00071
117.36029,0.48530,0.08353,0.00027,0.91542,0.00077
117.46323,0.48530,0.08796,0.00029,0.91090,0.00085
117.56618,0.48529,0.08136,0.00025,0.91765,0.00075
117.66912,0.48529,0.08357,0.00024,0.91542,0.00078
117.77206,0.48530,0.08877,0.00029,0.91012,0.00082
117.87500,0.48529,0.08795,0.00028,0.91103,0.00075
117.97794,0.48529,0.09710,0.00026,0.90194,0.00070
118.08088,0.48530,0.13492,0.00029,0.86382,0.00097
118.18382,0.48530,0.20175,0.00032,0.79664,0.00129
118.28677,0.48529,0.44473,0.00028,0.55297,0.00203
118.38971,0.48529,0.85209,0.00008,0.14646,0.00136
118.49265,0.48530,0.98281,0.00026,0.01382,0.00311
118.59559,0.48529,0.99935,0.00000,0.00019,0.00046
118.69853,0.48529,0.99708,0.00082,0.00150,0.00061
118.80147,0.48530,0.72099,0.01110,0.00072,0.26719
118.90441,0.48530,0.05715,0.00110,0.00003,0.94172
119.00735,0.48529,0.08713,0.00063,0.00005,0.91218
119.11029,0.48530,0.09141,0.00066,0.00005,0.90788
119.21323,0.48530,0.24841,0.00012,0.00000,0.75146
119.31618,0.48529,0.99980,0.00000,0.00002,0.00018
119.41912,0.48529,0.99470,0.00000,0.00287,0.00243
119.52206,0.48530,0.98889,0.00001,0.00935,0.00176
119.62500,0.48529,0.99788,0.00010,0.00059,0.00142
119.72794,0.48529,0.59403,0.00140,0.40303,0.00153
119.83088,0.48530,0.26237,0.00068,0.73522,0.00173
119.93382,0.48530,0.15975,0.00051,0.83823,0.00151
120.03677,0.48529,0.13219,0.00047,0.86579,0.00155
120.13971,0.48529,0.10215,0.00030,0.89641,0.00114
120.24265,0.48530,0.10737,0.00034,0.89114,0.00115
120.34559,0.48529,0.09824,0.00028,0.90054,0.00094
120.44853,0.48529,0.09302,0.00022,0.90602,0.00074
120.55147,0.48530,0.09284,0.00022,0.90622,0.00072
120.65441,0.48530,0.09729,0.00025,0.90161,0.00085
120.75735,0.48529,0.09868,0.00029,0.90009,0.00094
120.86029,0.48530,0.10199,0.00036,0.89656,0.00109
120.96323,0.48530,0.10208,0.00038,0.89636,0.00118
121.06618,0.48529,0.10636,0.00038,0.89199,0.00126
121.16912,0.48529,0.10167,0.00032,0.89692,0.00108
121.27206,0.48530,0.09307,0.00023,0.90597,0.00073
121.37500,0.48529,0.10348,0.00032,0.89524,0.00096
121.47794,0.48529,0.09734,0.00024,0.90155,0.00088
121.58088,0.48530,0.09135,0.00025,0.90756,0.00084
121.68382,0.48530,0.09755,0.00032,0.90110,0.00103
