Time(Seconds),Length(Seconds),Label(string),Confidence(double),Comment(string)
0.0342977,2.3646898,Wet,1,
2.6154262,0.3315462,Touch,1,
3.1428669,0.9918391,Wet,1,
4.3269896,0.3214116,Touch,1,
4.8241553,1.1127951,Wet,1,
6.0920496,0.4936997,Touch,1,
6.7999545,1.118843,Wet,1,
8.1811782,0.4618482,Touch,1,
8.9106367,1.0160304,Wet,1,
10.1289152,0.5617464,Touch,1,
11.0092233,1.0825561,Wet,1,
12.3684584,0.5414772,Touch,1,
13.2216705,0.8225008,Wet,1,
14.310265,1.0438638,Touch,1,
15.7012685,0.7862139,Wet,1,
16.7194726,0.6022847,Touch,1,
17.6493612,0.9555523,Wet,1,
18.8745122,0.5545073,Touch,1,
19.6753742,1.0039347,Wet,1,
20.9602094,0.5747765,Touch,1,
21.7497696,0.8225008,Wet,1,
22.9353826,0.5704332,Touch,1,
23.7567659,1.0341737,Wet,1,
24.9629165,0.6124194,Touch,1,
25.8493047,0.9736957,Wet,1,
27.0701594,0.5689853,Touch,1,
27.8874133,0.9918392,Wet,1,
29.153988,0.564642,Touch,1,
30.0209645,0.9978869,Wet,1,
31.2871938,0.5110734,Touch,1,
32.0288341,1.0523172,Wet,1,
33.3421239,0.5516118,Touch,1,
34.1901476,0.8466919,Wet,1,
35.2918031,0.6297929,Touch,1,
36.1375392,0.8285485,Wet,1,
37.3105607,0.5125211,Touch,1,
38.0318248,0.9797436,Wet,1,
39.3091659,0.5718809,Touch,1,
40.1062202,0.725736,Wet,1,
41.1482377,0.6703314,Touch,1,
42.1019943,1.9111047,Wet,1,
44.2801423,0.4444745,Touch,1,
44.9547244,1.8869135,Wet,1,
47.0794831,0.6544056,Touch,1,
48.0407081,2.7033665,Wet,1,
50.9961111,0.5516117,Touch,1,
51.7177705,2.7154621,Wet,1,
54.6102993,0.4980431,Touch,1,
55.3731586,2.4312156,Wet,1,
58.1342326,0.4719828,Touch,1,
58.8747588,1.8203877,Wet,1,
60.9939716,0.5849112,Touch,1,
61.7958462,2.0018218,Wet,1,
64.050608,0.4502657,Touch,1,
64.7953852,1.8506268,Wet,1,
67.0897461,0.6167628,Touch,1,
67.9704109,1.7357185,Wet,1,
70.0927211,0.6399275,Touch,1,
70.9822152,1.5482368,Wet,1,
72.8178035,0.3966972,Touch,1,
73.4396767,1.0523171,Wet,1,
74.6873497,0.4111752,Touch,1,
75.3507815,1.5119499,Wet,1,
77.1042698,0.325755,Touch,1,
77.7591436,1.2518946,Wet,1,
79.2924903,0.311277,Touch,1,
79.9629659,1.5905714,Wet,1,
81.8698859,0.3156204,Touch,1,
82.5211853,1.4393764,Wet,1,
84.3668765,0.3272027,Touch,1,
85.0086712,2.0441564,Wet,1,
87.3932117,0.5950458,Touch,1,
88.3127174,1.4030896,Wet,1,
90.0451873,0.7050786,Touch,1,
91.1128488,1.6570972,Wet,1,
93.1393465,0.4994909,Touch,1,
94.0528746,1.1853688,Wet,1,
95.5096875,0.369189,Touch,1,
96.1635568,2.0441564,Wet,1,
98.4546354,0.3590544,Touch,1,
99.1147469,1.663145,Wet,1,
100.9962551,0.3880103,Touch,1,
101.6729663,1.9473916,Wet,1,
103.7707448,0.3489197,Touch,1,
104.3643555,1.6570971,Wet,1,
106.2147779,0.4039362,Touch,1,
106.8681447,1.6450016,Wet,1,
108.6838301,0.2852166,Touch,1,
109.2159751,1.5179978,Wet,1,
110.965596,0.4763261,Touch,1,
111.753016,1.6026669,Wet,1,
113.5377954,0.4039362,Touch,1,
114.248667,1.5966192,Wet,1,
116.2821008,0.4473702,Touch,1,
117.0377926,1.4333285,Wet,1,
118.901105,0.1679448,Touch,1,
119.418388,1.4393764,Wet,1,
