Time (seconds), Duration (seconds),pred_unlabelled,pred_Dry,pred_Wet,pred_Touch
0.00735,0.48529,0.05061,0.93516,0.01097,0.00326
0.11029,0.48529,0.05061,0.93516,0.01097,0.00326
0.21324,0.48529,0.05061,0.93516,0.01097,0.00326
0.31618,0.48529,0.05061,0.93516,0.01097,0.00326
0.41912,0.48529,0.05061,0.93516,0.01097,0.00326
0.52206,0.48529,0.05061,0.93516,0.01097,0.00326
0.62500,0.48529,0.05061,0.93516,0.01097,0.00326
0.72794,0.48529,0.05061,0.93516,0.01097,0.00326
0.83088,0.48529,0.05061,0.93516,0.01097,0.00326
0.93382,0.48529,0.05061,0.93516,0.01097,0.00326
1.03676,0.48529,0.05061,0.93516,0.01097,0.00326
1.13971,0.48529,0.05061,0.93516,0.01097,0.00326
1.24265,0.48529,0.05061,0.93516,0.01097,0.00326
1.34559,0.48529,0.05061,0.93516,0.01097,0.00326
1.44853,0.48529,0.05061,0.93516,0.01097,0.00326
1.55147,0.48529,0.05061,0.93516,0.01097,0.00326
1.65441,0.48529,0.05061,0.93516,0.01097,0.00326
1.75735,0.48529,0.53055,0.13647,0.31819,0.01480
1.86029,0.48529,0.83770,0.01865,0.14070,0.00296
1.96324,0.48529,0.97442,0.00214,0.02333,0.00010
2.06618,0.48529,0.90697,0.00156,0.09129,0.00019
2.16912,0.48529,0.94449,0.00435,0.05059,0.00057
2.27206,0.48529,0.99935,0.00003,0.00038,0.00023
2.37500,0.48529,0.99700,0.00050,0.00151,0.00098
2.47794,0.48529,0.99663,0.00025,0.00038,0.00274
2.58088,0.48529,0.63245,0.00179,0.00088,0.36488
2.68382,0.48529,0.44492,0.00294,0.00006,0.55208
2.78676,0.48529,0.99933,0.00000,0.00041,0.00026
2.88971,0.48529,0.98811,0.00005,0.01173,0.00011
2.99265,0.48529,0.98773,0.00019,0.01178,0.00030
3.09559,0.48529,0.99636,0.00180,0.00145,0.00039
3.19853,0.48529,0.95711,0.02127,0.01850,0.00312
3.30147,0.48529,0.65688,0.20945,0.11679,0.01689
3.40441,0.48529,0.54826,0.36959,0.06299,0.01915
3.50735,0.48529,0.05061,0.93516,0.01097,0.00326
3.61029,0.48529,0.05061,0.93516,0.01097,0.00326
3.71324,0.48529,0.05061,0.93516,0.01097,0.00326
3.81618,0.48529,0.05061,0.93516,0.01097,0.00326
3.91912,0.48529,0.05061,0.93516,0.01097,0.00326
4.02206,0.48529,0.05061,0.93516,0.01097,0.00326
4.12500,0.48529,0.05061,0.93516,0.01097,0.00326
4.22794,0.48529,0.05061,0.93516,0.01097,0.00326
4.33088,0.48529,0.05061,0.93516,0.01097,0.00326
4.43382,0.48529,0.05061,0.93516,0.01097,0.00326
4.53676,0.48529,0.50157,0.19803,0.27991,0.02048
4.63971,0.48529,0.90783,0.00896,0.08197,0.00124
4.74265,0.48529,0.95430,0.00226,0.04326,0.00017
4.84559,0.48529,0.94857,0.00864,0.04198,0.00081
4.94853,0.48529,0.99934,0.00002,0.00034,0.00030
5.05147,0.48529,0.99785,0.00040,0.00159,0.00017
5.15441,0.48529,0.99975,0.00005,0.00006,0.00013
5.25735,0.48529,0.51056,0.00061,0.00039,0.48844
5.36029,0.48529,0.56418,0.00001,0.00002,0.43579
5.46324,0.48529,0.99974,0.00000,0.00010,0.00016
5.56618,0.48529,0.99934,0.00000,0.00063,0.00002
5.66912,0.48529,0.97882,0.00002,0.02103,0.00013
5.77206,0.48529,0.99956,0.00032,0.00000,0.00012
5.87500,0.48529,0.91072,0.02214,0.05170,0.01543
5.97794,0.48529,0.05061,0.93516,0.01097,0.00326
6.08088,0.48529,0.05061,0.93516,0.01097,0.00326
6.18382,0.48529,0.05061,0.93516,0.01097,0.00326
6.28676,0.48529,0.05061,0.93516,0.01097,0.00326
6.38971,0.48529,0.05061,0.93516,0.01097,0.00326
6.49265,0.48529,0.05061,0.93516,0.01097,0.00326
6.59559,0.48529,0.05061,0.93516,0.01097,0.00326
6.69853,0.48529,0.05061,0.93516,0.01097,0.00326
6.80147,0.48529,0.05061,0.93516,0.01097,0.00326
6.90441,0.48529,0.05061,0.93516,0.01097,0.00326
7.00735,0.48529,0.05061,0.93516,0.01097,0.00326
7.11029,0.48529,0.05061,0.93516,0.01097,0.00326
7.21324,0.48529,0.05061,0.93516,0.01097,0.00326
7.31618,0.48529,0.64940,0.06708,0.27270,0.01082
7.41912,0.48529,0.86231,0.01261,0.12400,0.00109
7.52206,0.48529,0.96273,0.00676,0.03014,0.00036
7.62500,0.48529,0.99867,0.00030,0.00006,0.00097
7.72794,0.48529,0.99984,0.00013,0.00003,0.00001
7.83088,0.48529,0.99968,0.00005,0.00001,0.00026
7.93382,0.48529,0.04166,0.00001,0.00000,0.95833
8.03677,0.48529,0.99833,0.00035,0.00004,0.00128
8.13971,0.48529,0.99993,0.00000,0.00006,0.00001
8.24265,0.48529,0.99539,0.00000,0.00460,0.00001
8.34559,0.48529,0.99256,0.00020,0.00723,0.00001
8.44853,0.48529,0.66221,0.00022,0.33697,0.00059
8.55147,0.48529,0.80180,0.00114,0.19578,0.00128
8.65441,0.48529,0.98374,0.00161,0.01350,0.00115
8.75735,0.48529,0.98973,0.00163,0.00840,0.00025
8.86029,0.48529,0.98863,0.00116,0.00885,0.00136
8.96323,0.48529,0.98328,0.01260,0.00374,0.00037
9.06618,0.48529,0.99212,0.00574,0.00156,0.00057
9.16912,0.48529,0.97896,0.01393,0.00467,0.00244
9.27206,0.48529,0.93568,0.03277,0.01485,0.01670
9.37500,0.48529,0.64545,0.27722,0.06279,0.01454
9.47794,0.48529,0.17611,0.80181,0.01582,0.00626
9.58088,0.48529,0.28491,0.66027,0.04247,0.01236
9.68382,0.48529,0.49443,0.23784,0.24774,0.02000
9.78677,0.48529,0.76941,0.11851,0.10747,0.00461
9.88971,0.48529,0.94286,0.00707,0.04959,0.00048
9.99265,0.48529,0.97964,0.00058,0.01959,0.00018
10.09559,0.48529,0.91375,0.00336,0.08143,0.00146
10.19853,0.48529,0.83213,0.01126,0.15507,0.00154
10.30147,0.48529,0.99765,0.00031,0.00193,0.00012
10.40441,0.48529,0.99995,0.00000,0.00001,0.00004
10.50735,0.48529,0.99941,0.00014,0.00013,0.00032
10.61029,0.48529,0.09280,0.00002,0.00015,0.90703
10.71323,0.48529,0.99949,0.00001,0.00000,0.00050
10.81618,0.48529,0.99748,0.00000,0.00246,0.00005
10.91912,0.48529,0.98647,0.00000,0.01352,0.00001
11.02206,0.48529,0.99754,0.00164,0.00019,0.00063
11.12500,0.48529,0.97674,0.00094,0.02176,0.00056
11.22794,0.48529,0.98900,0.00117,0.00934,0.00050
11.33088,0.48529,0.94976,0.01446,0.02631,0.00947
11.43382,0.48529,0.66276,0.25677,0.06746,0.01300
11.53677,0.48529,0.36163,0.50967,0.10409,0.02461
11.63971,0.48529,0.34832,0.53111,0.10176,0.01881
11.74265,0.48529,0.05061,0.93516,0.01097,0.00326
11.84559,0.48529,0.05061,0.93516,0.01097,0.00326
11.94853,0.48529,0.05061,0.93516,0.01097,0.00326
12.05147,0.48529,0.05061,0.93516,0.01097,0.00326
12.15441,0.48529,0.05061,0.93516,0.01097,0.00326
12.25735,0.48529,0.05061,0.93516,0.01097,0.00326
12.36029,0.48529,0.05061,0.93516,0.01097,0.00326
12.46323,0.48529,0.05061,0.93516,0.01097,0.00326
12.56618,0.48529,0.05061,0.93516,0.01097,0.00326
12.66912,0.48529,0.61183,0.11282,0.26838,0.00696
12.77206,0.48529,0.84000,0.00525,0.15415,0.00060
12.87500,0.48529,0.94785,0.00990,0.04200,0.00025
12.97794,0.48529,0.97921,0.00372,0.01644,0.00064
13.08088,0.48529,0.99937,0.00000,0.00055,0.00008
13.18382,0.48529,0.99663,0.00015,0.00310,0.00012
13.28677,0.48529,0.95403,0.00016,0.00121,0.04459
13.38971,0.48529,0.11965,0.00000,0.00001,0.88034
13.49265,0.48529,0.99982,0.00000,0.00008,0.00010
13.59559,0.48529,0.99939,0.00000,0.00059,0.00002
13.69853,0.48529,0.99964,0.00000,0.00036,0.00000
13.80147,0.48529,0.92282,0.00172,0.07423,0.00124
13.90441,0.48529,0.92638,0.00046,0.07282,0.00034
14.00735,0.48529,0.92837,0.01060,0.05929,0.00174
14.11029,0.48529,0.92570,0.04325,0.02125,0.00980
14.21323,0.48529,0.65709,0.17227,0.13306,0.03759
14.31618,0.48529,0.28912,0.56540,0.13118,0.01430
14.41912,0.48529,0.05061,0.93516,0.01097,0.00326
14.52206,0.48529,0.05061,0.93516,0.01097,0.00326
14.62500,0.48529,0.05061,0.93516,0.01097,0.00326
14.72794,0.48529,0.05061,0.93516,0.01097,0.00326
14.83088,0.48529,0.05061,0.93516,0.01097,0.00326
14.93382,0.48529,0.05061,0.93516,0.01097,0.00326
15.03677,0.48529,0.05061,0.93516,0.01097,0.00326
15.13971,0.48529,0.05061,0.93516,0.01097,0.00326
15.24265,0.48529,0.05061,0.93516,0.01097,0.00326
15.34559,0.48529,0.52808,0.21787,0.23981,0.01423
15.44853,0.48529,0.72096,0.02080,0.25662,0.00163
15.55147,0.48529,0.94333,0.01207,0.04423,0.00037
15.65441,0.48529,0.97380,0.00346,0.01907,0.00367
15.75735,0.48529,0.99290,0.00089,0.00567,0.00054
15.86029,0.48529,0.99115,0.00068,0.00389,0.00428
15.96323,0.48530,0.11679,0.00050,0.00107,0.88164
16.06618,0.48529,0.93305,0.00198,0.00255,0.06243
16.16912,0.48529,0.99977,0.00008,0.00013,0.00003
16.27206,0.48529,0.99223,0.00039,0.00735,0.00003
16.37500,0.48529,0.98851,0.00503,0.00490,0.00156
16.47794,0.48529,0.98534,0.00316,0.00882,0.00268
16.58088,0.48529,0.77472,0.09842,0.11270,0.01415
16.68382,0.48529,0.05061,0.93516,0.01097,0.00326
16.78676,0.48529,0.05061,0.93516,0.01097,0.00326
16.88971,0.48529,0.05061,0.93516,0.01097,0.00326
16.99265,0.48529,0.05061,0.93516,0.01097,0.00326
17.09559,0.48529,0.05061,0.93516,0.01097,0.00326
17.19853,0.48529,0.05061,0.93516,0.01097,0.00326
17.30147,0.48529,0.05061,0.93516,0.01097,0.00326
17.40441,0.48529,0.05061,0.93516,0.01097,0.00326
17.50735,0.48529,0.05061,0.93516,0.01097,0.00326
17.61029,0.48529,0.05061,0.93516,0.01097,0.00326
17.71324,0.48529,0.05061,0.93516,0.01097,0.00326
17.81618,0.48529,0.05061,0.93516,0.01097,0.00326
17.91912,0.48529,0.05061,0.93516,0.01097,0.00326
18.02206,0.48529,0.77727,0.02705,0.19201,0.00368
18.12500,0.48529,0.93006,0.01360,0.05585,0.00049
18.22794,0.48529,0.99995,0.00000,0.00004,0.00001
18.33088,0.48529,0.99986,0.00000,0.00001,0.00013
18.43382,0.48529,0.99995,0.00000,0.00002,0.00002
18.53676,0.48529,0.55533,0.00002,0.00010,0.44455
18.63971,0.48529,0.12746,0.00068,0.00016,0.87170
18.74265,0.48529,0.91166,0.00030,0.00050,0.08754
18.84559,0.48529,0.99996,0.00000,0.00004,0.00001
18.94853,0.48529,0.99879,0.00000,0.00120,0.00001
19.05147,0.48529,0.98523,0.00003,0.01473,0.00001
19.15441,0.48529,0.99709,0.00052,0.00209,0.00029
19.25735,0.48529,0.99001,0.00216,0.00620,0.00163
19.36029,0.48529,0.88283,0.07501,0.03444,0.00772
19.46324,0.48529,0.58476,0.33631,0.05977,0.01917
19.56618,0.48529,0.05061,0.93516,0.01097,0.00326
19.66912,0.48529,0.05061,0.93516,0.01097,0.00326
19.77206,0.48529,0.05061,0.93516,0.01097,0.00326
19.87500,0.48529,0.05061,0.93516,0.01097,0.00326
19.97794,0.48529,0.05061,0.93516,0.01097,0.00326
20.08088,0.48529,0.05061,0.93516,0.01097,0.00326
20.18382,0.48529,0.05061,0.93516,0.01097,0.00326
20.28676,0.48529,0.05061,0.93516,0.01097,0.00326
20.38971,0.48529,0.79016,0.02090,0.18341,0.00553
20.49265,0.48529,0.94836,0.00901,0.04232,0.00031
20.59559,0.48529,0.97515,0.00476,0.01981,0.00028
20.69853,0.48529,0.99674,0.00023,0.00286,0.00017
20.80147,0.48529,0.99991,0.00000,0.00004,0.00006
20.90441,0.48529,0.99890,0.00017,0.00067,0.00026
21.00735,0.48529,0.99787,0.00029,0.00043,0.00141
21.11029,0.48529,0.74922,0.00745,0.00129,0.24204
21.21324,0.48529,0.02280,0.00074,0.00003,0.97643
21.31618,0.48529,0.99708,0.00007,0.00016,0.00268
21.41912,0.48529,0.99995,0.00000,0.00003,0.00001
21.52206,0.48529,0.99660,0.00000,0.00339,0.00002
21.62500,0.48529,0.99784,0.00089,0.00119,0.00008
21.72794,0.48529,0.99078,0.00372,0.00472,0.00078
21.83088,0.48529,0.95352,0.01058,0.02896,0.00693
21.93382,0.48529,0.66076,0.16455,0.14872,0.02597
22.03676,0.48529,0.05061,0.93516,0.01097,0.00326
22.13971,0.48529,0.05061,0.93516,0.01097,0.00326
22.24265,0.48529,0.05061,0.93516,0.01097,0.00326
22.34559,0.48529,0.05061,0.93516,0.01097,0.00326
22.44853,0.48529,0.05061,0.93516,0.01097,0.00326
22.55147,0.48529,0.05061,0.93516,0.01097,0.00326
22.65441,0.48529,0.05061,0.93516,0.01097,0.00326
22.75735,0.48529,0.05061,0.93516,0.01097,0.00326
22.86029,0.48529,0.05061,0.93516,0.01097,0.00326
22.96324,0.48529,0.64924,0.17603,0.15713,0.01761
23.06618,0.48529,0.92189,0.01131,0.06534,0.00146
23.16912,0.48529,0.97265,0.00250,0.02478,0.00008
23.27206,0.48529,0.99998,0.00000,0.00001,0.00001
23.37500,0.48529,0.99975,0.00001,0.00003,0.00021
23.47794,0.48529,0.99959,0.00001,0.00023,0.00017
23.58088,0.48529,0.83364,0.00041,0.00123,0.16473
23.68382,0.48529,0.03769,0.00006,0.00010,0.96215
23.78676,0.48529,0.98877,0.00008,0.00039,0.01076
23.88971,0.48529,0.99815,0.00000,0.00174,0.00010
23.99265,0.48529,0.98606,0.00000,0.01393,0.00001
24.09559,0.48529,0.93769,0.00036,0.06171,0.00024
24.19853,0.48529,0.82494,0.00131,0.17222,0.00153
24.30147,0.48529,0.94027,0.00244,0.05290,0.00439
24.40441,0.48529,0.92743,0.04029,0.02852,0.00375
24.50735,0.48529,0.78977,0.09128,0.10346,0.01549
24.61029,0.48529,0.69541,0.17623,0.08094,0.04742
24.71324,0.48529,0.05061,0.93516,0.01097,0.00326
24.81618,0.48529,0.05061,0.93516,0.01097,0.00326
24.91912,0.48529,0.05061,0.93516,0.01097,0.00326
25.02206,0.48529,0.05061,0.93516,0.01097,0.00326
25.12500,0.48529,0.05061,0.93516,0.01097,0.00326
25.22794,0.48529,0.05061,0.93516,0.01097,0.00326
25.33088,0.48529,0.73551,0.05585,0.19999,0.00865
25.43382,0.48529,0.92385,0.01137,0.06369,0.00108
25.53676,0.48529,0.98110,0.00118,0.01760,0.00012
25.63971,0.48529,0.92581,0.00635,0.06717,0.00068
25.74265,0.48529,0.96651,0.00030,0.03298,0.00020
25.84559,0.48529,0.99962,0.00000,0.00036,0.00002
25.94853,0.48529,0.98909,0.00079,0.00966,0.00046
26.05147,0.48529,0.98846,0.00002,0.00025,0.01128
26.15441,0.48529,0.05169,0.00000,0.00001,0.94829
26.25735,0.48529,0.99942,0.00000,0.00005,0.00053
26.36029,0.48529,0.99952,0.00000,0.00048,0.00000
26.46324,0.48529,0.99732,0.00000,0.00267,0.00001
26.56618,0.48529,0.99997,0.00001,0.00000,0.00001
26.66912,0.48529,0.98841,0.00222,0.00699,0.00237
26.77206,0.48529,0.87641,0.09366,0.02435,0.00558
26.87500,0.48529,0.35500,0.59043,0.04105,0.01353
26.97794,0.48529,0.05061,0.93516,0.01097,0.00326
27.08088,0.48529,0.05061,0.93516,0.01097,0.00326
27.18382,0.48529,0.05061,0.93516,0.01097,0.00326
27.28676,0.48529,0.05061,0.93516,0.01097,0.00326
27.38971,0.48529,0.05061,0.93516,0.01097,0.00326
27.49265,0.48529,0.05061,0.93516,0.01097,0.00326
27.59559,0.48529,0.05061,0.93516,0.01097,0.00326
27.69853,0.48529,0.05061,0.93516,0.01097,0.00326
27.80147,0.48529,0.77571,0.02757,0.19300,0.00373
27.90441,0.48529,0.89981,0.01679,0.08279,0.00061
28.00735,0.48529,0.96190,0.01009,0.02785,0.00016
28.11029,0.48529,0.98352,0.00721,0.00890,0.00037
28.21324,0.48529,0.99966,0.00022,0.00002,0.00010
28.31618,0.48529,0.99918,0.00003,0.00061,0.00018
28.41912,0.48529,0.99505,0.00013,0.00019,0.00464
28.52206,0.48529,0.27748,0.00103,0.00187,0.71962
28.62500,0.48529,0.97131,0.00130,0.00000,0.02738
28.72794,0.48529,0.99982,0.00000,0.00015,0.00003
28.83088,0.48529,0.99806,0.00000,0.00192,0.00001
28.93382,0.48529,0.99344,0.00021,0.00624,0.00011
29.03676,0.48529,0.99260,0.00080,0.00563,0.00097
29.13971,0.48529,0.95676,0.00792,0.02955,0.00576
29.24265,0.48529,0.73286,0.14197,0.10885,0.01632
29.34559,0.48529,0.05061,0.93516,0.01097,0.00326
29.44853,0.48529,0.05061,0.93516,0.01097,0.00326
29.55147,0.48529,0.05061,0.93516,0.01097,0.00326
29.65441,0.48529,0.05061,0.93516,0.01097,0.00326
29.75735,0.48529,0.05061,0.93516,0.01097,0.00326
29.86029,0.48529,0.05061,0.93516,0.01097,0.00326
29.96324,0.48529,0.05061,0.93516,0.01097,0.00326
30.06618,0.48529,0.54084,0.12340,0.32135,0.01441
30.16912,0.48529,0.82620,0.02141,0.14982,0.00257
30.27206,0.48529,0.95640,0.00609,0.03733,0.00018
30.37500,0.48529,0.99155,0.00084,0.00715,0.00046
30.47794,0.48529,0.99994,0.00000,0.00005,0.00001
30.58088,0.48529,0.99978,0.00002,0.00016,0.00004
30.68382,0.48529,0.94677,0.00008,0.00023,0.05291
30.78676,0.48529,0.06014,0.00002,0.00000,0.93983
30.88971,0.48529,0.98782,0.00005,0.00002,0.01212
30.99265,0.48529,0.99973,0.00000,0.00021,0.00006
31.09559,0.48529,0.99825,0.00001,0.00173,0.00001
31.19853,0.48529,0.99928,0.00011,0.00050,0.00011
31.30147,0.48529,0.98066,0.00481,0.01265,0.00188
31.40441,0.48529,0.90837,0.01861,0.06084,0.01218
31.50735,0.48529,0.39000,0.47996,0.10972,0.02032
31.61029,0.48529,0.05061,0.93516,0.01097,0.00326
31.71324,0.48529,0.05061,0.93516,0.01097,0.00326
31.81618,0.48529,0.05061,0.93516,0.01097,0.00326
31.91912,0.48529,0.05061,0.93516,0.01097,0.00326
32.02206,0.48529,0.05061,0.93516,0.01097,0.00326
32.12500,0.48529,0.05061,0.93516,0.01097,0.00326
32.22794,0.48529,0.05061,0.93516,0.01097,0.00326
32.33088,0.48529,0.57605,0.17083,0.23891,0.01421
32.43382,0.48529,0.84364,0.01391,0.14128,0.00117
32.53677,0.48529,0.95609,0.01184,0.03190,0.00017
32.63971,0.48529,0.99171,0.00142,0.00637,0.00051
32.74265,0.48529,0.99991,0.00000,0.00007,0.00002
32.84559,0.48529,0.99954,0.00002,0.00033,0.00011
32.94853,0.48529,0.92332,0.00006,0.00021,0.07641
33.05147,0.48529,0.05177,0.00003,0.00001,0.94820
33.15441,0.48529,0.99131,0.00009,0.00003,0.00857
33.25735,0.48529,0.99973,0.00000,0.00022,0.00004
33.36029,0.48529,0.99524,0.00000,0.00474,0.00001
33.46323,0.48529,0.99776,0.00012,0.00193,0.00018
33.56618,0.48529,0.98890,0.00245,0.00744,0.00121
33.66912,0.48529,0.93396,0.02073,0.04095,0.00436
33.77206,0.48529,0.66385,0.16458,0.14632,0.02525
33.87500,0.48529,0.05061,0.93516,0.01097,0.00326
33.97794,0.48529,0.05061,0.93516,0.01097,0.00326
34.08088,0.48529,0.05061,0.93516,0.01097,0.00326
34.18382,0.48529,0.05061,0.93516,0.01097,0.00326
34.28677,0.48529,0.05061,0.93516,0.01097,0.00326
34.38971,0.48529,0.05061,0.93516,0.01097,0.00326
34.49265,0.48529,0.58710,0.08902,0.31070,0.01318
34.59559,0.48529,0.83522,0.02907,0.13268,0.00303
34.69853,0.48529,0.96698,0.00373,0.02917,0.00013
34.80147,0.48529,0.96796,0.00286,0.02897,0.00021
34.90441,0.48529,0.99987,0.00001,0.00006,0.00006
35.00735,0.48529,0.99093,0.00222,0.00561,0.00125
35.11029,0.48529,0.99490,0.00092,0.00131,0.00287
35.21323,0.48529,0.37528,0.00015,0.00008,0.62449
35.31618,0.48529,0.03688,0.00013,0.00001,0.96298
35.41912,0.48529,0.99882,0.00007,0.00029,0.00082
35.52206,0.48529,0.99978,0.00000,0.00022,0.00001
35.62500,0.48529,0.98540,0.00000,0.01457,0.00003
35.72794,0.48529,0.98633,0.01162,0.00170,0.00035
35.83088,0.48529,0.97738,0.00405,0.01454,0.00402
35.93382,0.48529,0.89094,0.03189,0.06368,0.01350
36.03677,0.48529,0.05061,0.93516,0.01097,0.00326
36.13971,0.48529,0.05061,0.93516,0.01097,0.00326
36.24265,0.48529,0.05061,0.93516,0.01097,0.00326
36.34559,0.48529,0.05061,0.93516,0.01097,0.00326
36.44853,0.48529,0.05061,0.93516,0.01097,0.00326
36.55147,0.48529,0.05061,0.93516,0.01097,0.00326
36.65441,0.48529,0.05061,0.93516,0.01097,0.00326
36.75735,0.48529,0.62767,0.11116,0.24877,0.01239
36.86029,0.48529,0.81852,0.01422,0.16614,0.00113
36.96323,0.48529,0.96389,0.01043,0.02553,0.00015
37.06618,0.48529,0.96225,0.01132,0.02561,0.00082
37.16912,0.48529,0.99971,0.00001,0.00011,0.00018
37.27206,0.48529,0.99919,0.00000,0.00075,0.00005
37.37500,0.48529,0.99785,0.00001,0.00165,0.00050
37.47794,0.48529,0.75994,0.00032,0.00095,0.23880
37.58088,0.48529,0.36315,0.00047,0.00149,0.63489
37.68382,0.48529,0.83343,0.00005,0.00037,0.16615
37.78677,0.48529,0.99991,0.00000,0.00008,0.00002
37.88971,0.48529,0.99802,0.00000,0.00198,0.00000
37.99265,0.48529,0.98451,0.00001,0.01547,0.00001
38.09559,0.48529,0.99990,0.00003,0.00000,0.00007
38.19853,0.48529,0.97901,0.00380,0.01504,0.00216
38.30147,0.48529,0.84926,0.03348,0.10229,0.01497
38.40441,0.48529,0.32381,0.51217,0.14661,0.01741
38.50735,0.48529,0.05061,0.93516,0.01097,0.00326
38.61029,0.48529,0.05061,0.93516,0.01097,0.00326
38.71323,0.48529,0.05061,0.93516,0.01097,0.00326
38.81618,0.48529,0.05061,0.93516,0.01097,0.00326
38.91912,0.48529,0.05061,0.93516,0.01097,0.00326
39.02206,0.48529,0.05061,0.93516,0.01097,0.00326
39.12500,0.48529,0.82875,0.03342,0.13258,0.00525
39.22794,0.48529,0.94829,0.00306,0.04849,0.00017
39.33088,0.48529,0.98394,0.00616,0.00965,0.00025
39.43382,0.48529,0.99919,0.00002,0.00040,0.00039
39.53677,0.48529,0.99969,0.00006,0.00014,0.00011
39.63971,0.48529,0.99895,0.00020,0.00006,0.00079
39.74265,0.48529,0.83407,0.00032,0.00005,0.16556
39.84559,0.48529,0.03921,0.00031,0.00004,0.96044
39.94853,0.48529,0.83311,0.00015,0.00011,0.16663
40.05147,0.48529,0.99998,0.00000,0.00002,0.00000
40.15441,0.48529,0.99960,0.00000,0.00034,0.00005
40.25735,0.48529,0.99746,0.00007,0.00238,0.00009
40.36029,0.48529,0.99203,0.00482,0.00189,0.00126
40.46323,0.48529,0.88003,0.04038,0.07188,0.00770
40.56618,0.48529,0.65463,0.24166,0.08357,0.02014
40.66912,0.48529,0.05061,0.93516,0.01097,0.00326
40.77206,0.48529,0.05061,0.93516,0.01097,0.00326
40.87500,0.48529,0.05061,0.93516,0.01097,0.00326
40.97794,0.48529,0.05061,0.93516,0.01097,0.00326
41.08088,0.48529,0.05061,0.93516,0.01097,0.00326
41.18382,0.48529,0.05061,0.93516,0.01097,0.00326
41.28677,0.48529,0.05061,0.93516,0.01097,0.00326
41.38971,0.48529,0.75908,0.03609,0.19654,0.00829
41.49265,0.48529,0.85076,0.02141,0.12635,0.00148
41.59559,0.48529,0.97057,0.00413,0.02503,0.00026
41.69853,0.48529,0.99994,0.00000,0.00004,0.00003
41.80147,0.48529,0.99983,0.00001,0.00008,0.00008
41.90441,0.48529,0.99845,0.00007,0.00055,0.00093
42.00735,0.48529,0.92105,0.00052,0.00149,0.07693
42.11029,0.48529,0.02005,0.00020,0.00002,0.97972
42.21323,0.48529,0.99713,0.00002,0.00005,0.00280
42.31618,0.48529,0.99986,0.00000,0.00011,0.00003
42.41912,0.48529,0.99695,0.00000,0.00303,0.00002
42.52206,0.48529,0.99883,0.00027,0.00084,0.00005
42.62500,0.48529,0.99240,0.00239,0.00491,0.00029
42.72794,0.48529,0.88394,0.04737,0.05126,0.01743
42.83088,0.48529,0.62628,0.21273,0.13524,0.02574
42.93382,0.48529,0.05061,0.93516,0.01097,0.00326
43.03677,0.48529,0.05061,0.93516,0.01097,0.00326
43.13971,0.48529,0.05061,0.93516,0.01097,0.00326
43.24265,0.48529,0.05061,0.93516,0.01097,0.00326
43.34559,0.48529,0.05061,0.93516,0.01097,0.00326
43.44853,0.48529,0.23983,0.67630,0.07127,0.01260
43.55147,0.48529,0.84429,0.02885,0.12378,0.00308
43.65441,0.48529,0.96307,0.00217,0.03468,0.00008
43.75735,0.48529,0.98443,0.00480,0.01065,0.00012
43.86029,0.48529,0.99962,0.00003,0.00003,0.00032
43.96323,0.48529,0.99896,0.00020,0.00071,0.00013
44.06618,0.48529,0.99956,0.00004,0.00007,0.00033
44.16912,0.48529,0.66813,0.00033,0.00012,0.33142
44.27206,0.48529,0.06265,0.00134,0.00017,0.93583
44.37500,0.48529,0.98587,0.00018,0.00005,0.01390
44.47794,0.48529,0.99941,0.00000,0.00052,0.00007
44.58088,0.48529,0.99073,0.00000,0.00924,0.00002
44.68382,0.48529,0.98655,0.00014,0.01321,0.00010
44.78677,0.48529,0.98014,0.00040,0.01772,0.00174
44.88971,0.48529,0.96691,0.01019,0.02162,0.00127
44.99265,0.48529,0.72578,0.14379,0.11827,0.01216
45.09559,0.48529,0.83346,0.09946,0.04085,0.02623
45.19853,0.48529,0.05061,0.93516,0.01097,0.00326
45.30147,0.48529,0.05061,0.93516,0.01097,0.00326
45.40441,0.48529,0.66268,0.14192,0.17751,0.01789
45.50735,0.48529,0.85530,0.01504,0.12821,0.00145
45.61029,0.48529,0.97557,0.00203,0.02231,0.00009
45.71323,0.48529,0.90410,0.00506,0.09022,0.00062
45.81618,0.48529,0.94121,0.00609,0.05226,0.00044
45.91912,0.48529,0.99976,0.00021,0.00000,0.00003
46.02206,0.48529,0.99976,0.00001,0.00018,0.00004
46.12500,0.48529,0.99477,0.00005,0.00004,0.00513
46.22794,0.48529,0.71983,0.00012,0.00034,0.27970
46.33088,0.48529,0.02319,0.00050,0.00000,0.97630
46.43382,0.48529,0.76935,0.00001,0.00005,0.23059
46.53677,0.48529,0.99997,0.00000,0.00001,0.00002
46.63971,0.48529,0.99797,0.00000,0.00202,0.00001
46.74265,0.48529,0.98154,0.00001,0.01843,0.00002
46.84559,0.48529,0.99997,0.00001,0.00000,0.00003
46.94853,0.48529,0.97275,0.00430,0.01850,0.00445
47.05147,0.48529,0.67551,0.21521,0.09513,0.01414
47.15441,0.48529,0.05061,0.93516,0.01097,0.00326
47.25735,0.48529,0.05061,0.93516,0.01097,0.00326
47.36029,0.48529,0.05061,0.93516,0.01097,0.00326
47.46323,0.48529,0.05061,0.93516,0.01097,0.00326
47.56618,0.48529,0.05061,0.93516,0.01097,0.00326
47.66912,0.48529,0.05061,0.93516,0.01097,0.00326
47.77206,0.48529,0.55657,0.13347,0.29181,0.01814
47.87500,0.48529,0.91558,0.00865,0.07480,0.00097
47.97794,0.48529,0.96209,0.00183,0.03599,0.00009
48.08088,0.48529,0.91897,0.00669,0.07361,0.00073
48.18382,0.48529,0.96342,0.00272,0.03327,0.00059
48.28677,0.48529,0.99991,0.00000,0.00004,0.00004
48.38971,0.48529,0.98910,0.00123,0.00695,0.00273
48.49265,0.48529,0.98946,0.00113,0.00429,0.00511
48.59559,0.48529,0.35733,0.00031,0.00015,0.64221
48.69853,0.48529,0.11909,0.00023,0.00000,0.88067
48.80147,0.48529,0.99990,0.00000,0.00001,0.00008
48.90441,0.48529,0.99875,0.00000,0.00118,0.00007
49.00735,0.48529,0.99886,0.00000,0.00112,0.00001
49.11029,0.48529,0.99927,0.00068,0.00000,0.00006
49.21323,0.48529,0.97509,0.00839,0.01362,0.00290
49.31618,0.48529,0.87536,0.04955,0.04993,0.02516
49.41912,0.48529,0.05061,0.93516,0.01097,0.00326
49.52206,0.48529,0.05061,0.93516,0.01097,0.00326
49.62500,0.48529,0.05061,0.93516,0.01097,0.00326
49.72794,0.48529,0.05061,0.93516,0.01097,0.00326
49.83088,0.48529,0.05061,0.93516,0.01097,0.00326
49.93382,0.48529,0.23778,0.62709,0.12021,0.01491
50.03677,0.48529,0.82377,0.01657,0.15705,0.00261
50.13971,0.48529,0.95246,0.00977,0.03754,0.00023
50.24265,0.48529,0.97909,0.00531,0.01521,0.00039
50.34559,0.48529,0.99995,0.00000,0.00003,0.00002
50.44853,0.48529,0.99921,0.00001,0.00072,0.00006
50.55147,0.48529,0.98965,0.00000,0.00003,0.01031
50.65441,0.48529,0.15273,0.00006,0.00001,0.84720
50.75735,0.48529,0.06135,0.00107,0.00025,0.93733
50.86029,0.48529,0.07418,0.00114,0.00024,0.92444
50.96323,0.48529,0.97943,0.00003,0.00003,0.02051
51.06618,0.48529,0.99996,0.00000,0.00002,0.00002
51.16912,0.48529,0.99937,0.00000,0.00063,0.00001
51.27206,0.48529,0.99634,0.00002,0.00363,0.00001
51.37500,0.48529,0.99364,0.00226,0.00343,0.00068
51.47794,0.48529,0.98926,0.00170,0.00806,0.00098
51.58088,0.48529,0.87946,0.04405,0.06048,0.01601
51.68382,0.48529,0.35046,0.55540,0.08267,0.01147
51.78677,0.48529,0.05061,0.93516,0.01097,0.00326
51.88971,0.48529,0.65616,0.17792,0.15104,0.01488
51.99265,0.48529,0.85048,0.01143,0.13715,0.00094
52.09559,0.48529,0.95802,0.00286,0.03903,0.00008
52.19853,0.48529,0.98356,0.00660,0.00960,0.00025
52.30147,0.48529,0.99943,0.00001,0.00035,0.00021
52.40441,0.48529,0.99464,0.00020,0.00470,0.00045
52.50735,0.48529,0.96740,0.00003,0.00035,0.03222
52.61029,0.48529,0.15819,0.00026,0.00004,0.84151
52.71323,0.48529,0.06203,0.00079,0.00018,0.93701
52.81618,0.48529,0.04482,0.00119,0.00014,0.95385
52.91912,0.48529,0.99487,0.00005,0.00010,0.00498
53.02206,0.48529,0.99989,0.00000,0.00009,0.00002
53.12500,0.48529,0.99340,0.00000,0.00657,0.00003
53.22794,0.48529,0.99590,0.00139,0.00245,0.00027
53.33088,0.48529,0.98474,0.00323,0.01059,0.00144
53.43382,0.48529,0.91728,0.02800,0.04529,0.00943
53.53677,0.48529,0.59200,0.20699,0.17459,0.02641
53.63971,0.48529,0.05061,0.93516,0.01097,0.00326
53.74265,0.48529,0.05061,0.93516,0.01097,0.00326
53.84559,0.48529,0.05061,0.93516,0.01097,0.00326
53.94853,0.48529,0.05061,0.93516,0.01097,0.00326
54.05147,0.48529,0.05061,0.93516,0.01097,0.00326
54.15441,0.48529,0.83404,0.02378,0.13693,0.00525
54.25735,0.48529,0.88864,0.00691,0.10399,0.00045
54.36029,0.48529,0.96127,0.00323,0.03542,0.00009
54.46323,0.48529,0.98995,0.00088,0.00890,0.00026
54.56618,0.48529,0.99847,0.00012,0.00082,0.00058
54.66912,0.48529,0.98660,0.00174,0.00640,0.00526
54.77206,0.48529,0.83077,0.00329,0.00230,0.16363
54.87500,0.48529,0.09304,0.00261,0.00286,0.90150
54.97794,0.48529,0.10166,0.00351,0.00027,0.89456
55.08088,0.48529,0.98958,0.00004,0.00203,0.00835
55.18382,0.48529,0.99781,0.00043,0.00174,0.00002
55.28677,0.48529,0.99054,0.00037,0.00864,0.00045
55.38971,0.48529,0.99125,0.00705,0.00064,0.00107
55.49265,0.48529,0.92807,0.01649,0.04662,0.00882
55.59559,0.48529,0.27735,0.57695,0.13046,0.01525
55.69853,0.48529,0.05061,0.93516,0.01097,0.00326
55.80147,0.48529,0.05061,0.93516,0.01097,0.00326
55.90441,0.48529,0.05061,0.93516,0.01097,0.00326
56.00735,0.48529,0.05061,0.93516,0.01097,0.00326
56.11029,0.48529,0.61503,0.11293,0.25980,0.01224
56.21323,0.48529,0.88172,0.01387,0.10352,0.00089
56.31618,0.48529,0.94268,0.03102,0.02587,0.00042
56.41912,0.48529,0.99976,0.00000,0.00004,0.00020
56.52206,0.48529,0.99836,0.00086,0.00055,0.00023
56.62500,0.48529,0.99995,0.00001,0.00000,0.00003
56.72794,0.48529,0.46719,0.00038,0.00031,0.53213
56.83088,0.48529,0.04321,0.00151,0.00005,0.95523
56.93382,0.48529,0.06084,0.00123,0.00022,0.93771
57.03677,0.48529,0.26242,0.00015,0.00004,0.73738
57.13971,0.48529,0.99996,0.00000,0.00002,0.00002
57.24265,0.48529,0.99911,0.00000,0.00087,0.00002
57.34559,0.48529,0.98286,0.00000,0.01713,0.00001
57.44853,0.48529,0.99972,0.00012,0.00000,0.00015
57.55147,0.48529,0.99040,0.00217,0.00609,0.00135
57.65441,0.48529,0.76708,0.09602,0.12611,0.01078
57.75735,0.48529,0.53320,0.35790,0.08925,0.01965
57.86029,0.48529,0.05061,0.93516,0.01097,0.00326
57.96323,0.48529,0.05061,0.93516,0.01097,0.00326
58.06618,0.48529,0.77607,0.03564,0.18139,0.00690
58.16912,0.48529,0.94785,0.00228,0.04968,0.00019
58.27206,0.48529,0.97195,0.00304,0.02493,0.00008
58.37500,0.48529,0.96163,0.00783,0.02895,0.00159
58.47794,0.48529,0.99984,0.00000,0.00007,0.00008
58.58088,0.48529,0.99831,0.00035,0.00123,0.00012
58.68382,0.48529,0.99993,0.00003,0.00001,0.00003
58.78677,0.48529,0.40861,0.00043,0.00040,0.59057
58.88971,0.48529,0.03684,0.00093,0.00005,0.96218
58.99265,0.48529,0.06935,0.00086,0.00021,0.92958
59.09559,0.48529,0.07675,0.00104,0.00024,0.92197
59.19853,0.48529,0.97627,0.00006,0.00006,0.02361
59.30147,0.48529,0.99998,0.00000,0.00001,0.00001
59.40441,0.48529,0.99895,0.00000,0.00102,0.00003
59.50735,0.48529,0.98840,0.00018,0.01129,0.00013
59.61029,0.48529,0.98783,0.00352,0.00703,0.00161
59.71323,0.48529,0.90067,0.02082,0.06283,0.01568
59.81618,0.48529,0.38436,0.43533,0.16323,0.01708
59.91912,0.48529,0.05061,0.93516,0.01097,0.00326
60.02206,0.48529,0.05061,0.93516,0.01097,0.00326
60.12500,0.48529,0.05061,0.93516,0.01097,0.00326
60.22794,0.48529,0.64097,0.05717,0.29057,0.01128
60.33088,0.48529,0.89880,0.01006,0.09000,0.00114
60.43382,0.48529,0.96447,0.00361,0.03181,0.00011
60.53677,0.48529,0.93320,0.00692,0.05922,0.00067
60.63971,0.48529,0.99992,0.00000,0.00004,0.00004
60.74265,0.48529,0.98616,0.00070,0.01273,0.00041
60.84559,0.48529,0.99651,0.00036,0.00137,0.00175
60.94853,0.48529,0.45092,0.00009,0.00012,0.54887
61.05147,0.48529,0.04745,0.00078,0.00008,0.95170
61.15441,0.48529,0.08036,0.00034,0.00011,0.91919
61.25735,0.48529,0.99897,0.00004,0.00028,0.00071
61.36029,0.48529,0.99977,0.00000,0.00022,0.00001
61.46323,0.48529,0.98918,0.00000,0.01079,0.00003
61.56618,0.48529,0.99084,0.00438,0.00411,0.00067
61.66912,0.48529,0.98713,0.00289,0.00769,0.00230
61.77206,0.48529,0.87950,0.02326,0.08611,0.01114
61.87500,0.48529,0.33677,0.54598,0.09888,0.01837
61.97794,0.48529,0.05061,0.93516,0.01097,0.00326
62.08088,0.48529,0.05061,0.93516,0.01097,0.00326
62.18382,0.48529,0.05061,0.93516,0.01097,0.00326
62.28677,0.48529,0.05061,0.93516,0.01097,0.00326
62.38971,0.48529,0.66546,0.05039,0.27408,0.01008
62.49265,0.48529,0.94083,0.00813,0.05027,0.00077
62.59559,0.48529,0.99987,0.00003,0.00002,0.00008
62.69853,0.48529,0.99995,0.00000,0.00001,0.00004
62.80147,0.48529,0.99885,0.00002,0.00025,0.00088
62.90441,0.48529,0.94028,0.00040,0.00125,0.05806
63.00735,0.48529,0.08434,0.00007,0.00001,0.91558
63.11029,0.48529,0.06065,0.00106,0.00022,0.93807
63.21323,0.48529,0.30933,0.00009,0.00005,0.69054
63.31618,0.48529,0.99989,0.00000,0.00005,0.00006
63.41912,0.48529,0.99903,0.00000,0.00094,0.00003
63.52206,0.48529,0.98901,0.00000,0.01098,0.00001
63.62500,0.48529,0.99982,0.00006,0.00000,0.00011
63.72794,0.48529,0.98600,0.00368,0.00846,0.00186
63.83088,0.48529,0.89374,0.01981,0.07693,0.00952
63.93382,0.48530,0.42643,0.43816,0.11371,0.02170
64.03677,0.48529,0.05061,0.93516,0.01097,0.00326
64.13971,0.48529,0.05061,0.93516,0.01097,0.00326
64.24265,0.48530,0.05061,0.93516,0.01097,0.00326
64.34559,0.48529,0.55827,0.17559,0.24589,0.02025
64.44853,0.48529,0.80957,0.01596,0.17306,0.00141
64.55147,0.48530,0.93924,0.01025,0.05025,0.00026
64.65441,0.48530,0.99991,0.00000,0.00007,0.00001
64.75735,0.48529,0.99957,0.00000,0.00000,0.00042
64.86029,0.48530,0.99994,0.00001,0.00002,0.00003
64.96323,0.48530,0.35918,0.00001,0.00030,0.64051
65.06618,0.48529,0.06006,0.00036,0.00006,0.93953
65.16912,0.48529,0.07595,0.00021,0.00008,0.92376
65.27206,0.48530,0.99580,0.00007,0.00022,0.00392
65.37500,0.48529,0.99936,0.00000,0.00058,0.00005
65.47794,0.48529,0.96896,0.00002,0.03100,0.00002
65.58088,0.48530,0.98920,0.00953,0.00065,0.00062
65.68382,0.48530,0.99230,0.00205,0.00359,0.00206
65.78677,0.48529,0.83204,0.07722,0.07867,0.01207
65.88971,0.48529,0.05061,0.93516,0.01097,0.00326
65.99265,0.48530,0.05061,0.93516,0.01097,0.00326
66.09559,0.48529,0.05061,0.93516,0.01097,0.00326
66.19853,0.48529,0.05061,0.93516,0.01097,0.00326
66.30147,0.48530,0.05061,0.93516,0.01097,0.00326
66.40441,0.48530,0.80969,0.02473,0.16238,0.00321
66.50735,0.48529,0.94520,0.00743,0.04698,0.00039
66.61029,0.48530,0.99851,0.00037,0.00027,0.00085
66.71323,0.48530,0.99681,0.00197,0.00085,0.00037
66.81618,0.48529,0.99891,0.00043,0.00006,0.00060
66.91912,0.48529,0.66926,0.00043,0.00009,0.33022
67.02206,0.48530,0.03103,0.00086,0.00008,0.96803
67.12500,0.48529,0.52501,0.00012,0.00004,0.47484
67.22794,0.48529,0.99838,0.00000,0.00013,0.00149
67.33088,0.48530,0.99963,0.00000,0.00037,0.00000
67.43382,0.48530,0.99582,0.00000,0.00416,0.00001
67.53677,0.48529,0.99970,0.00026,0.00000,0.00004
67.63971,0.48529,0.95683,0.01429,0.02195,0.00693
67.74265,0.48530,0.71295,0.15148,0.11238,0.02319
67.84559,0.48529,0.05061,0.93516,0.01097,0.00326
67.94853,0.48529,0.05061,0.93516,0.01097,0.00326
68.05147,0.48530,0.05061,0.93516,0.01097,0.00326
68.15441,0.48530,0.26134,0.58343,0.13923,0.01601
68.25735,0.48529,0.85184,0.01456,0.13189,0.00171
68.36029,0.48530,0.96042,0.01147,0.02793,0.00017
68.46323,0.48530,0.99936,0.00007,0.00027,0.00031
68.56618,0.48529,0.99998,0.00000,0.00001,0.00001
68.66912,0.48529,0.99900,0.00003,0.00065,0.00032
68.77206,0.48530,0.92460,0.00038,0.00052,0.07450
68.87500,0.48529,0.25080,0.00003,0.00001,0.74916
68.97794,0.48529,0.04593,0.00167,0.00020,0.95220
69.08088,0.48530,0.99723,0.00002,0.00007,0.00268
69.18382,0.48530,0.99992,0.00000,0.00006,0.00002
69.28677,0.48529,0.99891,0.00000,0.00108,0.00001
69.38971,0.48529,0.99961,0.00019,0.00019,0.00002
69.49265,0.48530,0.99780,0.00107,0.00099,0.00014
69.59559,0.48529,0.95595,0.01263,0.02387,0.00756
69.69853,0.48529,0.72876,0.11770,0.12473,0.02882
69.80147,0.48530,0.05061,0.93516,0.01097,0.00326
69.90441,0.48530,0.05061,0.93516,0.01097,0.00326
70.00735,0.48529,0.26134,0.58343,0.13923,0.01601
70.11029,0.48530,0.74988,0.02865,0.21726,0.00422
70.21323,0.48530,0.92841,0.01263,0.05862,0.00034
70.31618,0.48529,0.92214,0.02178,0.05548,0.00061
70.41912,0.48529,0.99984,0.00000,0.00005,0.00011
70.52206,0.48530,0.99703,0.00026,0.00242,0.00029
70.62500,0.48529,0.99991,0.00003,0.00002,0.00005
70.72794,0.48529,0.41920,0.00045,0.00051,0.57984
70.83088,0.48530,0.04527,0.00197,0.00011,0.95265
70.93382,0.48530,0.04714,0.00191,0.00023,0.95072
71.03677,0.48529,0.99715,0.00001,0.00003,0.00281
71.13971,0.48529,0.99976,0.00000,0.00018,0.00006
71.24265,0.48530,0.99807,0.00000,0.00189,0.00004
71.34559,0.48529,0.99858,0.00075,0.00059,0.00008
71.44853,0.48529,0.99319,0.00137,0.00437,0.00107
71.55147,0.48530,0.76870,0.10760,0.10702,0.01668
71.65441,0.48530,0.35952,0.51712,0.10415,0.01921
71.75735,0.48529,0.05061,0.93516,0.01097,0.00326
71.86029,0.48530,0.05061,0.93516,0.01097,0.00326
71.96323,0.48530,0.52354,0.14262,0.31876,0.01508
72.06618,0.48529,0.83908,0.01975,0.13908,0.00209
72.16912,0.48529,0.95825,0.00881,0.03275,0.00020
72.27206,0.48530,0.98334,0.00245,0.01386,0.00035
72.37500,0.48529,0.99984,0.00000,0.00014,0.00002
72.47794,0.48529,0.99471,0.00002,0.00484,0.00042
72.58088,0.48530,0.99273,0.00001,0.00010,0.00716
72.68382,0.48530,0.25838,0.00006,0.00005,0.74151
72.78677,0.48529,0.16540,0.00255,0.00155,0.83051
72.88971,0.48529,0.35446,0.00092,0.00004,0.64459
72.99265,0.48530,0.99982,0.00000,0.00010,0.00008
73.09559,0.48529,0.99776,0.00000,0.00220,0.00004
73.19853,0.48529,0.99624,0.00000,0.00375,0.00000
73.30147,0.48530,0.99831,0.00102,0.00031,0.00036
73.40441,0.48530,0.98110,0.00155,0.01645,0.00090
73.50735,0.48529,0.97150,0.00350,0.02214,0.00286
73.61029,0.48530,0.92432,0.03989,0.02933,0.00646
73.71323,0.48530,0.79147,0.12525,0.06418,0.01910
73.81618,0.48529,0.54015,0.30037,0.14832,0.01117
73.91912,0.48529,0.91623,0.00743,0.07579,0.00055
74.02206,0.48530,0.97914,0.00342,0.01726,0.00018
74.12500,0.48529,0.90711,0.00615,0.08637,0.00037
74.22794,0.48529,0.98922,0.00065,0.00985,0.00028
74.33088,0.48530,0.99916,0.00000,0.00076,0.00007
74.43382,0.48530,0.99256,0.00032,0.00655,0.00057
74.53677,0.48529,0.97179,0.00008,0.00091,0.02722
74.63971,0.48529,0.19146,0.00011,0.00006,0.80837
74.74265,0.48530,0.06242,0.00101,0.00025,0.93632
74.84559,0.48529,0.27960,0.00055,0.00001,0.71984
74.94853,0.48529,0.99872,0.00000,0.00021,0.00107
75.05147,0.48530,0.99964,0.00000,0.00035,0.00001
75.15441,0.48530,0.99870,0.00000,0.00130,0.00001
75.25735,0.48529,0.99947,0.00017,0.00005,0.00032
75.36029,0.48530,0.98858,0.00257,0.00754,0.00131
75.46323,0.48530,0.86097,0.05417,0.07780,0.00706
75.56618,0.48529,0.66107,0.24653,0.07289,0.01951
75.66912,0.48529,0.05061,0.93516,0.01097,0.00326
75.77206,0.48530,0.05061,0.93516,0.01097,0.00326
75.87500,0.48529,0.77265,0.02478,0.19944,0.00313
75.97794,0.48529,0.92218,0.01466,0.06254,0.00062
76.08088,0.48530,0.97039,0.01386,0.01535,0.00040
76.18382,0.48530,0.99982,0.00002,0.00005,0.00012
76.28677,0.48529,0.99928,0.00011,0.00048,0.00013
76.38971,0.48529,0.99987,0.00005,0.00001,0.00006
76.49265,0.48530,0.62939,0.00026,0.00026,0.37008
76.59559,0.48529,0.03273,0.00028,0.00004,0.96695
76.69853,0.48529,0.12614,0.00020,0.00002,0.87364
76.80147,0.48530,0.99964,0.00001,0.00001,0.00034
76.90441,0.48530,0.99934,0.00000,0.00062,0.00004
77.00735,0.48529,0.98918,0.00000,0.01081,0.00001
77.11029,0.48530,0.99928,0.00025,0.00036,0.00010
77.21323,0.48530,0.99623,0.00111,0.00243,0.00023
77.31618,0.48529,0.98908,0.00351,0.00563,0.00178
77.41912,0.48529,0.90773,0.03385,0.04067,0.01775
77.52206,0.48530,0.33542,0.57289,0.08040,0.01129
77.62500,0.48529,0.05061,0.93516,0.01097,0.00326
77.72794,0.48529,0.05061,0.93516,0.01097,0.00326
77.83088,0.48530,0.21969,0.66571,0.09492,0.01968
77.93382,0.48530,0.92873,0.00544,0.06430,0.00153
78.03677,0.48529,0.99013,0.00067,0.00917,0.00003
78.13971,0.48529,0.98650,0.00491,0.00842,0.00017
78.24265,0.48530,0.99939,0.00025,0.00000,0.00036
78.34559,0.48529,0.99919,0.00004,0.00075,0.00003
78.44853,0.48529,0.99650,0.00001,0.00002,0.00347
78.55147,0.48530,0.85097,0.00024,0.00036,0.14843
78.65441,0.48530,0.03733,0.00065,0.00000,0.96201
78.75735,0.48529,0.13732,0.00044,0.00003,0.86221
78.86029,0.48530,0.99941,0.00003,0.00003,0.00054
78.96323,0.48530,0.99708,0.00000,0.00286,0.00005
79.06618,0.48529,0.97249,0.00001,0.02748,0.00002
79.16912,0.48529,0.98965,0.00864,0.00052,0.00120
79.27206,0.48530,0.98425,0.00314,0.01152,0.00110
79.37500,0.48529,0.90424,0.04043,0.04324,0.01209
79.47794,0.48529,0.62101,0.21368,0.13682,0.02849
79.58088,0.48530,0.05061,0.93516,0.01097,0.00326
79.68382,0.48530,0.55407,0.18487,0.24103,0.02002
79.78677,0.48529,0.83493,0.01293,0.15030,0.00184
79.88971,0.48529,0.95634,0.00876,0.03468,0.00022
79.99265,0.48530,0.97628,0.00400,0.01943,0.00030
80.09559,0.48529,0.99997,0.00000,0.00000,0.00003
80.19853,0.48529,0.99970,0.00006,0.00016,0.00008
80.30147,0.48530,0.99995,0.00002,0.00000,0.00002
80.40441,0.48530,0.55911,0.00021,0.00038,0.44030
80.50735,0.48529,0.03672,0.00062,0.00002,0.96264
80.61029,0.48530,0.07524,0.00044,0.00014,0.92418
80.71323,0.48530,0.99808,0.00015,0.00077,0.00100
80.81618,0.48529,0.99995,0.00000,0.00004,0.00000
80.91912,0.48529,0.99575,0.00000,0.00425,0.00001
81.02206,0.48530,0.99609,0.00284,0.00102,0.00006
81.12500,0.48529,0.99452,0.00240,0.00286,0.00023
81.22794,0.48529,0.95720,0.01262,0.01985,0.01033
81.33088,0.48530,0.67720,0.17995,0.12062,0.02222
81.43382,0.48530,0.05061,0.93516,0.01097,0.00326
81.53677,0.48529,0.05061,0.93516,0.01097,0.00326
81.63971,0.48529,0.05061,0.93516,0.01097,0.00326
81.74265,0.48530,0.69269,0.09076,0.20226,0.01430
81.84559,0.48529,0.89814,0.00857,0.09247,0.00082
81.94853,0.48529,0.97716,0.00545,0.01724,0.00014
82.05147,0.48530,0.98992,0.00141,0.00826,0.00042
82.15441,0.48530,0.99980,0.00000,0.00018,0.00002
82.25735,0.48529,0.98837,0.00008,0.01150,0.00005
82.36029,0.48530,0.99703,0.00001,0.00008,0.00288
82.46323,0.48530,0.23404,0.00004,0.00004,0.76588
82.56618,0.48529,0.08576,0.00144,0.00029,0.91251
82.66912,0.48529,0.82325,0.00001,0.00006,0.17668
82.77206,0.48530,0.99995,0.00000,0.00001,0.00003
82.87500,0.48529,0.99784,0.00000,0.00215,0.00000
82.97794,0.48529,0.99284,0.00000,0.00714,0.00001
83.08088,0.48530,0.99986,0.00005,0.00000,0.00009
83.18382,0.48530,0.97513,0.00770,0.01320,0.00397
83.28677,0.48529,0.69432,0.15527,0.12318,0.02722
83.38971,0.48529,0.05061,0.93516,0.01097,0.00326
83.49265,0.48530,0.05061,0.93516,0.01097,0.00326
83.59559,0.48529,0.05061,0.93516,0.01097,0.00326
83.69853,0.48529,0.67457,0.15976,0.15103,0.01463
83.80147,0.48530,0.89386,0.00714,0.09845,0.00055
83.90441,0.48530,0.97929,0.00347,0.01718,0.00007
84.00735,0.48529,0.99416,0.00224,0.00346,0.00014
84.11029,0.48530,0.99995,0.00000,0.00002,0.00003
84.21323,0.48530,0.99295,0.00080,0.00456,0.00169
84.31618,0.48529,0.99354,0.00029,0.00309,0.00308
84.41912,0.48529,0.41261,0.00016,0.00010,0.58713
84.52206,0.48530,0.05846,0.00114,0.00014,0.94027
84.62500,0.48529,0.08173,0.00179,0.00044,0.91605
84.72794,0.48529,0.99767,0.00002,0.00005,0.00227
84.83088,0.48530,0.99989,0.00000,0.00010,0.00001
84.93382,0.48530,0.99690,0.00000,0.00306,0.00004
85.03677,0.48529,0.99837,0.00078,0.00065,0.00020
85.13971,0.48529,0.98617,0.00901,0.00278,0.00204
85.24265,0.48530,0.89914,0.03712,0.05091,0.01282
85.34559,0.48529,0.05061,0.93516,0.01097,0.00326
85.44853,0.48529,0.05061,0.93516,0.01097,0.00326
85.55147,0.48530,0.05061,0.93516,0.01097,0.00326
85.65441,0.48530,0.05061,0.93516,0.01097,0.00326
85.75735,0.48529,0.28837,0.53233,0.16218,0.01712
85.86029,0.48530,0.75484,0.02920,0.21177,0.00419
85.96323,0.48530,0.90935,0.01257,0.07772,0.00036
86.06618,0.48529,0.88647,0.00811,0.10504,0.00038
86.16912,0.48529,0.99939,0.00007,0.00045,0.00008
86.27206,0.48530,0.99985,0.00000,0.00000,0.00015
86.37500,0.48529,0.99994,0.00001,0.00003,0.00002
86.47794,0.48529,0.31234,0.00011,0.00110,0.68645
86.58088,0.48530,0.04638,0.00016,0.00003,0.95343
86.68382,0.48530,0.03311,0.00234,0.00020,0.96436
86.78677,0.48529,0.98876,0.00003,0.00002,0.01119
86.88971,0.48529,0.99978,0.00000,0.00013,0.00009
86.99265,0.48530,0.99853,0.00001,0.00143,0.00002
87.09559,0.48529,0.99896,0.00027,0.00061,0.00016
87.19853,0.48529,0.98541,0.00680,0.00543,0.00236
87.30147,0.48530,0.76832,0.09628,0.11051,0.02490
87.40441,0.48530,0.05061,0.93516,0.01097,0.00326
87.50735,0.48529,0.05061,0.93516,0.01097,0.00326
87.61029,0.48530,0.05061,0.93516,0.01097,0.00326
87.71323,0.48530,0.05061,0.93516,0.01097,0.00326
87.81618,0.48529,0.05061,0.93516,0.01097,0.00326
87.91912,0.48529,0.81202,0.02109,0.16391,0.00297
88.02206,0.48530,0.95281,0.00793,0.03887,0.00039
88.12500,0.48529,0.98972,0.00357,0.00489,0.00182
88.22794,0.48529,0.99693,0.00154,0.00111,0.00042
88.33088,0.48530,0.99341,0.00177,0.00202,0.00280
88.43382,0.48530,0.60653,0.00104,0.00044,0.39199
88.53677,0.48529,0.07283,0.00197,0.00359,0.92160
88.63971,0.48529,0.07218,0.00516,0.00374,0.91892
88.74265,0.48530,0.23927,0.00407,0.00227,0.75439
88.84559,0.48529,0.99894,0.00001,0.00061,0.00044
88.94853,0.48529,0.99488,0.00087,0.00417,0.00008
89.05147,0.48530,0.98147,0.00307,0.01446,0.00101
89.15441,0.48530,0.98651,0.00846,0.00212,0.00291
89.25735,0.48529,0.89469,0.02771,0.06764,0.00996
89.36029,0.48530,0.05061,0.93516,0.01097,0.00326
89.46323,0.48530,0.05061,0.93516,0.01097,0.00326
89.56618,0.48529,0.05061,0.93516,0.01097,0.00326
89.66912,0.48529,0.05061,0.93516,0.01097,0.00326
89.77206,0.48530,0.29359,0.60310,0.08879,0.01452
89.87500,0.48529,0.78560,0.05056,0.16009,0.00375
89.97794,0.48529,0.96255,0.00685,0.03033,0.00027
90.08088,0.48530,0.99998,0.00000,0.00000,0.00002
90.18382,0.48530,0.99996,0.00000,0.00001,0.00003
90.28677,0.48529,0.99997,0.00000,0.00001,0.00002
90.38971,0.48529,0.98466,0.00006,0.00005,0.01523
90.49265,0.48530,0.07001,0.00001,0.00002,0.92996
90.59559,0.48529,0.20465,0.00016,0.00001,0.79518
90.69853,0.48529,0.99979,0.00000,0.00004,0.00017
90.80147,0.48530,0.99930,0.00001,0.00054,0.00015
90.90441,0.48530,0.98929,0.00002,0.01067,0.00002
91.00735,0.48529,0.99408,0.00502,0.00003,0.00087
91.11029,0.48530,0.98535,0.00533,0.00732,0.00200
91.21323,0.48530,0.78520,0.09976,0.08908,0.02596
91.31618,0.48529,0.05061,0.93516,0.01097,0.00326
91.41912,0.48529,0.05061,0.93516,0.01097,0.00326
91.52206,0.48530,0.05061,0.93516,0.01097,0.00326
91.62500,0.48529,0.05061,0.93516,0.01097,0.00326
91.72794,0.48529,0.56926,0.10465,0.31293,0.01316
91.83088,0.48530,0.88895,0.01513,0.09415,0.00178
91.93382,0.48530,0.96875,0.00688,0.02420,0.00018
92.03677,0.48529,0.99708,0.00011,0.00026,0.00255
92.13971,0.48529,0.99917,0.00002,0.00078,0.00003
92.24265,0.48530,0.99849,0.00022,0.00028,0.00101
92.34559,0.48529,0.81177,0.00004,0.00015,0.18803
92.44853,0.48529,0.04845,0.00072,0.00001,0.95082
92.55147,0.48530,0.17969,0.00075,0.00002,0.81955
92.65441,0.48530,0.99949,0.00003,0.00005,0.00043
92.75735,0.48529,0.99629,0.00001,0.00357,0.00013
92.86029,0.48530,0.99041,0.00001,0.00956,0.00002
92.96323,0.48530,0.99614,0.00279,0.00001,0.00106
93.06618,0.48529,0.98488,0.00647,0.00741,0.00124
93.16912,0.48529,0.80076,0.07738,0.09910,0.02275
93.27206,0.48530,0.05061,0.93516,0.01097,0.00326
93.37500,0.48529,0.05061,0.93516,0.01097,0.00326
93.47794,0.48529,0.05061,0.93516,0.01097,0.00326
93.58088,0.48530,0.05061,0.93516,0.01097,0.00326
93.68382,0.48530,0.86576,0.01565,0.11480,0.00379
93.78677,0.48529,0.93172,0.00564,0.06237,0.00026
93.88971,0.48529,0.97501,0.00756,0.01728,0.00015
93.99265,0.48530,0.99996,0.00000,0.00001,0.00003
94.09559,0.48529,0.99955,0.00002,0.00008,0.00035
94.19853,0.48529,0.99695,0.00012,0.00097,0.00197
94.30147,0.48530,0.70802,0.00051,0.00189,0.28958
94.40441,0.48530,0.05986,0.00064,0.00015,0.93935
94.50735,0.48529,0.06859,0.00081,0.00019,0.93041
94.61029,0.48530,0.06856,0.00095,0.00023,0.93026
94.71323,0.48530,0.93125,0.00027,0.00016,0.06832
94.81618,0.48529,0.99997,0.00000,0.00002,0.00001
94.91912,0.48529,0.99874,0.00000,0.00120,0.00005
95.02206,0.48530,0.99405,0.00014,0.00565,0.00016
95.12500,0.48529,0.99062,0.00484,0.00272,0.00183
95.22794,0.48529,0.90676,0.03288,0.05392,0.00644
95.33088,0.48530,0.67643,0.26365,0.04311,0.01682
95.43382,0.48530,0.05061,0.93516,0.01097,0.00326
95.53677,0.48529,0.05061,0.93516,0.01097,0.00326
95.63971,0.48529,0.05061,0.93516,0.01097,0.00326
95.74265,0.48530,0.52247,0.21947,0.24420,0.01386
95.84559,0.48529,0.72260,0.01972,0.25613,0.00155
95.94853,0.48529,0.94563,0.01061,0.04354,0.00022
96.05147,0.48530,0.99806,0.00029,0.00116,0.00049
96.15441,0.48530,0.99844,0.00005,0.00088,0.00063
96.25735,0.48529,0.99743,0.00004,0.00177,0.00076
96.36029,0.48530,0.91504,0.00028,0.00087,0.08381
96.46323,0.48530,0.14657,0.00024,0.00006,0.85314
96.56618,0.48529,0.07089,0.00083,0.00023,0.92805
96.66912,0.48529,0.75496,0.00001,0.00004,0.24498
96.77206,0.48530,0.99996,0.00000,0.00001,0.00003
96.87500,0.48529,0.99868,0.00000,0.00131,0.00000
96.97794,0.48529,0.98446,0.00002,0.01544,0.00008
97.08088,0.48530,0.99985,0.00006,0.00000,0.00009
97.18382,0.48530,0.90224,0.01829,0.06746,0.01201
97.28677,0.48529,0.41716,0.39724,0.16933,0.01626
97.38971,0.48529,0.05061,0.93516,0.01097,0.00326
97.49265,0.48530,0.05061,0.93516,0.01097,0.00326
97.59559,0.48529,0.64985,0.05345,0.28557,0.01113
97.69853,0.48529,0.91550,0.00746,0.07615,0.00089
97.80147,0.48530,0.97430,0.00449,0.02108,0.00014
97.90441,0.48530,0.99998,0.00000,0.00000,0.00002
98.00735,0.48529,0.99996,0.00000,0.00002,0.00003
98.11029,0.48530,0.99998,0.00000,0.00001,0.00002
98.21323,0.48530,0.98305,0.00005,0.00003,0.01688
98.31618,0.48529,0.07107,0.00001,0.00002,0.92889
98.41912,0.48529,0.05961,0.00108,0.00020,0.93911
98.52206,0.48530,0.38489,0.00085,0.00001,0.61424
98.62500,0.48529,0.99953,0.00000,0.00010,0.00037
98.72794,0.48529,0.99938,0.00001,0.00060,0.00001
98.83088,0.48530,0.99933,0.00001,0.00059,0.00008
98.93382,0.48530,0.99642,0.00222,0.00030,0.00106
99.03677,0.48529,0.95113,0.01425,0.03061,0.00400
99.13971,0.48529,0.77454,0.16650,0.04228,0.01668
99.24265,0.48530,0.05061,0.93516,0.01097,0.00326
99.34559,0.48529,0.05061,0.93516,0.01097,0.00326
99.44853,0.48529,0.23983,0.67630,0.07127,0.01260
99.55147,0.48530,0.79364,0.03773,0.16527,0.00335
99.65441,0.48530,0.95126,0.00367,0.04492,0.00015
99.75735,0.48529,0.96479,0.01392,0.02093,0.00036
99.86029,0.48530,0.99710,0.00205,0.00009,0.00076
99.96323,0.48530,0.99928,0.00006,0.00055,0.00011
100.06618,0.48529,0.99282,0.00005,0.00021,0.00693
100.16912,0.48529,0.83107,0.00272,0.00065,0.16556
100.27206,0.48530,0.02650,0.00063,0.00001,0.97286
100.37500,0.48529,0.13469,0.00170,0.00020,0.86340
100.47794,0.48529,0.99855,0.00002,0.00013,0.00130
100.58088,0.48530,0.99840,0.00002,0.00134,0.00023
100.68382,0.48530,0.97113,0.00004,0.02879,0.00004
100.78677,0.48529,0.99115,0.00749,0.00030,0.00106
100.88971,0.48529,0.97572,0.00671,0.01367,0.00390
100.99265,0.48530,0.65133,0.15504,0.16571,0.02792
101.09559,0.48529,0.05061,0.93516,0.01097,0.00326
101.19853,0.48529,0.05061,0.93516,0.01097,0.00326
101.30147,0.48530,0.05061,0.93516,0.01097,0.00326
101.40441,0.48530,0.05061,0.93516,0.01097,0.00326
101.50735,0.48529,0.74827,0.04140,0.20240,0.00793
101.61029,0.48530,0.92041,0.01940,0.05890,0.00129
101.71323,0.48530,0.99998,0.00001,0.00000,0.00001
101.81618,0.48529,0.99981,0.00001,0.00000,0.00018
101.91912,0.48529,0.99998,0.00000,0.00000,0.00001
102.02206,0.48530,0.95952,0.00052,0.00004,0.03991
102.12500,0.48529,0.04253,0.00018,0.00001,0.95728
102.22794,0.48529,0.05160,0.00216,0.00047,0.94578
102.33088,0.48530,0.77600,0.00086,0.00056,0.22257
102.43382,0.48530,0.99937,0.00000,0.00044,0.00019
102.53677,0.48529,0.99194,0.00003,0.00798,0.00005
102.63971,0.48529,0.98888,0.00098,0.00906,0.00108
102.74265,0.48530,0.98704,0.00526,0.00555,0.00215
102.84559,0.48529,0.92073,0.01488,0.05460,0.00978
102.94853,0.48529,0.42643,0.43816,0.11371,0.02170
103.05147,0.48530,0.05061,0.93516,0.01097,0.00326
103.15441,0.48530,0.05061,0.93516,0.01097,0.00326
103.25735,0.48529,0.05061,0.93516,0.01097,0.00326
103.36029,0.48530,0.05061,0.93516,0.01097,0.00326
103.46323,0.48530,0.64318,0.06342,0.28314,0.01026
103.56618,0.48529,0.88742,0.01139,0.10033,0.00086
103.66912,0.48529,0.96471,0.01092,0.02380,0.00057
103.77206,0.48530,0.99967,0.00001,0.00016,0.00015
103.87500,0.48529,0.98030,0.00100,0.01813,0.00057
103.97794,0.48529,0.99554,0.00026,0.00094,0.00325
104.08088,0.48530,0.39335,0.00010,0.00026,0.60628
104.18382,0.48530,0.06706,0.00429,0.00046,0.92819
104.28677,0.48529,0.74761,0.00142,0.00049,0.25047
104.38971,0.48529,0.99907,0.00000,0.00050,0.00043
104.49265,0.48530,0.99689,0.00001,0.00308,0.00003
104.59559,0.48529,0.99072,0.00002,0.00914,0.00012
104.69853,0.48529,0.99649,0.00152,0.00149,0.00050
104.80147,0.48530,0.99035,0.00191,0.00611,0.00163
104.90441,0.48530,0.88662,0.06497,0.03531,0.01311
105.00735,0.48529,0.32527,0.56084,0.09596,0.01793
105.11029,0.48530,0.05061,0.93516,0.01097,0.00326
105.21323,0.48530,0.73169,0.04060,0.21901,0.00871
105.31618,0.48529,0.88705,0.02035,0.09133,0.00127
105.41912,0.48529,0.97935,0.00497,0.01537,0.00031
105.52206,0.48530,0.99978,0.00006,0.00001,0.00016
105.62500,0.48529,0.99937,0.00027,0.00024,0.00013
105.72794,0.48529,0.99672,0.00038,0.00010,0.00280
105.83088,0.48530,0.53436,0.00010,0.00011,0.46543
105.93382,0.48530,0.04131,0.00056,0.00001,0.95811
106.03677,0.48529,0.18584,0.00024,0.00001,0.81391
106.13971,0.48529,0.99988,0.00000,0.00002,0.00010
106.24265,0.48530,0.99894,0.00000,0.00096,0.00010
106.34559,0.48529,0.99712,0.00001,0.00286,0.00001
106.44853,0.48529,0.99782,0.00182,0.00000,0.00036
106.55147,0.48530,0.98289,0.00554,0.00999,0.00158
106.65441,0.48530,0.85970,0.03845,0.08256,0.01929
106.75735,0.48529,0.05061,0.93516,0.01097,0.00326
106.86029,0.48530,0.05061,0.93516,0.01097,0.00326
106.96323,0.48530,0.27122,0.63333,0.08169,0.01376
107.06618,0.48529,0.77135,0.03659,0.18864,0.00342
107.16912,0.48529,0.96323,0.00218,0.03446,0.00012
107.27206,0.48530,0.97788,0.01213,0.00958,0.00041
107.37500,0.48529,0.99915,0.00056,0.00003,0.00026
107.47794,0.48529,0.99947,0.00006,0.00033,0.00014
107.58088,0.48530,0.99508,0.00010,0.00009,0.00474
107.68382,0.48530,0.80751,0.00057,0.00043,0.19149
107.78677,0.48529,0.02639,0.00038,0.00001,0.97322
107.88971,0.48529,0.05222,0.00096,0.00013,0.94669
107.99265,0.48530,0.99851,0.00008,0.00015,0.00126
108.09559,0.48529,0.99997,0.00000,0.00003,0.00000
108.19853,0.48529,0.99795,0.00000,0.00203,0.00002
108.30147,0.48530,0.99616,0.00208,0.00165,0.00010
108.40441,0.48530,0.97492,0.00655,0.01447,0.00406
108.50735,0.48529,0.76341,0.08324,0.13562,0.01773
108.61029,0.48530,0.05061,0.93516,0.01097,0.00326
108.71323,0.48530,0.05061,0.93516,0.01097,0.00326
108.81618,0.48529,0.05061,0.93516,0.01097,0.00326
108.91912,0.48529,0.74201,0.07289,0.17127,0.01383
109.02206,0.48530,0.93581,0.00603,0.05764,0.00052
109.12500,0.48529,0.99001,0.00228,0.00766,0.00006
109.22794,0.48529,0.99604,0.00036,0.00326,0.00034
109.33088,0.48530,0.99999,0.00000,0.00001,0.00000
109.43382,0.48530,0.99915,0.00001,0.00069,0.00014
109.53677,0.48529,0.96932,0.00002,0.00015,0.03051
109.63971,0.48529,0.21879,0.00002,0.00001,0.78118
109.74265,0.48530,0.07469,0.00089,0.00024,0.92418
109.84559,0.48529,0.87743,0.00000,0.00005,0.12252
109.94853,0.48529,0.99994,0.00000,0.00001,0.00006
110.05147,0.48530,0.99974,0.00000,0.00026,0.00000
110.15441,0.48530,0.99062,0.00000,0.00936,0.00002
110.25735,0.48529,0.99998,0.00001,0.00000,0.00001
110.36029,0.48530,0.93137,0.01518,0.04349,0.00996
110.46323,0.48530,0.32527,0.56084,0.09596,0.01793
110.56618,0.48529,0.05061,0.93516,0.01097,0.00326
110.66912,0.48529,0.05061,0.93516,0.01097,0.00326
110.77206,0.48530,0.05061,0.93516,0.01097,0.00326
110.87500,0.48529,0.75346,0.02930,0.21238,0.00485
110.97794,0.48529,0.89763,0.00741,0.09456,0.00040
111.08088,0.48530,0.95924,0.02073,0.01976,0.00028
111.18382,0.48530,0.99660,0.00082,0.00190,0.00068
111.28677,0.48529,0.99988,0.00000,0.00001,0.00010
111.38971,0.48529,0.99853,0.00061,0.00030,0.00056
111.49265,0.48530,0.58194,0.00108,0.00133,0.41566
111.59559,0.48529,0.04421,0.00055,0.00008,0.95517
111.69853,0.48529,0.08787,0.00110,0.00028,0.91074
111.80147,0.48530,0.46723,0.00143,0.00002,0.53132
111.90441,0.48530,0.99970,0.00000,0.00016,0.00015
112.00735,0.48529,0.99939,0.00001,0.00059,0.00001
112.11029,0.48530,0.99840,0.00002,0.00148,0.00010
112.21323,0.48530,0.99729,0.00170,0.00029,0.00072
112.31618,0.48529,0.86427,0.03131,0.09365,0.01078
112.41912,0.48529,0.45354,0.40668,0.11697,0.02281
112.52206,0.48530,0.05061,0.93516,0.01097,0.00326
112.62500,0.48529,0.05061,0.93516,0.01097,0.00326
112.72794,0.48529,0.05061,0.93516,0.01097,0.00326
112.83088,0.48530,0.61768,0.11525,0.25514,0.01194
112.93382,0.48530,0.86640,0.01505,0.11760,0.00095
113.03677,0.48529,0.97722,0.00795,0.01465,0.00018
113.13971,0.48529,0.99956,0.00036,0.00000,0.00008
113.24265,0.48530,0.99974,0.00008,0.00016,0.00002
113.34559,0.48529,0.99453,0.00003,0.00001,0.00543
113.44853,0.48529,0.77480,0.00009,0.00030,0.22481
113.55147,0.48530,0.03183,0.00089,0.00001,0.96727
113.65441,0.48530,0.12872,0.00011,0.00002,0.87115
113.75735,0.48529,0.99910,0.00002,0.00003,0.00085
113.86029,0.48530,0.99772,0.00000,0.00219,0.00009
113.96323,0.48530,0.98582,0.00001,0.01414,0.00002
114.06618,0.48529,0.99457,0.00459,0.00004,0.00080
114.16912,0.48529,0.98258,0.00631,0.00958,0.00152
114.27206,0.48530,0.83555,0.04096,0.10588,0.01761
114.37500,0.48529,0.05061,0.93516,0.01097,0.00326
114.47794,0.48529,0.05061,0.93516,0.01097,0.00326
114.58088,0.48530,0.05061,0.93516,0.01097,0.00326
114.68382,0.48530,0.26134,0.58343,0.13923,0.01601
114.78677,0.48529,0.81133,0.01822,0.16803,0.00243
114.88971,0.48529,0.95283,0.01022,0.03666,0.00029
114.99265,0.48530,0.99904,0.00039,0.00044,0.00013
115.09559,0.48529,0.99929,0.00001,0.00001,0.00069
115.19853,0.48529,0.99977,0.00006,0.00007,0.00010
115.30147,0.48530,0.47379,0.00010,0.00091,0.52521
115.40441,0.48530,0.05956,0.00039,0.00006,0.93999
115.50735,0.48529,0.05866,0.00075,0.00018,0.94041
115.61029,0.48530,0.98133,0.00023,0.00005,0.01839
115.71323,0.48530,0.99958,0.00000,0.00020,0.00021
115.81618,0.48529,0.99665,0.00002,0.00329,0.00004
115.91912,0.48529,0.97833,0.00045,0.01887,0.00235
116.02206,0.48530,0.99460,0.00332,0.00139,0.00068
116.12500,0.48529,0.91112,0.02522,0.05019,0.01347
116.22794,0.48529,0.05061,0.93516,0.01097,0.00326
116.33088,0.48530,0.05061,0.93516,0.01097,0.00326
116.43382,0.48530,0.05061,0.93516,0.01097,0.00326
116.53677,0.48529,0.05061,0.93516,0.01097,0.00326
116.63971,0.48529,0.30947,0.49363,0.17918,0.01772
116.74265,0.48530,0.86817,0.01748,0.11204,0.00231
116.84559,0.48529,0.94899,0.01602,0.03456,0.00043
116.94853,0.48529,0.99907,0.00056,0.00001,0.00036
117.05147,0.48530,0.99907,0.00028,0.00044,0.00021
117.15441,0.48530,0.99552,0.00058,0.00006,0.00385
117.25735,0.48529,0.65910,0.00012,0.00017,0.34060
117.36029,0.48530,0.02520,0.00082,0.00002,0.97397
117.46323,0.48530,0.19589,0.00118,0.00010,0.80283
117.56618,0.48529,0.99949,0.00000,0.00016,0.00035
117.66912,0.48529,0.99848,0.00001,0.00139,0.00011
117.77206,0.48530,0.99146,0.00001,0.00849,0.00003
117.87500,0.48529,0.99509,0.00375,0.00012,0.00104
117.97794,0.48529,0.97521,0.00790,0.01343,0.00346
118.08088,0.48530,0.62961,0.20457,0.14370,0.02212
118.18382,0.48530,0.05061,0.93516,0.01097,0.00326
118.28677,0.48529,0.05061,0.93516,0.01097,0.00326
118.38971,0.48529,0.05061,0.93516,0.01097,0.00326
118.49265,0.48530,0.73177,0.07477,0.17877,0.01469
118.59559,0.48529,0.93012,0.00778,0.06145,0.00065
118.69853,0.48529,0.98884,0.00284,0.00823,0.00009
118.80147,0.48530,0.99820,0.00014,0.00009,0.00157
118.90441,0.48530,0.99989,0.00000,0.00010,0.00000
119.00735,0.48529,0.99951,0.00006,0.00010,0.00033
119.11029,0.48530,0.57163,0.00002,0.00006,0.42830
119.21323,0.48530,0.07195,0.00109,0.00002,0.92693
119.31618,0.48529,0.11111,0.00205,0.00145,0.88538
119.41912,0.48529,0.98850,0.00008,0.00015,0.01127
119.52206,0.48530,0.99929,0.00000,0.00058,0.00013
119.62500,0.48529,0.98104,0.00002,0.01890,0.00004
119.72794,0.48529,0.99470,0.00010,0.00507,0.00013
119.83088,0.48530,0.99198,0.00355,0.00339,0.00108
119.93382,0.48530,0.97288,0.00686,0.01589,0.00437
120.03677,0.48529,0.65177,0.19068,0.13074,0.02681
120.13971,0.48529,0.05061,0.93516,0.01097,0.00326
120.24265,0.48530,0.05061,0.93516,0.01097,0.00326
120.34559,0.48529,0.65735,0.17904,0.14883,0.01478
120.44853,0.48529,0.87051,0.00965,0.11897,0.00087
120.55147,0.48530,0.97284,0.01018,0.01679,0.00019
120.65441,0.48530,0.99979,0.00004,0.00012,0.00005
120.75735,0.48529,0.99958,0.00003,0.00001,0.00039
120.86029,0.48530,0.99884,0.00016,0.00018,0.00082
120.96323,0.48530,0.67452,0.00095,0.00271,0.32183
121.06618,0.48529,0.04887,0.00104,0.00014,0.94996
121.16912,0.48529,0.05437,0.00052,0.00007,0.94504
121.27206,0.48530,0.99842,0.00013,0.00017,0.00127
121.37500,0.48529,0.99985,0.00000,0.00011,0.00004
121.47794,0.48529,0.99811,0.00000,0.00185,0.00003
121.58088,0.48530,0.97944,0.01063,0.00939,0.00055
121.68382,0.48530,0.95860,0.01101,0.02639,0.00400
121.78677,0.48529,0.05061,0.93516,0.01097,0.00326
121.88971,0.48529,0.05061,0.93516,0.01097,0.00326
121.99265,0.48530,0.05061,0.93516,0.01097,0.00326
