Time(Seconds),Length(Seconds),Label(string),Confidence(double),Comment(string)
0.0426058,2.789616,Wet,1,
3.1350787,0.2166775,Touch,1,
3.6095885,0.6044168,Wet,1,
4.4548916,0.287316,Touch,1,
5.0043965,0.6102284,Wet,1,
5.9001987,0.1983104,Touch,1,
6.3643343,0.6044168,Wet,1,
7.1908176,0.3263534,Touch,1,
7.7653169,0.6625338,Wet,1,
8.6467312,0.418482,Touch,1,
9.3192657,0.5056178,Wet,1,
10.0637046,0.3232305,Touch,1,
10.7054395,0.58117,Wet,1,
11.5742005,0.3325995,Touch,1,
12.1932347,0.5927933,Wet,1,
13.0538607,0.2732625,Touch,1,
13.587964600000001,0.88919,Wet,1,
14.6731353,0.2326634,Touch,1,
15.1280651,1.74351,Wet,1,
17.2157297,0.399744,Touch,1,
17.8444323,1.2030218,Wet,1,
19.3228683,0.3482145,Touch,1,
19.9125746,1.3250676,Wet,1,
21.6306477,0.41275429999999996,Touch,1,
22.3044862,1.1274698,Wet,1,
23.7177638,0.2592089,Touch,1,
24.2303445,1.2088335,Wet,1,
25.7159644,0.2514015,Touch,1,
26.1971788,1.2785739,Wet,1,
27.7080352,0.2763854,Touch,1,
28.2847946,1.0751644,Wet,1,
29.6064349,0.3716369,Touch,1,
30.2039495,1.2437037,Wet,1,
31.7624956,0.1983104,Touch,1,
32.2031743,1.2901973,Wet,1,
33.7126165,0.3060539,Touch,1,
34.2183449,1.1739634,Wet,1,
35.6116641,0.3325995,Touch,1,
36.2350048,0.9705538,Wet,1,
37.4798903,0.3357224,Touch,1,
38.071502,1.1390931,Wet,1,
39.4661714,0.2904389,Touch,1,
39.9973999,1.3134441,Wet,1,
41.5225579,0.2904389,Touch,1,
42.0838002,1.2437037,Wet,1,
43.551991,0.2654549,Touch,1,
44.0767334,1.1100347,Wet,1,
45.4587517,0.3825675,Touch,1,
46.1166401,1.0402942,Wet,1,
47.4334975,0.3154229,Touch,1,
48.0329334,0.9763656,Wet,1,
49.3003162,0.327915,Touch,1,
49.939171,1.0170474,Wet,1,
51.213439,0.3123,Touch,1,
51.7182963,1.2785739,Wet,1,
53.1807552,0.3123,Touch,1,
53.7423264,1.1507165,Wet,1,
55.1115387,0.3169845,Touch,1,
55.6253172,1.3076325,Wet,1,
57.1662045,0.3044925,Touch,1,
57.7002022,1.0519176,Wet,1,
59.0010255,0.2951235,Touch,1,
59.5425111,1.1739633,Wet,1,
60.883659,0.3123,Touch,1,
61.5187344,1.0635411,Wet,1,
62.8901937,0.3107384,Touch,1,
63.4786202,1.1100346,Wet,1,
64.8402984,0.3388455,Touch,1,
65.4272942,0.9008134,Wet,1,
66.5970605,0.487188,Touch,1,
67.3509669,0.8136379,Wet,1,
68.4579517,0.2638935,Touch,1,
68.9438336,1.6388993,Wet,1,
70.8182908,0.2232944,Touch,1,
71.2949163,1.2960091,Wet,1,
72.8836116,0.234225,Touch,1,
73.4112966,1.6388993,Wet,1,
75.3298278,0.2108024,Touch,1,
75.7554895,1.4471132,Wet,1,
77.4092238,0.2545244,Touch,1,
77.8607756,1.3948079,Wet,1,
79.4901839,0.2607704,Touch,1,
80.0019119,1.1158464,Wet,1,
81.3372403,0.2498399,Touch,1,
81.9219586,1.0809762,Wet,1,
83.3421135,0.227979,Touch,1,
83.8979366,1.1216581,Wet,1,
85.2720992,0.2638935,Touch,1,
85.8447388,1.0925995,Wet,1,
87.1816453,0.231102,Touch,1,
87.6088103,1.1913984,Wet,1,
89.0906219,0.227979,Touch,1,
89.5637565,1.2843857,Wet,1,
91.114036,0.2560859,Touch,1,
91.629419,1.16234,Wet,1,
93.0521724,0.284193,Touch,1,
93.595675,1.1274698,Wet,1,
95.0156718,0.3169844,Touch,1,
95.6324458,1.1913985,Wet,1,
97.0471714,0.290439,Touch,1,
97.5745731,1.1855868,Wet,1,
98.9874075,0.2373479,Touch,1,
99.4866224,1.2088335,Wet,1,
100.9361558,0.2576475,Touch,1,
101.5037726,1.1913984,Wet,1,
102.8921177,0.2857544,Touch,1,
103.4001119,1.237892,Wet,1,
104.7615589,0.3044925,Touch,1,
105.3470314,1.1449049,Wet,1,
106.6697406,0.3419685,Touch,1,
107.2663333,1.0984112,Wet,1,
108.5416595,0.3263535,Touch,1,
109.1144539,1.2495155,Wet,1,
110.4854345,0.2357865,Touch,1,
110.9850376,1.2843857,Wet,1,
112.4150993,0.287316,Touch,1,
112.9900741,1.1100347,Wet,1,
114.2963873,0.3201074,Touch,1,
114.9244101,1.2320804,Wet,1,
116.3587337,0.2545245,Touch,1,
116.9061998,1.2901974,Wet,1,
118.3994351,0.2904389,Touch,1,
119.0031458,1.1972102,Wet,1,
120.430133,0.284193,Touch,1,
120.9907472,0.831073,Wet,1,
