Time(Seconds),Length(Seconds),Label(string),Confidence(double),Comment(string)
0.04161029999999999,1.895976,Dry,1,
2.2811649,0.332459,Touch,1,
2.8925448,1.3731885,Dry,1,
4.6893783,0.3245249000000001,Touch,1,
5.2834263,1.0595159,Dry,1,
6.6483008,0.3379844000000001,Touch,1,
7.2296124,1.4671393,Dry,1,
9.0484918,0.33077589999999996,Touch,1,
9.681544,0.894352,Dry,1,
11.0652068,0.8846954,Touch,1,
12.1743881,0.912976,Dry,1,
13.470204999999998,0.694774,Touch,1,
14.4852845,1.3236209,Dry,1,
16.1814916,0.26231290000000007,Touch,1,
16.6385243,1.2518506,Dry,1,
18.1212521,0.275343,Touch,1,
18.5999155,1.2777764,Dry,1,
20.1546144,0.3212749,Touch,1,
20.7288427,1.1498879,Dry,1,
22.2069479,0.338466,Touch,1,
22.8731584,1.0130255,Dry,1,
24.1374919,0.34772340000000007,Touch,1,
24.7261682,1.0090673000000001,Dry,1,
26.091287400000002,0.31941749999999985,Touch,1,
26.7537184,1.0485311,Dry,1,
28.0672355,0.303753,Touch,1,
28.6247605,1.1008715,Dry,1,
29.985173500000002,0.30924340000000006,Touch,1,
30.5356173,1.1058228,Dry,1,
31.8959776,0.32189599999999996,Touch,1,
32.511821,1.2312534,Dry,1,
34.0405991,0.29253399999999996,Touch,1,
34.5659604,1.1160674,Dry,1,
35.933998,0.33077599999999996,Touch,1,
36.5451201,0.942457,Dry,1,
37.872511100000004,0.3332134,Touch,1,
38.4812559,0.8125405,Dry,1,
39.7671511,0.3070549999999999,Touch,1,
40.3954346,0.7785551,Dry,1,
41.5806767,0.31727,Touch,1,
42.2175042,0.9654799,Dry,1,
43.506780600000006,0.3097714999999999,Touch,1,
44.1291546,1.0185814,Dry,1,
45.443053199999994,0.3101025,Touch,1,
46.0118261,1.0279882,Dry,1,
47.3391414,0.3016054,Touch,1,
47.9439485,0.9784466,Dry,1,
49.2294354,0.34490839999999995,Touch,1,
49.8760709,0.885556,Dry,1,
51.0123569,0.38973789999999997,Touch,1,
51.6777867,0.9113083,Dry,1,
52.9343984,0.4169059999999999,Touch,1,
53.6362505,0.9905524,Dry,1,
54.9312487,0.6208149000000001,Touch,1,
55.7762215,0.7421555,Dry,1,
56.8122332,0.6393409999999999,Touch,1,
57.7509042,0.8187651,Dry,1,
58.8175897,0.34915700000000005,Touch,1,
59.4506797,0.9193151,Dry,1,
60.6486521,0.32003290000000006,Touch,1,
61.2174886,1.0342295,Dry,1,
62.5137396,0.29563340000000005,Touch,1,
63.0069555,1.4124894,Dry,1,
64.6361146,0.23986939999999998,Touch,1,
65.0945671,1.0485938000000001,Dry,1,
66.51160970000001,0.27577789999999996,Touch,1,
67.0344886,1.0629581,Dry,1,
68.3324887,0.3001719,Touch,1,
68.9066357,0.9432557,Dry,1,
70.1852547,0.27448939999999994,Touch,1,
70.7583479,1.0438058,Dry,1,
72.1145023,0.2893825,Touch,1,
72.6496474,1.201813,Dry,1,
74.17399780000001,0.2379654,Touch,1,
74.7236262,1.0294415,Dry,1,
76.0496368,0.34457189999999993,Touch,1,
76.5957733,1.0821105,Dry,1,
77.9401223,0.37766,Touch,1,
78.5760136,0.9767724,Dry,1,
79.7895829,0.32790899999999995,Touch,1,
80.3218935,0.9145271,Dry,1,
81.6618269,0.23710650000000005,Touch,1,
82.1557358,0.909739,Dry,1,
83.3365634,0.26914390000000005,Touch,1,
84.0422472,0.3112264,Dry,1,
84.8930804,0.24455850000000012,Touch,1,
85.443878,0.7852484,Dry,1,
86.4993566,0.26302689999999995,Touch,1,
86.9569176,1.0438058,Dry,1,
88.2582006,0.2828879000000001,Touch,1,
88.8240011,0.8714341999999999,Dry,1,
89.99403509999999,0.2965994,Touch,1,
90.6530553,0.6942744,Dry,1,
91.692268,0.25877239999999996,Touch,1,
92.2714331,0.9480438,Dry,1,
93.425209,0.34828650000000005,Touch,1,
94.0316677,0.9911367,Dry,1,
95.2358965,0.25274240000000003,Touch,1,
95.7362314,1.1347797,Dry,1,
97.1170769,0.24856640000000005,Touch,1,
97.6194462,0.8905866,Dry,1,
98.68485890000001,0.326574,Touch,1,
99.3479502,0.766096,Dry,1,
100.4275334,0.33145189999999985,Touch,1,
101.1137332,0.7421554,Dry,1,
102.1638989,0.4624288999999999,Touch,1,
102.8901183,0.7900364,Dry,1,
103.87363470000001,0.4827690000000001,Touch,1,
104.6125518,0.9193151,Dry,1,
105.7045227,0.2125215,Touch,1,
106.0968628,1.0916868,Dry,1,
107.3531562,0.21407399999999996,Touch,1,
107.7951087,0.9241032,Dry,1,
109.13543969999999,0.261477,Touch,1,
109.7151368,1.1156272,Dry,1,
111.0069433,0.23622740000000006,Touch,1,
111.46400849999999,1.1537281,Dry,1,
112.9498993,0.25451539999999995,Touch,1,
113.3621926,1.1858007000000002,Dry,1,
114.8374828,0.23977350000000003,Touch,1,
115.3142892,0.9368944,Dry,1,
116.6180279,0.2670749,Touch,1,
117.1341025,1.0772783,Dry,1,
118.40317789999999,0.265842,Touch,1,
118.9096169,1.2019633,Dry,1,
120.3626894,0.26863650000000006,Touch,1,
120.9027666,0.9800374,Dry,1,
122.1315539,0.3081959000000001,Touch,1,
122.6582095,0.9224123,Dry,1,
