Time(Seconds),Length(Seconds),Label(string),Confidence(double),Comment(string)
0.0437506,2.5141185,Dry,1,
2.8435795,0.36257729999999994,Touch,1,
3.4934312,0.463432,Dry,1,
4.288889,0.3434621,Touch,1,
4.9416562,0.5271539,Dry,1,
5.7368381,0.3852509,Touch,1,
6.4304315,0.4112958,Dry,1,
7.1966023,0.39437239999999996,Touch,1,
7.9134139,0.2664734,Dry,1,
8.4989513,0.40805769999999997,Touch,1,
9.3317003,0.1216509,Dry,1,
9.8056606,0.4046627,Touch,1,
10.5887596,0.2490947,Dry,1,
11.1531237,0.3788617000000001,Touch,1,
11.8574047,0.3359881,Dry,1,
12.5228251,0.3795479,Touch,1,
13.2708723,0.3765384,Dry,1,
13.958132299999999,0.36332800000000004,Touch,1,
14.590599,0.4923965,Dry,1,
15.3383144,0.35430519999999993,Touch,1,
15.9461376,0.5271538,Dry,1,
16.7107411,0.3571191,Touch,1,
17.313262,0.5850828,Dry,1,
18.1802005,0.4170574999999999,Touch,1,
18.936263,0.2664733,Dry,1,
19.4819914,0.4752757,Touch,1,
20.1875294,0.4055029,Dry,1,
20.887544400000003,0.5285751,Touch,1,
21.6183757,0.5677041,Dry,1,
22.469797,0.6818575,Touch,1,
23.4443493,0.4055029,Dry,1,
24.2659161,0.4437188000000002,Touch,1,
25.0084323,0.9674143,Dry,1,
26.2389266,0.3506081999999999,Touch,1,
26.794137,0.9790001,Dry,1,
28.007716000000002,0.2871694,Touch,1,
28.5204212,0.5271538,Dry,1,
29.377026800000003,0.43413769999999996,Touch,1,
30.780708399999998,0.4096271,Touch,1,
31.5193478,0.6545977,Dry,1,
32.4590172,0.2679846,Touch,1,
32.9212295,0.6140474,Dry,1,
33.7851906,0.29350640000000006,Touch,1,
34.2941469,0.4981894,Dry,1,
35.0979579,0.43256839999999996,Touch,1,
36.463722700000005,0.3595486,Touch,1,
37.045142,0.637219,Dry,1,
38.2024788,0.33430589999999993,Touch,1,
38.7325147,0.7009408,Dry,1,
39.73243,0.4418702,Touch,1,
40.4877634,0.4866036,Dry,1,
41.3307516,0.39391940000000003,Touch,1,
41.9881245,0.5097752,Dry,1,
42.835299199999994,0.466532,Touch,1,
43.5341495,0.5445326,Dry,1,
44.472805,0.4393355,Touch,1,
45.1387828,0.6719763,Dry,1,
46.0784748,0.4496027,Touch,1,
46.807138,0.6198402,Dry,1,
47.700572,0.5190359999999999,Touch,1,
48.4465287,0.5908757,Dry,1,
49.2810157,0.4183021,Touch,1,
49.970568,0.6256332,Dry,1,
50.8601524,0.5196805,Touch,1,
51.6074395,0.5734971,Dry,1,
52.416321499999995,0.5559226,Touch,1,
53.2062799,0.5271539,Dry,1,
54.0505833,0.6058958999999999,Touch,1,
55.5621542,0.5568286,Touch,1,
56.4275652,1.0253433,Dry,1,
57.7961624,0.5535618,Touch,1,
59.4323323,0.40339519999999995,Touch,1,
60.1772841,0.5561183,Dry,1,
61.0522455,0.31312139999999994,Touch,1,
61.6197162,0.6893551,Dry,1,
62.5388985,0.39237299999999997,Touch,1,
63.253314,0.6777692,Dry,1,
64.1896594,0.38124549999999996,Touch,1,
64.8754574,0.2548876,Dry,1,
65.58462020000002,0.41652219999999995,Touch,1,
66.3063037,0.4634319,Dry,1,
67.0620743,0.4892399,Touch,1,
67.7487358,0.805213,Dry,1,
68.815934,0.4639972,Touch,1,
69.5554011,0.7299054,Dry,1,
70.6388602,0.37954789999999994,Touch,1,
71.2643066,0.7356982,Dry,1,
72.328119,0.3720945,Touch,1,
73.0774843,0.4692249,Dry,1,
73.8772132,0.39323309999999995,Touch,1,
74.5436013,0.5850828,Dry,1,
75.4191423,0.3806643,Touch,1,
76.0265837,0.5213609,Dry,1,
76.8083472,0.3837574,Touch,1,
77.4421659,0.6430118,Dry,1,
78.39617559999999,0.39224480000000006,Touch,1,
79.1510714,0.4055029,Dry,1,
79.9196062,0.4076275000000001,Touch,1,
80.7035686,0.3301952,Dry,1,
81.3103805,0.447498,Touch,1,
81.9895924,0.6372189,Dry,1,
82.8731691,0.4638462,Touch,1,
83.6337751,0.6024616,Dry,1,
84.5243601,0.40182580000000007,Touch,1,
85.1862723,0.4750178,Dry,1,
85.9861775,0.4462307000000001,Touch,1,
86.7538567,0.4402603,Dry,1,
87.52143389999999,0.4273707,Touch,1,
89.056422,0.4143946,Touch,1,
89.7558358,0.5561184,Dry,1,
90.6085132,0.3886988,Touch,1,
91.256197,0.5677041,Dry,1,
92.1055845,0.37460649999999995,Touch,1,
92.7565581,0.6603905,Dry,1,
93.6331283,0.3535729999999999,Touch,1,
94.2337476,0.573497,Dry,1,
95.0842254,0.3975707,Touch,1,
95.7047128,0.4981894,Dry,1,
96.3989922,0.44296369999999996,Touch,1,
97.0428727,0.5039822,Dry,1,
97.8379506,0.3599559,Touch,1,
98.4853048,0.4170888,Dry,1,
99.1890745,0.39123360000000007,Touch,1,
99.799587,0.57929,Dry,1,
100.7370386,0.3753156,Touch,1,
101.3752558,0.4634319,Dry,1,
102.1562768,0.3630489,Touch,1,
102.7945163,0.5966686,Dry,1,
103.66366119999999,0.39701249999999993,Touch,1,
104.3252463,0.5503254,Dry,1,
105.16595310000001,0.3984308000000001,Touch,1,
105.8835364,0.4750178,Dry,1,
106.6494892,0.36642090000000005,Touch,1,
107.2912111,0.4923964,Dry,1,
108.1782684,0.3728037999999999,Touch,1,
108.9203199,0.3417811,Dry,1,
109.7069195,0.4182197999999999,Touch,1,
110.4815889,0.4344674,Dry,1,
111.2040137,0.38829160000000007,Touch,1,
111.8776778,0.5677041,Dry,1,
112.672342,0.3963033000000001,Touch,1,
113.372246,0.5966686,Dry,1,
114.26761570000001,0.33963160000000003,Touch,1,
114.9543081,0.5271538,Dry,1,
115.7393161,0.4097094,Touch,1,
116.3909473,0.5966687,Dry,1,
117.3026629,0.40111670000000005,Touch,1,
117.9897877,0.5734971,Dry,1,
118.81651240000001,0.3898382,Touch,1,
119.4320631,0.6140474,Dry,1,
120.2836367,0.37136240000000004,Touch,1,
120.8802881,0.6140474,Dry,1,
121.7753593,0.3511892,Touch,1,
122.334306,0.3359882,Dry,1,
