Time (seconds), Duration (seconds),pred_unlabelled,pred_Dry,pred_Wet,pred_Touch
0.00735,0.48529,0.05061,0.93516,0.01097,0.00326
0.11029,0.48529,0.05061,0.93516,0.01097,0.00326
0.21324,0.48529,0.05061,0.93516,0.01097,0.00326
0.31618,0.48529,0.05061,0.93516,0.01097,0.00326
0.41912,0.48529,0.05061,0.93516,0.01097,0.00326
0.52206,0.48529,0.05061,0.93516,0.01097,0.00326
0.62500,0.48529,0.05061,0.93516,0.01097,0.00326
0.72794,0.48529,0.05061,0.93516,0.01097,0.00326
0.83088,0.48529,0.05061,0.93516,0.01097,0.00326
0.93382,0.48529,0.05061,0.93516,0.01097,0.00326
1.03676,0.48529,0.05061,0.93516,0.01097,0.00326
1.13971,0.48529,0.05061,0.93516,0.01097,0.00326
1.24265,0.48529,0.05061,0.93516,0.01097,0.00326
1.34559,0.48529,0.05061,0.93516,0.01097,0.00326
1.44853,0.48529,0.05061,0.93516,0.01097,0.00326
1.55147,0.48529,0.05061,0.93516,0.01097,0.00326
1.65441,0.48529,0.05061,0.93516,0.01097,0.00326
1.75735,0.48529,0.05061,0.93516,0.01097,0.00326
1.86029,0.48529,0.05061,0.93516,0.01097,0.00326
1.96324,0.48529,0.05061,0.93516,0.01097,0.00326
2.06618,0.48529,0.05061,0.93516,0.01097,0.00326
2.16912,0.48529,0.05061,0.93516,0.01097,0.00326
2.27206,0.48529,0.05061,0.93516,0.01097,0.00326
2.37500,0.48529,0.05061,0.93516,0.01097,0.00326
2.47794,0.48529,0.05061,0.93516,0.01097,0.00326
2.58088,0.48529,0.05061,0.93516,0.01097,0.00326
2.68382,0.48529,0.05061,0.93516,0.01097,0.00326
2.78676,0.48529,0.05061,0.93516,0.01097,0.00326
2.88971,0.48529,0.05061,0.93516,0.01097,0.00326
2.99265,0.48529,0.05061,0.93516,0.01097,0.00326
3.09559,0.48529,0.05061,0.93516,0.01097,0.00326
3.19853,0.48529,0.05061,0.93516,0.01097,0.00326
3.30147,0.48529,0.05061,0.93516,0.01097,0.00326
3.40441,0.48529,0.05061,0.93516,0.01097,0.00326
3.50735,0.48529,0.05061,0.93516,0.01097,0.00326
3.61029,0.48529,0.05061,0.93516,0.01097,0.00326
3.71324,0.48529,0.05061,0.93516,0.01097,0.00326
3.81618,0.48529,0.05061,0.93516,0.01097,0.00326
3.91912,0.48529,0.05061,0.93516,0.01097,0.00326
4.02206,0.48529,0.84248,0.01119,0.14453,0.00180
4.12500,0.48529,0.91779,0.00607,0.07561,0.00054
4.22794,0.48529,0.78617,0.01984,0.19240,0.00159
4.33088,0.48529,0.58620,0.00572,0.40643,0.00165
4.43382,0.48529,0.11403,0.00038,0.88534,0.00024
4.53676,0.48529,0.12400,0.00063,0.87502,0.00036
4.63971,0.48529,0.09722,0.00058,0.90175,0.00046
4.74265,0.48529,0.06172,0.00017,0.93796,0.00016
4.84559,0.48529,0.07569,0.00092,0.92273,0.00067
4.94853,0.48529,0.04231,0.00032,0.95711,0.00027
5.05147,0.48529,0.04392,0.00042,0.95534,0.00032
5.15441,0.48529,0.05193,0.00031,0.94764,0.00013
5.25735,0.48529,0.06755,0.00009,0.93228,0.00008
5.36029,0.48529,0.05989,0.00022,0.93970,0.00019
5.46324,0.48529,0.06429,0.00013,0.93544,0.00015
5.56618,0.48529,0.02521,0.00021,0.97447,0.00011
5.66912,0.48529,0.01506,0.00008,0.98480,0.00006
5.77206,0.48529,0.02650,0.00009,0.97329,0.00011
5.87500,0.48529,0.02967,0.00014,0.97002,0.00016
5.97794,0.48529,0.05380,0.00014,0.94593,0.00012
6.08088,0.48529,0.01897,0.00008,0.98089,0.00006
6.18382,0.48529,0.04429,0.00007,0.95559,0.00006
6.28676,0.48529,0.06412,0.00011,0.93566,0.00011
6.38971,0.48529,0.01696,0.00004,0.98296,0.00005
6.49265,0.48529,0.02130,0.00007,0.97855,0.00008
6.59559,0.48529,0.03457,0.00005,0.96532,0.00005
6.69853,0.48529,0.01982,0.00005,0.98006,0.00006
6.80147,0.48529,0.01272,0.00007,0.98714,0.00007
6.90441,0.48529,0.01744,0.00004,0.98246,0.00006
7.00735,0.48529,0.00895,0.00004,0.99098,0.00004
7.11029,0.48529,0.01228,0.00005,0.98762,0.00006
7.21324,0.48529,0.01324,0.00006,0.98664,0.00005
7.31618,0.48529,0.01466,0.00007,0.98518,0.00009
7.41912,0.48529,0.01302,0.00006,0.98685,0.00006
7.52206,0.48529,0.03472,0.00011,0.96507,0.00010
7.62500,0.48529,0.03629,0.00014,0.96348,0.00009
7.72794,0.48529,0.02530,0.00017,0.97444,0.00008
7.83088,0.48529,0.09380,0.00005,0.90609,0.00006
7.93382,0.48529,0.02027,0.00011,0.97958,0.00004
8.03677,0.48529,0.00947,0.00001,0.99049,0.00002
8.13971,0.48529,0.01035,0.00003,0.98958,0.00004
8.24265,0.48529,0.01109,0.00003,0.98885,0.00003
8.34559,0.48529,0.01472,0.00004,0.98521,0.00003
8.44853,0.48529,0.01085,0.00003,0.98908,0.00004
8.55147,0.48529,0.01513,0.00003,0.98481,0.00003
8.65441,0.48529,0.02393,0.00007,0.97593,0.00007
8.75735,0.48529,0.01562,0.00003,0.98432,0.00004
8.86029,0.48529,0.01797,0.00006,0.98192,0.00005
8.96323,0.48529,0.01325,0.00004,0.98666,0.00004
9.06618,0.48529,0.01615,0.00007,0.98369,0.00009
9.16912,0.48529,0.01615,0.00008,0.98368,0.00009
9.27206,0.48529,0.02237,0.00021,0.97729,0.00013
9.37500,0.48529,0.01388,0.00006,0.98601,0.00005
9.47794,0.48529,0.01730,0.00009,0.98255,0.00006
9.58088,0.48529,0.01789,0.00007,0.98198,0.00006
9.68382,0.48529,0.01031,0.00002,0.98965,0.00002
9.78677,0.48529,0.01156,0.00002,0.98838,0.00004
9.88971,0.48529,0.03163,0.00014,0.96815,0.00009
9.99265,0.48529,0.04917,0.00039,0.95020,0.00024
10.09559,0.48529,0.04484,0.00035,0.95456,0.00025
10.19853,0.48529,0.03230,0.00015,0.96736,0.00018
10.30147,0.48529,0.02961,0.00024,0.97000,0.00015
10.40441,0.48529,0.02234,0.00009,0.97746,0.00011
10.50735,0.48529,0.01793,0.00006,0.98193,0.00008
10.61029,0.48529,0.01763,0.00005,0.98226,0.00006
10.71323,0.48529,0.02010,0.00009,0.97971,0.00009
10.81618,0.48529,0.01826,0.00007,0.98160,0.00007
10.91912,0.48529,0.02530,0.00013,0.97442,0.00014
11.02206,0.48529,0.02809,0.00014,0.97165,0.00011
11.12500,0.48529,0.02495,0.00010,0.97482,0.00013
11.22794,0.48529,0.02564,0.00015,0.97407,0.00014
11.33088,0.48529,0.03962,0.00017,0.96003,0.00017
11.43382,0.48529,0.03096,0.00014,0.96876,0.00015
11.53677,0.48529,0.02601,0.00009,0.97373,0.00017
11.63971,0.48529,0.02596,0.00015,0.97375,0.00014
11.74265,0.48529,0.03050,0.00019,0.96914,0.00018
11.84559,0.48529,0.03354,0.00025,0.96597,0.00025
11.94853,0.48529,0.02942,0.00016,0.97023,0.00018
12.05147,0.48529,0.03082,0.00017,0.96883,0.00018
12.15441,0.48529,0.02870,0.00019,0.97094,0.00017
12.25735,0.48529,0.02520,0.00008,0.97461,0.00011
12.36029,0.48529,0.02557,0.00012,0.97419,0.00012
12.46323,0.48529,0.02195,0.00008,0.97788,0.00008
12.56618,0.48529,0.02366,0.00012,0.97611,0.00011
12.66912,0.48529,0.02872,0.00019,0.97095,0.00014
12.77206,0.48529,0.02746,0.00013,0.97227,0.00014
12.87500,0.48529,0.02635,0.00013,0.97337,0.00015
12.97794,0.48529,0.02963,0.00021,0.96998,0.00017
13.08088,0.48529,0.02636,0.00013,0.97338,0.00012
13.18382,0.48529,0.02034,0.00008,0.97947,0.00011
13.28677,0.48529,0.03188,0.00013,0.96786,0.00013
13.38971,0.48529,0.02458,0.00010,0.97521,0.00011
13.49265,0.48529,0.03024,0.00018,0.96943,0.00015
13.59559,0.48529,0.03369,0.00017,0.96595,0.00019
13.69853,0.48529,0.03085,0.00016,0.96878,0.00021
13.80147,0.48529,0.04203,0.00028,0.95744,0.00025
13.90441,0.48529,0.04274,0.00023,0.95677,0.00026
14.00735,0.48529,0.04145,0.00013,0.95817,0.00026
14.11029,0.48529,0.03511,0.00015,0.96456,0.00018
14.21323,0.48529,0.04128,0.00021,0.95829,0.00022
14.31618,0.48529,0.05538,0.00047,0.94373,0.00042
14.41912,0.48529,0.04493,0.00030,0.95435,0.00042
14.52206,0.48529,0.04401,0.00030,0.95530,0.00039
14.62500,0.48529,0.04423,0.00032,0.95510,0.00035
14.72794,0.48529,0.05364,0.00034,0.94561,0.00041
14.83088,0.48529,0.04822,0.00025,0.95116,0.00037
14.93382,0.48529,0.04533,0.00030,0.95401,0.00037
15.03677,0.48529,0.04215,0.00028,0.95722,0.00035
15.13971,0.48529,0.05659,0.00034,0.94273,0.00034
15.24265,0.48529,0.12240,0.00062,0.87572,0.00126
15.34559,0.48529,0.08329,0.00024,0.91587,0.00060
15.44853,0.48529,0.05980,0.00037,0.93911,0.00072
15.55147,0.48529,0.08867,0.00039,0.91050,0.00045
15.65441,0.48529,0.05659,0.00025,0.94277,0.00038
15.75735,0.48529,0.05269,0.00028,0.94648,0.00054
15.86029,0.48529,0.04532,0.00019,0.95412,0.00037
15.96323,0.48530,0.05099,0.00032,0.94824,0.00046
16.06618,0.48529,0.05069,0.00025,0.94872,0.00034
16.16912,0.48529,0.05520,0.00037,0.94401,0.00041
16.27206,0.48529,0.06058,0.00045,0.93843,0.00054
16.37500,0.48529,0.05918,0.00041,0.93977,0.00065
16.47794,0.48529,0.04884,0.00028,0.95043,0.00045
16.58088,0.48529,0.04699,0.00025,0.95228,0.00049
16.68382,0.48529,0.05084,0.00023,0.94857,0.00036
16.78676,0.48529,0.04882,0.00022,0.95059,0.00037
16.88971,0.48529,0.05215,0.00030,0.94714,0.00040
16.99265,0.48529,0.05035,0.00033,0.94885,0.00047
17.09559,0.48529,0.05396,0.00037,0.94522,0.00044
17.19853,0.48529,0.05538,0.00042,0.94369,0.00051
17.30147,0.48529,0.04950,0.00035,0.94963,0.00052
17.40441,0.48529,0.10775,0.00020,0.89159,0.00046
17.50735,0.48529,0.40985,0.00089,0.58763,0.00163
17.61029,0.48529,0.28668,0.00089,0.71057,0.00187
17.71324,0.48529,0.12837,0.00065,0.86948,0.00149
17.81618,0.48529,0.08110,0.00028,0.91794,0.00068
17.91912,0.48529,0.06709,0.00016,0.93232,0.00043
18.02206,0.48529,0.07613,0.00026,0.92301,0.00060
18.12500,0.48529,0.06479,0.00021,0.93456,0.00043
18.22794,0.48529,0.07719,0.00025,0.92210,0.00045
18.33088,0.48529,0.06219,0.00021,0.93721,0.00039
18.43382,0.48529,0.06228,0.00023,0.93704,0.00045
18.53676,0.48529,0.05200,0.00018,0.94745,0.00037
18.63971,0.48529,0.04927,0.00017,0.95017,0.00038
18.74265,0.48529,0.06180,0.00033,0.93727,0.00060
18.84559,0.48529,0.06684,0.00037,0.93219,0.00060
18.94853,0.48529,0.05615,0.00022,0.94322,0.00041
19.05147,0.48529,0.06013,0.00033,0.93903,0.00052
19.15441,0.48529,0.05485,0.00027,0.94444,0.00045
19.25735,0.48529,0.05480,0.00025,0.94454,0.00041
19.36029,0.48529,0.05298,0.00024,0.94637,0.00041
19.46324,0.48529,0.05124,0.00022,0.94809,0.00045
19.56618,0.48529,0.05242,0.00025,0.94692,0.00040
19.66912,0.48529,0.05739,0.00034,0.94177,0.00050
19.77206,0.48529,0.04846,0.00022,0.95090,0.00042
19.87500,0.48529,0.05997,0.00038,0.93913,0.00052
19.97794,0.48529,0.05778,0.00038,0.94128,0.00056
20.08088,0.48529,0.05244,0.00026,0.94683,0.00046
20.18382,0.48529,0.04893,0.00024,0.95038,0.00045
20.28676,0.48529,0.04951,0.00023,0.94985,0.00042
20.38971,0.48529,0.05457,0.00025,0.94470,0.00048
20.49265,0.48529,0.05671,0.00032,0.94245,0.00052
20.59559,0.48529,0.06634,0.00028,0.93293,0.00046
20.69853,0.48529,0.07738,0.00035,0.92164,0.00063
20.80147,0.48529,0.08476,0.00045,0.91400,0.00079
20.90441,0.48529,0.09247,0.00042,0.90631,0.00080
21.00735,0.48529,0.05920,0.00019,0.94012,0.00049
21.11029,0.48529,0.06197,0.00024,0.93727,0.00052
21.21324,0.48529,0.05608,0.00019,0.94331,0.00042
21.31618,0.48529,0.05564,0.00018,0.94380,0.00038
21.41912,0.48529,0.05542,0.00019,0.94403,0.00037
21.52206,0.48529,0.05172,0.00016,0.94778,0.00034
21.62500,0.48529,0.05525,0.00019,0.94421,0.00035
21.72794,0.48529,0.05909,0.00023,0.94025,0.00042
21.83088,0.48529,0.05935,0.00024,0.93994,0.00047
21.93382,0.48529,0.05689,0.00021,0.94244,0.00046
22.03676,0.48529,0.05588,0.00019,0.94347,0.00046
22.13971,0.48529,0.05617,0.00021,0.94316,0.00046
22.24265,0.48529,0.05546,0.00018,0.94400,0.00036
22.34559,0.48529,0.05829,0.00022,0.94104,0.00044
22.44853,0.48529,0.05855,0.00024,0.94078,0.00043
22.55147,0.48529,0.06148,0.00026,0.93781,0.00045
22.65441,0.48529,0.05695,0.00028,0.94227,0.00050
22.75735,0.48529,0.05788,0.00028,0.94135,0.00050
22.86029,0.48529,0.05662,0.00025,0.94262,0.00051
22.96324,0.48529,0.05376,0.00021,0.94567,0.00036
23.06618,0.48529,0.05681,0.00025,0.94248,0.00045
23.16912,0.48529,0.05569,0.00022,0.94371,0.00038
23.27206,0.48529,0.05532,0.00022,0.94410,0.00035
23.37500,0.48529,0.05486,0.00022,0.94451,0.00042
23.47794,0.48529,0.05530,0.00022,0.94409,0.00038
23.58088,0.48529,0.06627,0.00034,0.93275,0.00063
23.68382,0.48529,0.06665,0.00029,0.93243,0.00063
23.78676,0.48529,0.05870,0.00021,0.94060,0.00049
23.88971,0.48529,0.05726,0.00020,0.94206,0.00048
23.99265,0.48529,0.05964,0.00021,0.93966,0.00049
24.09559,0.48529,0.05189,0.00017,0.94754,0.00039
24.19853,0.48529,0.05967,0.00021,0.93975,0.00037
24.30147,0.48529,0.05651,0.00022,0.94285,0.00042
24.40441,0.48529,0.06333,0.00024,0.93598,0.00045
24.50735,0.48529,0.05724,0.00022,0.94208,0.00047
24.61029,0.48529,0.05692,0.00021,0.94244,0.00043
24.71324,0.48529,0.05822,0.00022,0.94108,0.00048
24.81618,0.48529,0.05993,0.00026,0.93931,0.00050
24.91912,0.48529,0.05369,0.00019,0.94574,0.00038
25.02206,0.48529,0.05532,0.00021,0.94407,0.00040
25.12500,0.48529,0.06524,0.00038,0.93378,0.00060
25.22794,0.48529,0.05785,0.00024,0.94146,0.00045
25.33088,0.48529,0.05736,0.00029,0.94187,0.00048
25.43382,0.48529,0.05902,0.00029,0.94020,0.00049
25.53676,0.48529,0.05720,0.00023,0.94207,0.00050
25.63971,0.48529,0.05741,0.00026,0.94184,0.00049
25.74265,0.48529,0.05336,0.00020,0.94605,0.00039
25.84559,0.48529,0.05859,0.00029,0.94067,0.00046
25.94853,0.48529,0.05437,0.00024,0.94495,0.00044
26.05147,0.48529,0.05703,0.00022,0.94231,0.00044
26.15441,0.48529,0.06034,0.00030,0.93887,0.00049
26.25735,0.48529,0.05777,0.00028,0.94145,0.00051
26.36029,0.48529,0.05860,0.00028,0.94063,0.00049
26.46324,0.48529,0.05359,0.00022,0.94569,0.00051
26.56618,0.48529,0.05225,0.00019,0.94722,0.00035
26.66912,0.48529,0.06109,0.00029,0.93816,0.00047
26.77206,0.48529,0.05548,0.00023,0.94386,0.00044
26.87500,0.48529,0.06323,0.00031,0.93591,0.00055
26.97794,0.48529,0.06033,0.00031,0.93887,0.00049
27.08088,0.48529,0.05512,0.00029,0.94412,0.00047
27.18382,0.48529,0.05713,0.00026,0.94213,0.00047
27.28676,0.48529,0.05381,0.00025,0.94550,0.00045
27.38971,0.48529,0.05609,0.00027,0.94319,0.00045
27.49265,0.48529,0.05732,0.00026,0.94189,0.00053
27.59559,0.48529,0.05696,0.00028,0.94231,0.00045
27.69853,0.48529,0.05868,0.00034,0.94046,0.00052
27.80147,0.48529,0.05790,0.00027,0.94140,0.00042
27.90441,0.48529,0.05649,0.00030,0.94275,0.00046
28.00735,0.48529,0.05774,0.00030,0.94149,0.00047
28.11029,0.48529,0.05830,0.00028,0.94088,0.00054
28.21324,0.48529,0.05362,0.00022,0.94577,0.00039
28.31618,0.48529,0.05719,0.00024,0.94208,0.00050
28.41912,0.48529,0.05870,0.00026,0.94054,0.00050
28.52206,0.48529,0.05594,0.00026,0.94335,0.00045
28.62500,0.48529,0.05815,0.00027,0.94118,0.00040
28.72794,0.48529,0.06104,0.00031,0.93816,0.00050
28.83088,0.48529,0.05905,0.00029,0.94014,0.00052
28.93382,0.48529,0.05940,0.00027,0.93983,0.00050
29.03676,0.48529,0.05549,0.00024,0.94378,0.00048
29.13971,0.48529,0.07208,0.00031,0.92698,0.00063
29.24265,0.48529,0.06857,0.00021,0.93075,0.00048
29.34559,0.48529,0.09230,0.00023,0.90692,0.00054
29.44853,0.48529,0.15332,0.00030,0.84558,0.00080
29.55147,0.48529,0.21146,0.00033,0.78733,0.00088
29.65441,0.48529,0.43802,0.00033,0.56012,0.00153
29.75735,0.48529,0.85666,0.00009,0.14171,0.00154
29.86029,0.48529,0.99646,0.00002,0.00103,0.00249
29.96324,0.48529,0.93824,0.00155,0.05626,0.00395
30.06618,0.48529,0.99728,0.00094,0.00087,0.00092
30.16912,0.48529,0.48241,0.00219,0.00044,0.51497
30.27206,0.48529,0.04333,0.00068,0.00001,0.95597
30.37500,0.48529,0.95912,0.00006,0.00001,0.04081
30.47794,0.48529,0.99943,0.00000,0.00016,0.00041
30.58088,0.48529,0.99651,0.00001,0.00290,0.00058
30.68382,0.48529,0.99942,0.00001,0.00055,0.00002
30.78676,0.48529,0.80750,0.00246,0.18937,0.00066
30.88971,0.48529,0.13186,0.00043,0.86721,0.00050
30.99265,0.48529,0.06371,0.00022,0.93565,0.00041
31.09559,0.48529,0.06066,0.00022,0.93874,0.00038
31.19853,0.48529,0.05924,0.00026,0.94002,0.00048
31.30147,0.48529,0.05586,0.00021,0.94352,0.00042
31.40441,0.48529,0.05930,0.00025,0.93993,0.00052
31.50735,0.48529,0.05794,0.00023,0.94137,0.00045
31.61029,0.48529,0.05639,0.00022,0.94298,0.00041
31.71324,0.48529,0.05580,0.00022,0.94357,0.00041
31.81618,0.48529,0.06180,0.00026,0.93750,0.00043
31.91912,0.48529,0.05793,0.00024,0.94138,0.00045
32.02206,0.48529,0.05942,0.00026,0.93984,0.00048
32.12500,0.48529,0.05741,0.00027,0.94181,0.00052
32.22794,0.48529,0.05560,0.00022,0.94373,0.00046
32.33088,0.48529,0.06250,0.00023,0.93673,0.00054
32.43382,0.48529,0.06961,0.00026,0.92958,0.00055
32.53677,0.48529,0.10756,0.00025,0.89164,0.00056
32.63971,0.48529,0.30787,0.00030,0.69094,0.00089
32.74265,0.48529,0.79496,0.00011,0.20366,0.00126
32.84559,0.48529,0.99745,0.00000,0.00234,0.00021
32.94853,0.48529,0.99957,0.00000,0.00036,0.00006
33.05147,0.48529,0.99856,0.00005,0.00093,0.00046
33.15441,0.48529,0.73928,0.00054,0.00500,0.25517
33.25735,0.48529,0.43561,0.00001,0.00001,0.56437
33.36029,0.48529,0.09497,0.00083,0.00007,0.90413
33.46323,0.48529,0.04739,0.00177,0.00015,0.95069
33.56618,0.48529,0.98084,0.00005,0.00000,0.01911
33.66912,0.48529,0.99945,0.00000,0.00029,0.00027
33.77206,0.48529,0.99797,0.00002,0.00156,0.00045
33.87500,0.48529,0.99844,0.00001,0.00151,0.00004
33.97794,0.48529,0.68383,0.00208,0.31333,0.00075
34.08088,0.48529,0.09264,0.00032,0.90657,0.00047
34.18382,0.48529,0.06131,0.00021,0.93811,0.00037
34.28677,0.48529,0.06020,0.00023,0.93913,0.00044
34.38971,0.48529,0.05625,0.00023,0.94310,0.00042
34.49265,0.48529,0.05694,0.00024,0.94238,0.00043
34.59559,0.48529,0.05493,0.00022,0.94439,0.00047
34.69853,0.48529,0.05740,0.00025,0.94187,0.00048
34.80147,0.48529,0.05162,0.00018,0.94785,0.00034
34.90441,0.48529,0.05753,0.00022,0.94183,0.00042
35.00735,0.48529,0.06051,0.00025,0.93879,0.00045
35.11029,0.48529,0.05810,0.00024,0.94123,0.00043
35.21323,0.48529,0.05809,0.00025,0.94122,0.00044
35.31618,0.48529,0.05868,0.00025,0.94062,0.00044
35.41912,0.48529,0.06164,0.00027,0.93763,0.00046
35.52206,0.48529,0.06734,0.00026,0.93188,0.00052
35.62500,0.48529,0.08575,0.00027,0.91333,0.00065
35.72794,0.48529,0.17838,0.00029,0.82062,0.00071
35.83088,0.48529,0.59059,0.00020,0.40813,0.00108
35.93382,0.48529,0.91568,0.00005,0.08326,0.00101
36.03677,0.48529,0.99900,0.00004,0.00054,0.00043
36.13971,0.48529,0.99641,0.00001,0.00272,0.00086
36.24265,0.48529,0.99821,0.00009,0.00139,0.00030
36.34559,0.48529,0.62311,0.00239,0.00104,0.37345
36.44853,0.48529,0.15087,0.00080,0.00001,0.84832
36.55147,0.48529,0.09518,0.00087,0.00008,0.90387
36.65441,0.48529,0.04417,0.00188,0.00015,0.95380
36.75735,0.48529,0.96885,0.00017,0.00001,0.03098
36.86029,0.48529,0.99936,0.00000,0.00025,0.00038
36.96323,0.48529,0.99695,0.00001,0.00255,0.00050
37.06618,0.48529,0.99938,0.00001,0.00059,0.00002
37.16912,0.48529,0.75809,0.00298,0.23813,0.00080
37.27206,0.48529,0.07974,0.00027,0.91952,0.00047
37.37500,0.48529,0.05669,0.00020,0.94274,0.00037
37.47794,0.48529,0.05942,0.00025,0.93990,0.00044
37.58088,0.48529,0.05399,0.00024,0.94536,0.00041
37.68382,0.48529,0.05334,0.00022,0.94602,0.00042
37.78677,0.48529,0.05903,0.00030,0.94018,0.00048
37.88971,0.48529,0.05608,0.00026,0.94318,0.00048
37.99265,0.48529,0.05205,0.00021,0.94731,0.00043
38.09559,0.48529,0.05477,0.00022,0.94452,0.00049
38.19853,0.48529,0.05554,0.00022,0.94385,0.00039
38.30147,0.48529,0.05920,0.00029,0.94005,0.00047
38.40441,0.48529,0.05415,0.00022,0.94522,0.00041
38.50735,0.48529,0.05462,0.00025,0.94468,0.00045
38.61029,0.48529,0.05575,0.00024,0.94362,0.00039
38.71323,0.48529,0.05541,0.00025,0.94388,0.00046
38.81618,0.48529,0.05882,0.00023,0.94050,0.00046
38.91912,0.48529,0.06764,0.00025,0.93159,0.00052
39.02206,0.48529,0.07959,0.00025,0.91959,0.00057
39.12500,0.48529,0.21868,0.00027,0.78040,0.00065
39.22794,0.48529,0.63707,0.00015,0.36183,0.00095
39.33088,0.48529,0.96171,0.00002,0.03759,0.00067
39.43382,0.48529,0.99141,0.00001,0.00827,0.00032
39.53677,0.48529,0.98971,0.00007,0.00228,0.00794
39.63971,0.48529,0.99486,0.00034,0.00331,0.00149
39.74265,0.48529,0.85410,0.00116,0.00100,0.14374
39.84559,0.48529,0.20304,0.00028,0.00011,0.79658
39.94853,0.48529,0.09708,0.00087,0.00008,0.90197
40.05147,0.48529,0.11564,0.00098,0.00009,0.88329
40.15441,0.48529,0.70648,0.00001,0.00002,0.29349
40.25735,0.48529,0.99964,0.00000,0.00023,0.00013
40.36029,0.48529,0.99918,0.00000,0.00082,0.00000
40.46323,0.48529,0.99953,0.00000,0.00047,0.00001
40.56618,0.48529,0.99996,0.00000,0.00001,0.00002
40.66912,0.48529,0.43062,0.00202,0.56603,0.00134
40.77206,0.48529,0.07391,0.00033,0.92527,0.00049
40.87500,0.48529,0.05742,0.00022,0.94197,0.00039
40.97794,0.48529,0.05780,0.00027,0.94150,0.00044
41.08088,0.48529,0.05800,0.00029,0.94126,0.00046
41.18382,0.48529,0.05591,0.00019,0.94350,0.00040
41.28677,0.48529,0.05296,0.00019,0.94646,0.00039
41.38971,0.48529,0.05916,0.00025,0.94014,0.00046
41.49265,0.48529,0.05752,0.00022,0.94184,0.00042
41.59559,0.48529,0.05799,0.00027,0.94132,0.00042
41.69853,0.48529,0.06361,0.00033,0.93553,0.00053
41.80147,0.48529,0.05572,0.00021,0.94368,0.00039
41.90441,0.48529,0.05736,0.00024,0.94194,0.00045
42.00735,0.48529,0.06166,0.00030,0.93757,0.00048
42.11029,0.48529,0.05458,0.00023,0.94477,0.00042
42.21323,0.48529,0.05639,0.00026,0.94282,0.00052
42.31618,0.48529,0.05540,0.00025,0.94385,0.00050
42.41912,0.48529,0.05388,0.00022,0.94551,0.00038
42.52206,0.48529,0.05903,0.00027,0.94026,0.00044
42.62500,0.48529,0.05847,0.00025,0.94086,0.00042
42.72794,0.48529,0.05658,0.00024,0.94275,0.00042
42.83088,0.48529,0.05793,0.00028,0.94133,0.00046
42.93382,0.48529,0.05540,0.00025,0.94389,0.00046
43.03677,0.48529,0.05617,0.00025,0.94309,0.00050
43.13971,0.48529,0.05528,0.00023,0.94407,0.00041
43.24265,0.48529,0.05555,0.00020,0.94384,0.00041
43.34559,0.48529,0.05229,0.00021,0.94713,0.00037
43.44853,0.48529,0.05668,0.00020,0.94270,0.00042
43.55147,0.48529,0.05748,0.00023,0.94193,0.00036
43.65441,0.48529,0.06126,0.00031,0.93793,0.00050
43.75735,0.48529,0.05661,0.00023,0.94271,0.00044
43.86029,0.48529,0.05573,0.00026,0.94352,0.00049
43.96323,0.48529,0.05526,0.00024,0.94401,0.00049
44.06618,0.48529,0.05894,0.00024,0.94032,0.00050
44.16912,0.48529,0.06264,0.00026,0.93662,0.00048
44.27206,0.48529,0.08022,0.00020,0.91913,0.00045
44.37500,0.48529,0.28374,0.00039,0.71489,0.00097
44.47794,0.48529,0.77605,0.00012,0.22276,0.00106
44.58088,0.48529,0.99990,0.00000,0.00004,0.00006
44.68382,0.48529,0.99847,0.00006,0.00101,0.00046
44.78677,0.48529,0.99653,0.00020,0.00260,0.00067
44.88971,0.48529,0.59763,0.00682,0.00283,0.39272
44.99265,0.48529,0.06749,0.00046,0.00004,0.93200
45.09559,0.48529,0.09837,0.00083,0.00007,0.90073
45.19853,0.48529,0.55745,0.00001,0.00001,0.44253
45.30147,0.48529,0.99990,0.00000,0.00005,0.00005
45.40441,0.48529,0.99484,0.00000,0.00457,0.00059
45.50735,0.48529,0.98075,0.00000,0.01908,0.00017
45.61029,0.48529,1.00000,0.00000,0.00000,0.00000
45.71323,0.48529,0.19093,0.00057,0.80793,0.00057
45.81618,0.48529,0.06843,0.00023,0.93094,0.00041
45.91912,0.48529,0.06011,0.00024,0.93927,0.00039
46.02206,0.48529,0.05973,0.00025,0.93957,0.00044
46.12500,0.48529,0.06252,0.00031,0.93663,0.00054
46.22794,0.48529,0.05768,0.00025,0.94161,0.00045
46.33088,0.48529,0.05267,0.00019,0.94675,0.00040
46.43382,0.48529,0.05335,0.00022,0.94597,0.00046
46.53677,0.48529,0.05477,0.00025,0.94453,0.00045
46.63971,0.48529,0.05582,0.00024,0.94352,0.00042
46.74265,0.48529,0.05459,0.00027,0.94464,0.00050
46.84559,0.48529,0.05858,0.00023,0.94078,0.00041
46.94853,0.48529,0.05523,0.00026,0.94407,0.00044
47.05147,0.48529,0.05787,0.00027,0.94139,0.00047
47.15441,0.48529,0.05915,0.00024,0.94014,0.00047
47.25735,0.48529,0.05615,0.00022,0.94317,0.00046
47.36029,0.48529,0.05282,0.00021,0.94657,0.00040
47.46323,0.48529,0.06038,0.00027,0.93889,0.00046
47.56618,0.48529,0.05550,0.00025,0.94382,0.00043
47.66912,0.48529,0.05435,0.00022,0.94501,0.00041
47.77206,0.48529,0.06368,0.00031,0.93552,0.00049
47.87500,0.48529,0.05772,0.00028,0.94150,0.00051
47.97794,0.48529,0.05974,0.00026,0.93948,0.00052
48.08088,0.48529,0.05292,0.00020,0.94647,0.00041
48.18382,0.48529,0.05428,0.00023,0.94504,0.00046
48.28677,0.48529,0.05851,0.00023,0.94079,0.00048
48.38971,0.48529,0.05743,0.00029,0.94176,0.00052
48.49265,0.48529,0.06200,0.00026,0.93736,0.00037
48.59559,0.48529,0.06496,0.00031,0.93423,0.00050
48.69853,0.48529,0.05915,0.00026,0.94004,0.00054
48.80147,0.48529,0.07084,0.00031,0.92821,0.00063
48.90441,0.48529,0.08500,0.00033,0.91407,0.00059
49.00735,0.48529,0.15831,0.00044,0.84023,0.00102
49.11029,0.48529,0.41650,0.00034,0.58212,0.00104
49.21323,0.48529,0.86987,0.00009,0.12910,0.00094
49.31618,0.48529,0.99825,0.00000,0.00153,0.00021
49.41912,0.48529,0.99524,0.00003,0.00180,0.00293
49.52206,0.48529,0.99423,0.00025,0.00374,0.00178
49.62500,0.48529,0.81883,0.00062,0.00271,0.17785
49.72794,0.48529,0.25289,0.00016,0.00010,0.74685
49.83088,0.48529,0.10777,0.00087,0.00008,0.89128
49.93382,0.48529,0.79461,0.00001,0.00002,0.20536
50.03677,0.48529,0.99978,0.00000,0.00006,0.00015
50.13971,0.48529,0.99876,0.00000,0.00120,0.00004
50.24265,0.48529,0.99190,0.00000,0.00805,0.00005
50.34559,0.48529,0.99999,0.00000,0.00001,0.00000
50.44853,0.48529,0.13031,0.00036,0.86881,0.00051
50.55147,0.48529,0.05365,0.00017,0.94578,0.00040
50.65441,0.48529,0.06076,0.00023,0.93862,0.00039
50.75735,0.48529,0.06124,0.00026,0.93810,0.00041
50.86029,0.48529,0.05930,0.00026,0.94002,0.00041
50.96323,0.48529,0.05857,0.00027,0.94073,0.00043
51.06618,0.48529,0.05399,0.00026,0.94530,0.00045
51.16912,0.48529,0.06176,0.00028,0.93746,0.00050
51.27206,0.48529,0.05435,0.00021,0.94502,0.00042
51.37500,0.48529,0.05332,0.00020,0.94606,0.00042
51.47794,0.48529,0.05585,0.00020,0.94355,0.00041
51.58088,0.48529,0.05916,0.00031,0.94003,0.00051
51.68382,0.48529,0.05494,0.00020,0.94447,0.00038
51.78677,0.48529,0.06162,0.00030,0.93758,0.00050
51.88971,0.48529,0.05855,0.00024,0.94076,0.00045
51.99265,0.48529,0.06003,0.00024,0.93923,0.00049
52.09559,0.48529,0.05755,0.00026,0.94171,0.00048
52.19853,0.48529,0.05863,0.00025,0.94062,0.00050
52.30147,0.48529,0.05626,0.00023,0.94303,0.00049
52.40441,0.48529,0.05633,0.00019,0.94312,0.00036
52.50735,0.48529,0.05404,0.00021,0.94538,0.00037
52.61029,0.48529,0.05503,0.00021,0.94436,0.00040
52.71323,0.48529,0.05813,0.00024,0.94124,0.00039
52.81618,0.48529,0.06112,0.00030,0.93804,0.00053
52.91912,0.48529,0.06361,0.00027,0.93563,0.00049
53.02206,0.48529,0.06589,0.00029,0.93331,0.00051
53.12500,0.48529,0.07633,0.00026,0.92281,0.00059
53.22794,0.48529,0.17080,0.00035,0.82799,0.00085
53.33088,0.48529,0.52537,0.00025,0.47326,0.00111
53.43382,0.48529,0.97751,0.00001,0.02202,0.00045
53.53677,0.48529,0.99792,0.00001,0.00101,0.00106
53.63971,0.48529,0.89782,0.00441,0.09337,0.00439
53.74265,0.48529,0.95249,0.00038,0.01226,0.03487
53.84559,0.48529,0.13381,0.00006,0.00002,0.86611
53.94853,0.48529,0.99975,0.00000,0.00001,0.00024
54.05147,0.48529,0.99948,0.00000,0.00037,0.00016
54.15441,0.48529,0.99980,0.00000,0.00019,0.00001
54.25735,0.48529,0.99992,0.00001,0.00006,0.00001
54.36029,0.48529,0.11559,0.00031,0.88361,0.00048
54.46323,0.48529,0.06068,0.00020,0.93870,0.00042
54.56618,0.48529,0.05855,0.00022,0.94077,0.00045
54.66912,0.48529,0.05732,0.00021,0.94214,0.00034
54.77206,0.48529,0.06014,0.00025,0.93914,0.00047
54.87500,0.48529,0.06008,0.00025,0.93922,0.00045
54.97794,0.48529,0.05544,0.00024,0.94387,0.00045
55.08088,0.48529,0.06369,0.00030,0.93550,0.00052
55.18382,0.48529,0.05484,0.00023,0.94450,0.00043
55.28677,0.48529,0.05540,0.00021,0.94399,0.00040
55.38971,0.48529,0.05715,0.00026,0.94210,0.00049
55.49265,0.48529,0.05458,0.00021,0.94482,0.00038
55.59559,0.48529,0.05409,0.00021,0.94531,0.00039
55.69853,0.48529,0.05736,0.00023,0.94194,0.00046
55.80147,0.48529,0.05723,0.00021,0.94216,0.00040
55.90441,0.48529,0.05769,0.00029,0.94153,0.00049
56.00735,0.48529,0.06226,0.00024,0.93704,0.00045
56.11029,0.48529,0.05271,0.00018,0.94672,0.00039
56.21323,0.48529,0.05421,0.00022,0.94513,0.00045
56.31618,0.48529,0.06050,0.00028,0.93873,0.00049
56.41912,0.48529,0.05516,0.00023,0.94417,0.00043
56.52206,0.48529,0.05938,0.00028,0.93984,0.00050
56.62500,0.48529,0.05634,0.00023,0.94301,0.00041
56.72794,0.48529,0.06027,0.00027,0.93900,0.00046
56.83088,0.48529,0.05894,0.00025,0.94029,0.00052
56.93382,0.48529,0.05640,0.00023,0.94293,0.00044
57.03677,0.48529,0.05717,0.00023,0.94212,0.00048
57.13971,0.48529,0.06113,0.00021,0.93824,0.00041
57.24265,0.48529,0.07868,0.00021,0.92066,0.00045
57.34559,0.48529,0.22228,0.00034,0.77654,0.00084
57.44853,0.48529,0.62423,0.00022,0.37427,0.00128
57.55147,0.48529,0.95400,0.00002,0.04532,0.00066
57.65441,0.48529,0.99303,0.00002,0.00173,0.00523
57.75735,0.48529,0.98318,0.00041,0.01538,0.00104
57.86029,0.48529,0.98384,0.00096,0.01076,0.00444
57.96323,0.48529,0.65161,0.00773,0.00093,0.33973
58.06618,0.48529,0.53207,0.00001,0.00000,0.46792
58.16912,0.48529,0.99987,0.00000,0.00008,0.00006
58.27206,0.48529,0.99617,0.00000,0.00342,0.00041
58.37500,0.48529,0.98391,0.00000,0.01593,0.00016
58.47794,0.48529,1.00000,0.00000,0.00000,0.00000
58.58088,0.48529,0.16903,0.00056,0.82979,0.00061
58.68382,0.48529,0.07476,0.00030,0.92451,0.00043
58.78677,0.48529,0.05945,0.00021,0.93996,0.00038
58.88971,0.48529,0.05752,0.00022,0.94182,0.00043
58.99265,0.48529,0.05744,0.00025,0.94186,0.00045
59.09559,0.48529,0.05699,0.00025,0.94228,0.00048
59.19853,0.48529,0.05781,0.00022,0.94149,0.00047
59.30147,0.48529,0.04973,0.00016,0.94979,0.00032
59.40441,0.48529,0.05329,0.00020,0.94610,0.00041
59.50735,0.48529,0.05761,0.00022,0.94178,0.00039
59.61029,0.48529,0.06095,0.00028,0.93833,0.00044
59.71323,0.48529,0.05634,0.00024,0.94300,0.00041
59.81618,0.48529,0.05985,0.00026,0.93941,0.00048
59.91912,0.48529,0.05255,0.00022,0.94685,0.00038
60.02206,0.48529,0.06051,0.00025,0.93877,0.00048
60.12500,0.48529,0.05680,0.00021,0.94253,0.00046
60.22794,0.48529,0.05501,0.00021,0.94437,0.00041
60.33088,0.48529,0.06290,0.00032,0.93631,0.00047
60.43382,0.48529,0.05703,0.00025,0.94229,0.00043
60.53677,0.48529,0.05633,0.00024,0.94301,0.00042
60.63971,0.48529,0.05488,0.00025,0.94439,0.00047
60.74265,0.48529,0.05895,0.00026,0.94030,0.00049
60.84559,0.48529,0.05715,0.00024,0.94215,0.00046
60.94853,0.48529,0.05553,0.00023,0.94375,0.00050
61.05147,0.48529,0.05723,0.00025,0.94197,0.00055
61.15441,0.48529,0.05456,0.00019,0.94483,0.00042
61.25735,0.48529,0.05781,0.00023,0.94159,0.00038
61.36029,0.48529,0.05637,0.00023,0.94295,0.00045
61.46323,0.48529,0.05936,0.00021,0.94000,0.00043
61.56618,0.48529,0.07006,0.00025,0.92919,0.00050
61.66912,0.48529,0.13212,0.00041,0.86665,0.00082
61.77206,0.48529,0.41029,0.00038,0.58810,0.00122
61.87500,0.48529,0.91358,0.00006,0.08547,0.00090
61.97794,0.48529,0.99837,0.00015,0.00086,0.00063
62.08088,0.48529,0.99476,0.00004,0.00389,0.00131
62.18382,0.48529,0.99651,0.00069,0.00196,0.00085
62.28677,0.48529,0.64193,0.00439,0.00276,0.35092
62.38971,0.48529,0.28293,0.00010,0.00000,0.71697
62.49265,0.48529,0.99946,0.00000,0.00003,0.00051
62.59559,0.48529,0.99466,0.00000,0.00406,0.00127
62.69853,0.48529,0.98339,0.00000,0.01561,0.00101
62.80147,0.48529,0.99671,0.00102,0.00121,0.00107
62.90441,0.48529,0.40280,0.00132,0.59494,0.00094
63.00735,0.48529,0.08097,0.00027,0.91829,0.00046
63.11029,0.48529,0.05718,0.00019,0.94219,0.00044
63.21323,0.48529,0.05670,0.00019,0.94270,0.00041
63.31618,0.48529,0.05363,0.00019,0.94574,0.00044
63.41912,0.48529,0.05624,0.00020,0.94319,0.00037
63.52206,0.48529,0.05849,0.00028,0.94075,0.00047
63.62500,0.48529,0.05684,0.00021,0.94255,0.00040
63.72794,0.48529,0.05369,0.00022,0.94568,0.00041
63.83088,0.48529,0.05710,0.00026,0.94216,0.00048
63.93382,0.48530,0.06088,0.00024,0.93841,0.00048
64.03677,0.48529,0.05641,0.00022,0.94294,0.00043
64.13971,0.48529,0.05523,0.00020,0.94417,0.00041
64.24265,0.48530,0.05896,0.00026,0.94028,0.00050
64.34559,0.48529,0.05737,0.00022,0.94201,0.00040
64.44853,0.48529,0.05525,0.00020,0.94419,0.00035
64.55147,0.48530,0.06160,0.00032,0.93752,0.00056
64.65441,0.48530,0.05434,0.00020,0.94504,0.00042
64.75735,0.48529,0.06156,0.00027,0.93769,0.00048
64.86029,0.48530,0.05428,0.00022,0.94505,0.00045
64.96323,0.48530,0.05395,0.00018,0.94549,0.00039
65.06618,0.48529,0.05392,0.00024,0.94537,0.00047
65.16912,0.48529,0.05703,0.00021,0.94235,0.00041
65.27206,0.48530,0.05434,0.00019,0.94515,0.00032
65.37500,0.48529,0.05543,0.00026,0.94379,0.00052
65.47794,0.48529,0.06021,0.00025,0.93910,0.00044
65.58088,0.48530,0.06679,0.00026,0.93242,0.00053
65.68382,0.48530,0.06794,0.00024,0.93132,0.00051
65.78677,0.48529,0.12661,0.00042,0.87205,0.00092
65.88971,0.48529,0.42079,0.00036,0.57771,0.00114
65.99265,0.48530,0.85355,0.00007,0.14542,0.00096
66.09559,0.48529,0.99995,0.00000,0.00002,0.00003
66.19853,0.48529,0.99878,0.00004,0.00092,0.00025
66.30147,0.48530,0.99657,0.00009,0.00291,0.00043
66.40441,0.48530,0.65238,0.00505,0.00123,0.34134
66.50735,0.48529,0.06440,0.00023,0.00003,0.93534
66.61029,0.48530,0.65211,0.00001,0.00002,0.34786
66.71323,0.48530,0.99985,0.00000,0.00006,0.00008
66.81618,0.48529,0.99750,0.00000,0.00231,0.00019
66.91912,0.48529,0.98235,0.00000,0.01755,0.00009
67.02206,0.48530,1.00000,0.00000,0.00000,0.00000
67.12500,0.48529,0.20803,0.00057,0.79079,0.00061
67.22794,0.48529,0.05670,0.00018,0.94271,0.00041
67.33088,0.48530,0.05468,0.00019,0.94475,0.00039
67.43382,0.48530,0.05715,0.00022,0.94219,0.00045
67.53677,0.48529,0.05554,0.00022,0.94387,0.00037
67.63971,0.48529,0.05863,0.00022,0.94075,0.00040
67.74265,0.48530,0.05509,0.00025,0.94425,0.00041
67.84559,0.48529,0.06363,0.00031,0.93547,0.00059
67.94853,0.48529,0.05455,0.00020,0.94481,0.00044
68.05147,0.48530,0.05297,0.00020,0.94640,0.00043
68.15441,0.48530,0.05860,0.00023,0.94069,0.00049
68.25735,0.48529,0.05852,0.00019,0.94089,0.00039
68.36029,0.48530,0.05853,0.00021,0.94087,0.00039
68.46323,0.48530,0.05953,0.00027,0.93977,0.00043
68.56618,0.48529,0.05487,0.00020,0.94454,0.00039
68.66912,0.48529,0.05732,0.00025,0.94198,0.00045
68.77206,0.48530,0.06254,0.00030,0.93666,0.00050
68.87500,0.48529,0.06097,0.00025,0.93828,0.00051
68.97794,0.48529,0.05850,0.00023,0.94079,0.00048
69.08088,0.48530,0.05662,0.00021,0.94272,0.00045
69.18382,0.48530,0.06141,0.00028,0.93782,0.00049
69.28677,0.48529,0.05878,0.00023,0.94057,0.00043
69.38971,0.48529,0.05414,0.00020,0.94529,0.00037
69.49265,0.48530,0.05990,0.00027,0.93934,0.00049
69.59559,0.48529,0.06007,0.00024,0.93921,0.00048
69.69853,0.48529,0.06888,0.00027,0.93034,0.00051
69.80147,0.48530,0.09128,0.00031,0.90767,0.00074
69.90441,0.48530,0.21486,0.00039,0.78381,0.00094
70.00735,0.48529,0.49337,0.00025,0.50529,0.00110
70.11029,0.48530,0.94163,0.00003,0.05761,0.00074
70.21323,0.48530,0.99928,0.00003,0.00033,0.00037
70.31618,0.48529,0.99310,0.00005,0.00550,0.00135
70.41912,0.48529,0.99638,0.00109,0.00210,0.00042
70.52206,0.48530,0.62934,0.00558,0.00312,0.36196
70.62500,0.48529,0.14064,0.00045,0.00000,0.85891
70.72794,0.48529,0.99945,0.00001,0.00001,0.00053
70.83088,0.48530,0.99681,0.00000,0.00261,0.00057
70.93382,0.48530,0.97795,0.00000,0.02135,0.00070
71.03677,0.48529,0.99791,0.00015,0.00139,0.00056
71.13971,0.48529,0.49526,0.00121,0.50268,0.00085
71.24265,0.48530,0.08204,0.00026,0.91726,0.00044
71.34559,0.48529,0.05938,0.00020,0.94001,0.00041
71.44853,0.48529,0.05819,0.00020,0.94124,0.00037
71.55147,0.48530,0.05767,0.00021,0.94169,0.00043
71.65441,0.48530,0.05800,0.00022,0.94138,0.00040
71.75735,0.48529,0.05874,0.00026,0.94056,0.00043
71.86029,0.48530,0.05754,0.00026,0.94174,0.00046
71.96323,0.48530,0.05689,0.00025,0.94236,0.00050
72.06618,0.48529,0.05241,0.00019,0.94699,0.00040
72.16912,0.48529,0.05589,0.00021,0.94344,0.00046
72.27206,0.48530,0.06128,0.00024,0.93808,0.00040
72.37500,0.48529,0.05431,0.00023,0.94505,0.00041
72.47794,0.48529,0.05722,0.00022,0.94215,0.00041
72.58088,0.48530,0.05941,0.00029,0.93980,0.00050
72.68382,0.48530,0.05925,0.00025,0.94008,0.00042
72.78677,0.48529,0.05817,0.00026,0.94110,0.00048
72.88971,0.48529,0.05645,0.00022,0.94285,0.00048
72.99265,0.48530,0.05526,0.00020,0.94413,0.00041
73.09559,0.48529,0.05734,0.00021,0.94204,0.00041
73.19853,0.48529,0.05505,0.00021,0.94435,0.00039
73.30147,0.48530,0.05565,0.00019,0.94378,0.00037
73.40441,0.48530,0.06009,0.00023,0.93926,0.00041
73.50735,0.48529,0.06039,0.00027,0.93887,0.00047
73.61029,0.48530,0.06306,0.00030,0.93609,0.00055
73.71323,0.48530,0.06925,0.00023,0.93005,0.00047
73.81618,0.48529,0.12055,0.00030,0.87845,0.00070
73.91912,0.48529,0.37709,0.00032,0.62149,0.00111
74.02206,0.48530,0.82189,0.00010,0.17694,0.00106
74.12500,0.48529,0.99991,0.00000,0.00001,0.00008
74.22794,0.48529,0.99929,0.00000,0.00062,0.00009
74.33088,0.48530,0.99805,0.00003,0.00093,0.00099
74.43382,0.48530,0.81559,0.00064,0.00306,0.18071
74.53677,0.48529,0.40480,0.00004,0.00001,0.59516
74.63971,0.48529,0.65555,0.00085,0.00001,0.34360
74.74265,0.48530,0.99969,0.00000,0.00001,0.00030
74.84559,0.48529,0.99928,0.00000,0.00064,0.00007
74.94853,0.48529,0.99978,0.00000,0.00020,0.00001
75.05147,0.48530,0.99981,0.00000,0.00018,0.00001
75.15441,0.48530,0.17749,0.00052,0.82133,0.00066
75.25735,0.48529,0.06768,0.00019,0.93169,0.00043
75.36029,0.48530,0.05880,0.00021,0.94060,0.00040
75.46323,0.48530,0.05943,0.00023,0.93992,0.00042
75.56618,0.48529,0.05649,0.00019,0.94298,0.00034
75.66912,0.48529,0.05658,0.00024,0.94273,0.00045
75.77206,0.48530,0.05822,0.00023,0.94109,0.00046
75.87500,0.48529,0.06050,0.00027,0.93870,0.00052
75.97794,0.48529,0.05858,0.00024,0.94071,0.00047
76.08088,0.48530,0.05610,0.00024,0.94318,0.00048
76.18382,0.48530,0.05559,0.00020,0.94379,0.00042
76.28677,0.48529,0.05493,0.00022,0.94443,0.00042
76.38971,0.48529,0.05887,0.00023,0.94052,0.00038
76.49265,0.48530,0.06162,0.00027,0.93768,0.00044
76.59559,0.48529,0.05484,0.00022,0.94454,0.00041
76.69853,0.48529,0.05786,0.00024,0.94144,0.00046
76.80147,0.48530,0.05911,0.00026,0.94013,0.00051
76.90441,0.48530,0.05523,0.00022,0.94405,0.00050
77.00735,0.48529,0.05664,0.00019,0.94271,0.00046
77.11029,0.48530,0.05458,0.00019,0.94488,0.00035
77.21323,0.48530,0.05706,0.00020,0.94234,0.00040
77.31618,0.48529,0.05683,0.00022,0.94254,0.00041
77.41912,0.48529,0.05257,0.00022,0.94681,0.00041
77.52206,0.48530,0.06091,0.00027,0.93835,0.00047
77.62500,0.48529,0.07489,0.00029,0.92428,0.00054
77.72794,0.48529,0.15779,0.00038,0.84103,0.00079
77.83088,0.48530,0.56995,0.00022,0.42861,0.00122
77.93382,0.48530,0.99998,0.00000,0.00000,0.00002
78.03677,0.48529,0.99604,0.00002,0.00367,0.00027
78.13971,0.48529,0.99869,0.00004,0.00101,0.00027
78.24265,0.48530,0.69196,0.00070,0.00110,0.30624
78.34559,0.48529,0.01658,0.00006,0.00000,0.98336
78.44853,0.48529,0.99895,0.00007,0.00002,0.00095
78.55147,0.48530,0.99961,0.00000,0.00027,0.00012
78.65441,0.48530,0.99354,0.00000,0.00376,0.00269
78.75735,0.48529,0.99877,0.00003,0.00114,0.00007
78.86029,0.48530,0.70933,0.00197,0.28781,0.00090
78.96323,0.48530,0.13281,0.00048,0.86600,0.00071
79.06618,0.48529,0.06921,0.00024,0.93006,0.00049
79.16912,0.48529,0.05250,0.00015,0.94698,0.00037
79.27206,0.48530,0.05402,0.00019,0.94541,0.00038
79.37500,0.48529,0.05710,0.00021,0.94229,0.00040
79.47794,0.48529,0.05319,0.00019,0.94627,0.00034
79.58088,0.48530,0.05627,0.00020,0.94312,0.00041
79.68382,0.48530,0.05628,0.00022,0.94310,0.00040
79.78677,0.48529,0.05771,0.00023,0.94162,0.00045
79.88971,0.48529,0.05946,0.00022,0.93983,0.00049
79.99265,0.48530,0.05626,0.00020,0.94309,0.00045
80.09559,0.48529,0.06010,0.00024,0.93911,0.00056
80.19853,0.48529,0.05844,0.00021,0.94091,0.00043
80.30147,0.48530,0.05659,0.00019,0.94281,0.00041
80.40441,0.48530,0.05879,0.00022,0.94054,0.00044
80.50735,0.48529,0.05850,0.00023,0.94086,0.00042
80.61029,0.48530,0.05445,0.00022,0.94489,0.00043
80.71323,0.48530,0.05989,0.00025,0.93940,0.00047
80.81618,0.48529,0.05851,0.00021,0.94079,0.00048
80.91912,0.48529,0.05403,0.00018,0.94542,0.00037
81.02206,0.48530,0.05690,0.00020,0.94246,0.00044
81.12500,0.48529,0.06011,0.00019,0.93928,0.00042
81.22794,0.48529,0.05279,0.00018,0.94667,0.00036
81.33088,0.48530,0.07217,0.00020,0.92722,0.00041
81.43382,0.48530,0.19504,0.00030,0.80384,0.00082
81.53677,0.48529,0.83808,0.00009,0.16088,0.00095
81.63971,0.48529,0.99300,0.00005,0.00124,0.00572
81.74265,0.48530,0.99094,0.00011,0.00827,0.00069
81.84559,0.48529,0.96287,0.00042,0.01004,0.02666
81.94853,0.48529,0.77708,0.00326,0.00048,0.21919
82.05147,0.48530,0.05863,0.00023,0.00000,0.94113
82.15441,0.48530,0.62914,0.00018,0.00001,0.37067
82.25735,0.48529,0.99922,0.00000,0.00042,0.00036
82.36029,0.48530,0.99839,0.00001,0.00066,0.00094
82.46323,0.48530,0.99956,0.00000,0.00042,0.00002
82.56618,0.48529,0.97275,0.00042,0.02653,0.00030
82.66912,0.48529,0.12643,0.00035,0.87271,0.00051
82.77206,0.48530,0.06554,0.00023,0.93376,0.00048
82.87500,0.48529,0.05897,0.00022,0.94034,0.00047
82.97794,0.48529,0.05461,0.00019,0.94477,0.00043
83.08088,0.48530,0.05817,0.00020,0.94115,0.00048
83.18382,0.48530,0.05802,0.00020,0.94136,0.00042
83.28677,0.48529,0.05700,0.00018,0.94243,0.00039
83.38971,0.48529,0.05741,0.00020,0.94197,0.00041
83.49265,0.48530,0.05591,0.00018,0.94358,0.00033
83.59559,0.48529,0.05431,0.00018,0.94518,0.00034
83.69853,0.48529,0.06042,0.00023,0.93889,0.00047
83.80147,0.48530,0.05917,0.00025,0.94006,0.00051
83.90441,0.48530,0.05798,0.00023,0.94133,0.00047
84.00735,0.48529,0.05974,0.00022,0.93958,0.00046
84.11029,0.48530,0.05627,0.00019,0.94310,0.00044
84.21323,0.48530,0.05784,0.00018,0.94161,0.00037
84.31618,0.48529,0.05886,0.00021,0.94054,0.00040
84.41912,0.48529,0.05538,0.00019,0.94406,0.00037
84.52206,0.48530,0.05902,0.00021,0.94034,0.00044
84.62500,0.48529,0.05902,0.00024,0.94026,0.00049
84.72794,0.48529,0.05868,0.00022,0.94066,0.00044
84.83088,0.48530,0.06548,0.00022,0.93382,0.00048
84.93382,0.48530,0.07531,0.00025,0.92387,0.00058
85.03677,0.48529,0.12441,0.00036,0.87450,0.00074
85.13971,0.48529,0.36166,0.00022,0.63726,0.00086
85.24265,0.48530,0.99995,0.00000,0.00000,0.00005
85.34559,0.48529,0.99657,0.00001,0.00327,0.00015
85.44853,0.48529,0.99946,0.00001,0.00036,0.00018
85.55147,0.48530,0.82642,0.00012,0.00051,0.17295
85.65441,0.48530,0.08634,0.00001,0.00002,0.91363
85.75735,0.48529,0.65142,0.00004,0.00001,0.34853
85.86029,0.48530,0.99939,0.00000,0.00007,0.00054
85.96323,0.48530,0.99786,0.00000,0.00199,0.00015
86.06618,0.48529,0.99920,0.00000,0.00077,0.00003
86.16912,0.48529,0.99995,0.00000,0.00005,0.00001
86.27206,0.48530,0.10913,0.00039,0.88979,0.00069
86.37500,0.48529,0.06385,0.00022,0.93544,0.00050
86.47794,0.48529,0.05651,0.00017,0.94299,0.00034
86.58088,0.48530,0.05712,0.00023,0.94215,0.00050
86.68382,0.48530,0.05195,0.00014,0.94758,0.00033
86.78677,0.48529,0.05807,0.00022,0.94128,0.00042
86.88971,0.48529,0.06132,0.00025,0.93796,0.00047
86.99265,0.48530,0.06035,0.00025,0.93888,0.00052
87.09559,0.48529,0.05913,0.00024,0.94011,0.00052
87.19853,0.48529,0.05329,0.00017,0.94612,0.00041
87.30147,0.48530,0.05583,0.00020,0.94361,0.00036
87.40441,0.48530,0.05331,0.00017,0.94619,0.00033
87.50735,0.48529,0.05576,0.00019,0.94368,0.00038
87.61029,0.48530,0.05952,0.00024,0.93980,0.00044
87.71323,0.48530,0.05889,0.00025,0.94040,0.00047
87.81618,0.48529,0.05977,0.00027,0.93939,0.00057
87.91912,0.48529,0.05834,0.00022,0.94094,0.00050
88.02206,0.48530,0.05519,0.00019,0.94419,0.00042
88.12500,0.48529,0.05729,0.00019,0.94208,0.00045
88.22794,0.48529,0.05793,0.00021,0.94145,0.00041
88.33088,0.48530,0.05687,0.00017,0.94262,0.00034
88.43382,0.48530,0.06009,0.00019,0.93931,0.00041
88.53677,0.48529,0.06525,0.00020,0.93411,0.00044
88.63971,0.48529,0.08269,0.00035,0.91618,0.00078
88.74265,0.48530,0.08516,0.00032,0.91375,0.00078
88.84559,0.48529,0.09187,0.00034,0.90695,0.00084
88.94853,0.48529,0.18198,0.00026,0.81684,0.00091
89.05147,0.48530,0.80958,0.00008,0.18927,0.00106
89.15441,0.48530,0.99728,0.00003,0.00032,0.00237
89.25735,0.48529,0.98183,0.00039,0.01458,0.00320
89.36029,0.48530,0.99012,0.00027,0.00363,0.00598
89.46323,0.48530,0.76739,0.00188,0.00047,0.23026
89.56618,0.48529,0.04916,0.00017,0.00001,0.95065
89.66912,0.48529,0.31744,0.00134,0.00000,0.68121
89.77206,0.48530,0.99997,0.00000,0.00001,0.00002
89.87500,0.48529,0.99914,0.00000,0.00054,0.00031
89.97794,0.48529,0.99823,0.00000,0.00168,0.00009
90.08088,0.48530,0.99924,0.00006,0.00007,0.00063
90.18382,0.48530,0.19657,0.00068,0.80186,0.00090
90.28677,0.48529,0.06344,0.00020,0.93587,0.00049
90.38971,0.48529,0.05471,0.00017,0.94470,0.00042
90.49265,0.48530,0.05271,0.00014,0.94684,0.00031
90.59559,0.48529,0.05723,0.00019,0.94221,0.00037
90.69853,0.48529,0.05746,0.00019,0.94198,0.00037
90.80147,0.48530,0.05731,0.00021,0.94205,0.00044
90.90441,0.48530,0.06045,0.00025,0.93880,0.00049
91.00735,0.48529,0.05906,0.00023,0.94017,0.00054
91.11029,0.48530,0.05972,0.00020,0.93964,0.00044
91.21323,0.48530,0.05874,0.00021,0.94058,0.00047
91.31618,0.48529,0.05598,0.00019,0.94344,0.00039
91.41912,0.48529,0.05650,0.00022,0.94288,0.00041
91.52206,0.48530,0.05340,0.00018,0.94607,0.00035
91.62500,0.48529,0.05627,0.00021,0.94312,0.00040
91.72794,0.48529,0.06374,0.00027,0.93550,0.00049
91.83088,0.48530,0.06185,0.00024,0.93738,0.00053
91.93382,0.48530,0.05937,0.00022,0.93993,0.00048
92.03677,0.48529,0.05771,0.00023,0.94159,0.00048
92.13971,0.48529,0.05775,0.00018,0.94164,0.00043
92.24265,0.48530,0.05497,0.00016,0.94451,0.00036
92.34559,0.48529,0.06169,0.00019,0.93769,0.00042
92.44853,0.48529,0.05761,0.00019,0.94182,0.00038
92.55147,0.48530,0.07364,0.00022,0.92566,0.00047
92.65441,0.48530,0.13741,0.00039,0.86125,0.00096
92.75735,0.48529,0.38874,0.00034,0.60962,0.00129
92.86029,0.48530,0.82029,0.00010,0.17805,0.00156
92.96323,0.48530,0.99904,0.00000,0.00073,0.00022
93.06618,0.48529,0.99972,0.00000,0.00026,0.00002
93.16912,0.48529,0.99898,0.00005,0.00053,0.00044
93.27206,0.48530,0.76235,0.00079,0.00356,0.23330
93.37500,0.48529,0.51316,0.00001,0.00001,0.48683
93.47794,0.48529,0.09548,0.00086,0.00007,0.90359
93.58088,0.48530,0.64988,0.00001,0.00002,0.35009
93.68382,0.48530,0.99986,0.00000,0.00005,0.00009
93.78677,0.48529,0.99823,0.00000,0.00161,0.00016
93.88971,0.48529,0.97744,0.00000,0.02242,0.00014
93.99265,0.48530,1.00000,0.00000,0.00000,0.00000
94.09559,0.48529,0.22910,0.00076,0.76892,0.00122
94.19853,0.48529,0.09543,0.00034,0.90349,0.00075
94.30147,0.48530,0.07091,0.00022,0.92836,0.00052
94.40441,0.48530,0.05958,0.00018,0.93976,0.00048
94.50735,0.48529,0.05412,0.00017,0.94532,0.00039
94.61029,0.48530,0.05467,0.00015,0.94484,0.00034
94.71323,0.48530,0.05506,0.00017,0.94440,0.00037
94.81618,0.48529,0.05570,0.00019,0.94375,0.00037
94.91912,0.48529,0.05734,0.00019,0.94210,0.00037
95.02206,0.48530,0.05954,0.00024,0.93972,0.00051
95.12500,0.48529,0.06428,0.00027,0.93490,0.00056
95.22794,0.48529,0.06035,0.00025,0.93885,0.00055
95.33088,0.48530,0.05731,0.00020,0.94203,0.00045
95.43382,0.48530,0.05617,0.00019,0.94324,0.00040
95.53677,0.48529,0.05360,0.00018,0.94584,0.00038
95.63971,0.48529,0.05262,0.00015,0.94692,0.00031
95.74265,0.48530,0.05617,0.00019,0.94323,0.00040
95.84559,0.48529,0.06502,0.00025,0.93428,0.00046
95.94853,0.48529,0.06088,0.00022,0.93844,0.00046
96.05147,0.48530,0.06146,0.00022,0.93780,0.00052
96.15441,0.48530,0.06303,0.00026,0.93613,0.00058
96.25735,0.48529,0.07247,0.00020,0.92681,0.00051
96.36029,0.48530,0.07247,0.00021,0.92683,0.00049
96.46323,0.48530,0.14347,0.00025,0.85557,0.00071
96.56618,0.48529,0.36261,0.00025,0.63592,0.00122
96.66912,0.48529,0.84182,0.00009,0.15653,0.00156
96.77206,0.48530,0.98392,0.00003,0.00519,0.01086
96.87500,0.48529,0.99171,0.00014,0.00753,0.00061
96.97794,0.48529,0.97537,0.00081,0.01527,0.00854
97.08088,0.48530,0.74089,0.00614,0.00059,0.25239
97.18382,0.48530,0.04376,0.00021,0.00001,0.95602
97.28677,0.48529,0.07603,0.00022,0.00003,0.92372
97.38971,0.48529,0.99896,0.00006,0.00009,0.00089
97.49265,0.48530,0.99731,0.00000,0.00259,0.00010
97.59559,0.48529,0.99973,0.00000,0.00024,0.00002
97.69853,0.48529,0.99945,0.00002,0.00052,0.00001
97.80147,0.48530,0.84270,0.00168,0.15074,0.00487
97.90441,0.48530,0.15703,0.00045,0.84175,0.00076
98.00735,0.48529,0.09624,0.00025,0.90305,0.00046
98.11029,0.48530,0.07565,0.00025,0.92361,0.00049
98.21323,0.48530,0.06073,0.00020,0.93862,0.00045
98.31618,0.48529,0.05677,0.00022,0.94250,0.00051
98.41912,0.48529,0.05777,0.00021,0.94151,0.00051
98.52206,0.48530,0.05703,0.00020,0.94231,0.00046
98.62500,0.48529,0.05715,0.00020,0.94221,0.00044
98.72794,0.48529,0.05267,0.00017,0.94682,0.00035
98.83088,0.48530,0.05550,0.00018,0.94395,0.00036
98.93382,0.48530,0.05831,0.00023,0.94100,0.00047
99.03677,0.48529,0.06070,0.00023,0.93863,0.00044
99.13971,0.48529,0.05710,0.00022,0.94222,0.00046
99.24265,0.48530,0.06204,0.00023,0.93718,0.00055
99.34559,0.48529,0.05776,0.00022,0.94151,0.00051
99.44853,0.48529,0.05701,0.00019,0.94237,0.00042
99.55147,0.48530,0.05412,0.00019,0.94530,0.00039
99.65441,0.48530,0.05752,0.00018,0.94191,0.00038
99.75735,0.48529,0.05923,0.00021,0.94017,0.00039
99.86029,0.48530,0.05749,0.00024,0.94181,0.00045
99.96323,0.48530,0.06015,0.00023,0.93917,0.00045
100.06618,0.48529,0.05707,0.00022,0.94225,0.00045
100.16912,0.48529,0.05859,0.00020,0.94072,0.00048
100.27206,0.48530,0.06108,0.00022,0.93824,0.00047
100.37500,0.48529,0.08121,0.00022,0.91807,0.00050
100.47794,0.48529,0.11719,0.00024,0.88196,0.00060
100.58088,0.48530,0.36262,0.00030,0.63591,0.00117
100.68382,0.48530,0.85324,0.00006,0.14562,0.00108
100.78677,0.48529,0.99978,0.00000,0.00002,0.00019
100.88971,0.48529,0.97399,0.00028,0.02385,0.00188
100.99265,0.48530,0.99967,0.00011,0.00015,0.00007
101.09559,0.48529,0.41755,0.00108,0.00086,0.58052
101.19853,0.48529,0.10365,0.00121,0.00008,0.89506
101.30147,0.48530,0.09512,0.00081,0.00007,0.90400
101.40441,0.48530,0.06196,0.00123,0.00014,0.93668
101.50735,0.48529,0.99029,0.00004,0.00001,0.00966
101.61029,0.48530,0.99917,0.00000,0.00060,0.00022
101.71323,0.48530,0.99984,0.00000,0.00012,0.00004
101.81618,0.48529,0.99916,0.00002,0.00075,0.00007
101.91912,0.48529,0.88135,0.00206,0.11341,0.00318
102.02206,0.48530,0.09769,0.00033,0.90138,0.00060
102.12500,0.48529,0.07882,0.00021,0.92057,0.00041
102.22794,0.48529,0.06485,0.00021,0.93448,0.00046
102.33088,0.48530,0.05800,0.00020,0.94139,0.00042
102.43382,0.48530,0.05946,0.00024,0.93973,0.00057
102.53677,0.48529,0.06346,0.00023,0.93580,0.00051
102.63971,0.48529,0.05857,0.00020,0.94074,0.00049
102.74265,0.48530,0.05175,0.00018,0.94772,0.00034
102.84559,0.48529,0.05832,0.00022,0.94102,0.00045
102.94853,0.48529,0.05329,0.00017,0.94620,0.00035
103.05147,0.48530,0.05481,0.00020,0.94459,0.00040
103.15441,0.48530,0.06368,0.00027,0.93554,0.00051
103.25735,0.48529,0.06134,0.00025,0.93787,0.00053
103.36029,0.48530,0.06061,0.00023,0.93863,0.00052
103.46323,0.48530,0.06065,0.00024,0.93855,0.00056
103.56618,0.48529,0.05931,0.00020,0.94004,0.00044
103.66912,0.48529,0.05368,0.00015,0.94578,0.00038
103.77206,0.48530,0.05932,0.00018,0.94012,0.00038
103.87500,0.48529,0.05875,0.00018,0.94070,0.00037
103.97794,0.48529,0.06245,0.00021,0.93695,0.00040
104.08088,0.48530,0.08203,0.00024,0.91720,0.00052
104.18382,0.48530,0.10077,0.00028,0.89829,0.00066
104.28677,0.48529,0.22258,0.00054,0.77554,0.00134
104.38971,0.48529,0.35384,0.00031,0.64447,0.00138
104.49265,0.48530,0.71679,0.00015,0.28106,0.00200
104.59559,0.48529,0.99990,0.00000,0.00001,0.00009
104.69853,0.48529,0.99845,0.00000,0.00118,0.00036
104.80147,0.48530,0.99839,0.00001,0.00082,0.00077
104.90441,0.48530,0.87231,0.00050,0.00103,0.12616
105.00735,0.48529,0.29320,0.00002,0.00001,0.70678
105.11029,0.48530,0.09554,0.00085,0.00007,0.90354
105.21323,0.48530,0.09788,0.00083,0.00007,0.90122
105.31618,0.48529,0.11764,0.00094,0.00008,0.88133
105.41912,0.48529,0.43822,0.00037,0.00001,0.56140
105.52206,0.48530,0.99954,0.00000,0.00003,0.00043
105.62500,0.48529,0.99671,0.00000,0.00301,0.00028
105.72794,0.48529,0.99962,0.00000,0.00036,0.00002
105.83088,0.48530,0.99972,0.00001,0.00024,0.00002
105.93382,0.48530,0.15250,0.00040,0.84654,0.00055
106.03677,0.48529,0.07085,0.00022,0.92839,0.00053
106.13971,0.48529,0.05461,0.00016,0.94481,0.00042
106.24265,0.48530,0.05512,0.00020,0.94424,0.00044
106.34559,0.48529,0.05418,0.00019,0.94525,0.00038
106.44853,0.48529,0.05349,0.00017,0.94598,0.00036
106.55147,0.48530,0.05449,0.00018,0.94498,0.00035
106.65441,0.48530,0.05878,0.00025,0.94050,0.00046
106.75735,0.48529,0.05989,0.00023,0.93938,0.00050
106.86029,0.48530,0.05667,0.00021,0.94260,0.00051
106.96323,0.48530,0.06515,0.00025,0.93405,0.00056
107.06618,0.48529,0.06360,0.00024,0.93566,0.00050
107.16912,0.48529,0.05693,0.00023,0.94240,0.00045
107.27206,0.48530,0.05446,0.00016,0.94503,0.00035
107.37500,0.48529,0.05580,0.00021,0.94356,0.00044
107.47794,0.48529,0.06108,0.00022,0.93824,0.00046
107.58088,0.48530,0.06011,0.00023,0.93922,0.00044
107.68382,0.48530,0.06039,0.00024,0.93888,0.00049
107.78677,0.48529,0.06091,0.00022,0.93832,0.00054
107.88971,0.48529,0.06019,0.00024,0.93901,0.00056
107.99265,0.48530,0.05802,0.00019,0.94135,0.00044
108.09559,0.48529,0.05828,0.00018,0.94117,0.00037
108.19853,0.48529,0.05769,0.00019,0.94175,0.00038
108.30147,0.48530,0.05947,0.00020,0.93990,0.00043
108.40441,0.48530,0.05783,0.00019,0.94154,0.00043
108.50735,0.48529,0.06047,0.00023,0.93880,0.00049
108.61029,0.48530,0.06147,0.00024,0.93777,0.00052
108.71323,0.48530,0.07504,0.00021,0.92423,0.00052
108.81618,0.48529,0.07691,0.00021,0.92233,0.00055
108.91912,0.48529,0.12153,0.00031,0.87743,0.00073
109.02206,0.48530,0.23760,0.00028,0.76116,0.00095
109.12500,0.48529,0.52355,0.00019,0.47467,0.00158
109.22794,0.48529,0.88873,0.00008,0.10988,0.00131
109.33088,0.48530,0.98771,0.00001,0.01191,0.00037
109.43382,0.48530,0.99274,0.00002,0.00355,0.00368
109.53677,0.48529,0.99611,0.00015,0.00309,0.00065
109.63971,0.48529,0.87264,0.00075,0.00171,0.12490
109.74265,0.48530,0.21562,0.00012,0.00007,0.78418
109.84559,0.48529,0.09816,0.00087,0.00008,0.90090
109.94853,0.48529,0.09932,0.00089,0.00008,0.89971
110.05147,0.48530,0.09924,0.00085,0.00008,0.89983
110.15441,0.48530,0.05021,0.00148,0.00014,0.94817
110.25735,0.48529,0.99189,0.00005,0.00000,0.00806
110.36029,0.48530,0.99966,0.00000,0.00020,0.00014
110.46323,0.48530,0.99855,0.00000,0.00126,0.00019
110.56618,0.48529,0.99834,0.00000,0.00156,0.00010
110.66912,0.48529,0.65787,0.00213,0.33865,0.00134
110.77206,0.48530,0.11085,0.00034,0.88826,0.00055
110.87500,0.48529,0.06523,0.00022,0.93409,0.00045
110.97794,0.48529,0.05715,0.00019,0.94223,0.00043
111.08088,0.48530,0.06200,0.00023,0.93726,0.00051
111.18382,0.48530,0.05846,0.00022,0.94085,0.00047
111.28677,0.48529,0.05866,0.00022,0.94063,0.00050
111.38971,0.48529,0.05920,0.00021,0.94011,0.00049
111.49265,0.48530,0.05437,0.00017,0.94508,0.00038
111.59559,0.48529,0.05656,0.00019,0.94286,0.00038
111.69853,0.48529,0.05585,0.00019,0.94357,0.00039
111.80147,0.48530,0.05440,0.00017,0.94506,0.00038
111.90441,0.48530,0.06057,0.00022,0.93871,0.00049
112.00735,0.48529,0.06094,0.00023,0.93834,0.00049
112.11029,0.48530,0.06033,0.00023,0.93891,0.00052
112.21323,0.48530,0.06102,0.00023,0.93823,0.00052
112.31618,0.48529,0.05804,0.00020,0.94130,0.00046
112.41912,0.48529,0.05453,0.00017,0.94493,0.00037
112.52206,0.48530,0.05540,0.00018,0.94404,0.00037
112.62500,0.48529,0.05294,0.00017,0.94654,0.00035
112.72794,0.48529,0.05526,0.00018,0.94417,0.00038
112.83088,0.48530,0.05876,0.00021,0.94056,0.00047
112.93382,0.48530,0.05977,0.00022,0.93955,0.00046
113.03677,0.48529,0.06345,0.00022,0.93581,0.00052
113.13971,0.48529,0.05835,0.00020,0.94095,0.00050
113.24265,0.48530,0.05652,0.00018,0.94284,0.00046
113.34559,0.48529,0.05440,0.00016,0.94510,0.00034
113.44853,0.48529,0.05666,0.00019,0.94273,0.00042
113.55147,0.48530,0.05935,0.00018,0.94005,0.00041
113.65441,0.48530,0.05752,0.00019,0.94185,0.00043
113.75735,0.48529,0.06777,0.00025,0.93146,0.00053
113.86029,0.48530,0.06993,0.00027,0.92921,0.00060
113.96323,0.48530,0.06296,0.00024,0.93620,0.00060
114.06618,0.48529,0.06149,0.00020,0.93784,0.00047
114.16912,0.48529,0.05554,0.00016,0.94392,0.00037
114.27206,0.48530,0.05416,0.00015,0.94537,0.00033
114.37500,0.48529,0.05648,0.00018,0.94295,0.00039
114.47794,0.48529,0.05894,0.00020,0.94046,0.00040
114.58088,0.48530,0.06085,0.00022,0.93845,0.00048
114.68382,0.48530,0.05972,0.00020,0.93959,0.00048
114.78677,0.48529,0.05961,0.00022,0.93965,0.00052
114.88971,0.48529,0.05835,0.00020,0.94099,0.00047
114.99265,0.48530,0.05989,0.00019,0.93951,0.00041
115.09559,0.48529,0.06727,0.00019,0.93209,0.00044
115.19853,0.48529,0.12387,0.00027,0.87519,0.00068
115.30147,0.48530,0.39687,0.00025,0.60182,0.00106
115.40441,0.48530,0.96313,0.00002,0.03624,0.00061
115.50735,0.48529,0.99907,0.00001,0.00011,0.00081
115.61029,0.48530,0.91753,0.00244,0.06245,0.01758
115.71323,0.48530,0.97770,0.00083,0.01400,0.00747
115.81618,0.48529,0.50845,0.00095,0.00026,0.49034
115.91912,0.48529,0.04983,0.00037,0.00001,0.94979
116.02206,0.48530,0.09647,0.00078,0.00007,0.90268
116.12500,0.48529,0.09654,0.00077,0.00007,0.90262
116.22794,0.48529,0.06581,0.00027,0.00003,0.93389
116.33088,0.48530,0.99948,0.00005,0.00007,0.00040
116.43382,0.48530,0.99944,0.00000,0.00047,0.00009
116.53677,0.48529,0.98934,0.00001,0.00842,0.00224
116.63971,0.48529,0.99600,0.00010,0.00379,0.00011
116.74265,0.48530,0.39049,0.00097,0.60763,0.00092
116.84559,0.48529,0.09633,0.00029,0.90284,0.00054
116.94853,0.48529,0.06594,0.00019,0.93340,0.00047
117.05147,0.48530,0.05827,0.00018,0.94113,0.00042
117.15441,0.48530,0.05786,0.00019,0.94153,0.00043
117.25735,0.48529,0.06028,0.00020,0.93908,0.00044
117.36029,0.48530,0.06043,0.00023,0.93882,0.00052
117.46323,0.48530,0.05610,0.00018,0.94331,0.00041
117.56618,0.48529,0.05264,0.00016,0.94682,0.00037
117.66912,0.48529,0.05596,0.00017,0.94351,0.00036
117.77206,0.48530,0.05790,0.00020,0.94149,0.00041
117.87500,0.48529,0.05700,0.00018,0.94243,0.00039
117.97794,0.48529,0.05603,0.00021,0.94332,0.00044
118.08088,0.48530,0.06123,0.00023,0.93806,0.00048
118.18382,0.48530,0.05409,0.00020,0.94524,0.00047
118.28677,0.48529,0.05767,0.00020,0.94169,0.00044
118.38971,0.48529,0.05627,0.00018,0.94317,0.00038
118.49265,0.48530,0.05689,0.00017,0.94254,0.00040
118.59559,0.48529,0.06088,0.00019,0.93853,0.00041
118.69853,0.48529,0.06556,0.00020,0.93381,0.00043
118.80147,0.48530,0.06589,0.00022,0.93336,0.00053
118.90441,0.48530,0.06822,0.00024,0.93096,0.00058
119.00735,0.48529,0.07077,0.00028,0.92824,0.00070
119.11029,0.48530,0.07455,0.00027,0.92452,0.00066
119.21323,0.48530,0.10995,0.00026,0.88905,0.00075
119.31618,0.48529,0.43725,0.00021,0.56146,0.00107
119.41912,0.48529,0.99987,0.00000,0.00006,0.00007
119.52206,0.48530,0.99756,0.00000,0.00213,0.00031
119.62500,0.48529,0.99073,0.00010,0.00830,0.00087
119.72794,0.48529,0.88804,0.00081,0.00584,0.10530
119.83088,0.48530,0.09056,0.00012,0.00004,0.90928
119.93382,0.48530,0.08323,0.00097,0.00008,0.91572
120.03677,0.48529,0.09145,0.00084,0.00007,0.90764
120.13971,0.48529,0.09171,0.00084,0.00007,0.90738
120.24265,0.48530,0.10049,0.00092,0.00007,0.89852
120.34559,0.48529,0.24822,0.00088,0.00000,0.75090
120.44853,0.48529,0.99987,0.00000,0.00002,0.00010
120.55147,0.48530,0.99701,0.00001,0.00178,0.00120
120.65441,0.48530,0.99649,0.00000,0.00332,0.00019
120.75735,0.48529,0.99905,0.00013,0.00004,0.00078
120.86029,0.48530,0.24087,0.00076,0.75705,0.00133
120.96323,0.48530,0.10713,0.00034,0.89169,0.00084
121.06618,0.48529,0.06977,0.00019,0.92950,0.00054
121.16912,0.48529,0.06450,0.00018,0.93487,0.00046
121.27206,0.48530,0.06268,0.00018,0.93672,0.00042
121.37500,0.48529,0.05861,0.00016,0.94084,0.00038
121.47794,0.48529,0.06195,0.00022,0.93731,0.00052
121.58088,0.48530,0.06887,0.00025,0.93029,0.00059
121.68382,0.48530,0.06769,0.00022,0.93153,0.00056
121.78677,0.48529,0.06226,0.00022,0.93693,0.00059
121.88971,0.48529,0.06667,0.00023,0.93252,0.00059
121.99265,0.48530,0.06433,0.00020,0.93500,0.00046
122.09559,0.48529,0.06239,0.00017,0.93705,0.00039
122.19853,0.48529,0.06698,0.00021,0.93233,0.00048
122.30147,0.48530,0.06948,0.00019,0.92983,0.00050
122.40441,0.48530,0.07709,0.00027,0.92193,0.00071
122.50735,0.48529,0.07526,0.00026,0.92379,0.00069
122.61029,0.48530,0.09577,0.00038,0.90290,0.00095
122.71323,0.48530,0.11825,0.00037,0.88036,0.00103
122.81618,0.48529,0.18360,0.00027,0.81526,0.00088
122.91912,0.48529,0.41045,0.00023,0.58782,0.00149
123.02206,0.48530,0.78712,0.00012,0.21115,0.00161
123.12500,0.48529,0.99980,0.00000,0.00002,0.00018
123.22794,0.48529,0.98294,0.00010,0.01544,0.00151
123.33088,0.48530,0.99958,0.00009,0.00028,0.00005
123.43382,0.48530,0.41313,0.00152,0.00149,0.58386
123.53677,0.48529,0.07330,0.00072,0.00003,0.92596
123.63971,0.48529,0.09677,0.00088,0.00008,0.90227
123.74265,0.48530,0.09641,0.00089,0.00007,0.90263
123.84559,0.48529,0.08135,0.00031,0.00004,0.91829
123.94853,0.48529,0.99959,0.00015,0.00008,0.00018
124.05147,0.48530,0.99970,0.00000,0.00028,0.00002
124.15441,0.48530,0.99671,0.00000,0.00229,0.00100
124.25735,0.48529,0.99832,0.00008,0.00154,0.00006
124.36029,0.48530,0.41003,0.00117,0.58735,0.00144
124.46323,0.48530,0.09344,0.00028,0.90557,0.00071
124.56618,0.48529,0.06918,0.00019,0.93017,0.00045
124.66912,0.48529,0.06099,0.00015,0.93848,0.00038
124.77206,0.48530,0.05898,0.00017,0.94043,0.00042
124.87500,0.48529,0.05913,0.00020,0.94023,0.00044
124.97794,0.48529,0.06487,0.00025,0.93434,0.00055
125.08088,0.48530,0.06210,0.00020,0.93720,0.00050
125.18382,0.48530,0.05940,0.00020,0.93988,0.00051
125.28677,0.48529,0.06470,0.00024,0.93449,0.00058
125.38971,0.48529,0.05751,0.00015,0.94197,0.00038
125.49265,0.48530,0.05970,0.00018,0.93972,0.00040
125.59559,0.48529,0.05754,0.00015,0.94196,0.00035
125.69853,0.48529,0.06224,0.00020,0.93709,0.00048
125.80147,0.48530,0.06711,0.00025,0.93207,0.00058
125.90441,0.48530,0.06947,0.00025,0.92965,0.00063
126.00735,0.48529,0.06705,0.00025,0.93208,0.00061
126.11029,0.48530,0.06751,0.00024,0.93161,0.00064
126.21323,0.48530,0.06026,0.00019,0.93910,0.00046
126.31618,0.48529,0.05667,0.00015,0.94283,0.00035
126.41912,0.48529,0.05731,0.00015,0.94217,0.00037
126.52206,0.48530,0.06949,0.00025,0.92973,0.00054
126.62500,0.48529,0.09383,0.00027,0.90521,0.00069
126.72794,0.48529,0.13442,0.00028,0.86447,0.00082
126.83088,0.48530,0.45543,0.00027,0.54284,0.00146
126.93382,0.48530,0.96988,0.00001,0.02957,0.00054
127.03677,0.48529,0.99874,0.00002,0.00018,0.00107
127.13971,0.48529,0.94592,0.00312,0.04182,0.00914
127.24265,0.48530,0.97648,0.00095,0.01096,0.01161
127.34559,0.48529,0.46784,0.00086,0.00016,0.53114
127.44853,0.48529,0.05649,0.00046,0.00001,0.94303
127.55147,0.48529,0.09656,0.00086,0.00007,0.90251
127.65441,0.48530,0.10594,0.00091,0.00007,0.89308
127.75735,0.48529,0.43325,0.00005,0.00001,0.56669
127.86029,0.48529,0.99985,0.00000,0.00004,0.00011
127.96323,0.48530,0.99404,0.00000,0.00457,0.00139
128.06618,0.48529,0.98583,0.00000,0.01369,0.00048
128.16911,0.48531,0.99996,0.00001,0.00001,0.00002
128.27206,0.48529,0.24137,0.00070,0.75725,0.00068
128.37500,0.48529,0.08732,0.00028,0.91187,0.00053
128.47794,0.48531,0.06133,0.00021,0.93794,0.00052
128.58089,0.48529,0.05483,0.00017,0.94461,0.00039
128.68382,0.48529,0.05936,0.00019,0.93997,0.00048
128.78676,0.48531,0.06015,0.00020,0.93922,0.00043
128.88971,0.48529,0.06250,0.00022,0.93688,0.00040
128.99265,0.48529,0.05660,0.00021,0.94280,0.00039
129.09558,0.48531,0.05256,0.00017,0.94693,0.00034
129.19853,0.48529,0.06190,0.00029,0.93730,0.00051
129.30147,0.48529,0.05993,0.00021,0.93939,0.00047
129.40442,0.48529,0.05620,0.00021,0.94314,0.00044
