Time (seconds), Duration (seconds),pred_unlabelled,pred_Dry,pred_Wet,pred_Touch
0.00735,0.48529,0.01138,0.00003,0.98856,0.00004
0.11029,0.48529,0.01851,0.00004,0.98141,0.00005
0.21324,0.48529,0.01157,0.00002,0.98839,0.00002
0.31618,0.48529,0.01361,0.00003,0.98633,0.00003
0.41912,0.48529,0.01146,0.00003,0.98847,0.00004
0.52206,0.48529,0.01140,0.00004,0.98852,0.00003
0.62500,0.48529,0.01095,0.00004,0.98897,0.00004
0.72794,0.48529,0.01446,0.00005,0.98544,0.00005
0.83088,0.48529,0.01211,0.00004,0.98780,0.00004
0.93382,0.48529,0.00900,0.00002,0.99096,0.00002
1.03676,0.48529,0.01680,0.00003,0.98313,0.00004
1.13971,0.48529,0.01287,0.00003,0.98706,0.00003
1.24265,0.48529,0.01218,0.00002,0.98777,0.00003
1.34559,0.48529,0.00943,0.00003,0.99051,0.00004
1.44853,0.48529,0.00981,0.00003,0.99013,0.00003
1.55147,0.48529,0.01074,0.00004,0.98918,0.00004
1.65441,0.48529,0.01223,0.00003,0.98770,0.00003
1.75735,0.48529,0.00896,0.00004,0.99097,0.00003
1.86029,0.48529,0.01141,0.00004,0.98849,0.00006
1.96324,0.48529,0.02129,0.00002,0.97867,0.00002
2.06618,0.48529,0.01498,0.00002,0.98497,0.00002
2.16912,0.48529,0.02413,0.00004,0.97577,0.00006
2.27206,0.48529,0.01597,0.00004,0.98394,0.00004
2.37500,0.48529,0.02276,0.00007,0.97710,0.00006
2.47794,0.48529,0.01527,0.00004,0.98465,0.00004
2.58088,0.48529,0.01425,0.00005,0.98566,0.00004
2.68382,0.48529,0.01144,0.00003,0.98850,0.00003
2.78676,0.48529,0.01463,0.00003,0.98531,0.00003
2.88971,0.48529,0.01109,0.00002,0.98887,0.00002
2.99265,0.48529,0.01085,0.00002,0.98910,0.00003
3.09559,0.48529,0.01332,0.00003,0.98660,0.00005
3.19853,0.48529,0.01407,0.00004,0.98586,0.00004
3.30147,0.48529,0.01539,0.00005,0.98452,0.00004
3.40441,0.48529,0.01227,0.00004,0.98765,0.00004
3.50735,0.48529,0.01183,0.00005,0.98808,0.00004
3.61029,0.48529,0.01070,0.00003,0.98924,0.00003
3.71324,0.48529,0.01012,0.00002,0.98983,0.00002
3.81618,0.48529,0.00981,0.00002,0.99014,0.00003
3.91912,0.48529,0.01285,0.00003,0.98709,0.00004
4.02206,0.48529,0.01612,0.00005,0.98378,0.00005
4.12500,0.48529,0.01586,0.00004,0.98406,0.00004
4.22794,0.48529,0.01277,0.00004,0.98715,0.00004
4.33088,0.48529,0.01381,0.00003,0.98612,0.00004
4.43382,0.48529,0.01408,0.00004,0.98584,0.00004
4.53676,0.48529,0.01559,0.00003,0.98435,0.00003
4.63971,0.48529,0.01163,0.00002,0.98832,0.00003
4.74265,0.48529,0.01550,0.00004,0.98442,0.00004
4.84559,0.48529,0.01877,0.00003,0.98117,0.00003
4.94853,0.48529,0.01666,0.00006,0.98323,0.00005
5.05147,0.48529,0.01622,0.00003,0.98371,0.00004
5.15441,0.48529,0.01488,0.00004,0.98503,0.00004
5.25735,0.48529,0.01057,0.00004,0.98935,0.00004
5.36029,0.48529,0.02240,0.00002,0.97755,0.00003
5.46324,0.48529,0.01149,0.00002,0.98847,0.00002
5.56618,0.48529,0.01355,0.00003,0.98639,0.00003
5.66912,0.48529,0.01803,0.00004,0.98187,0.00006
5.77206,0.48529,0.01318,0.00006,0.98672,0.00004
5.87500,0.48529,0.01264,0.00003,0.98728,0.00004
5.97794,0.48529,0.02231,0.00005,0.97760,0.00005
6.08088,0.48529,0.01182,0.00005,0.98810,0.00004
6.18382,0.48529,0.01544,0.00002,0.98451,0.00003
6.28676,0.48529,0.01319,0.00003,0.98676,0.00003
6.38971,0.48529,0.01411,0.00002,0.98585,0.00003
6.49265,0.48529,0.01602,0.00003,0.98391,0.00005
6.59559,0.48529,0.01124,0.00004,0.98868,0.00004
6.69853,0.48529,0.01477,0.00004,0.98514,0.00005
6.80147,0.48529,0.00990,0.00003,0.99004,0.00003
6.90441,0.48529,0.01107,0.00006,0.98882,0.00005
7.00735,0.48529,0.01509,0.00003,0.98486,0.00003
7.11029,0.48529,0.01275,0.00004,0.98718,0.00004
7.21324,0.48529,0.01487,0.00002,0.98507,0.00003
7.31618,0.48529,0.02664,0.00005,0.97327,0.00004
7.41912,0.48529,0.00880,0.00003,0.99113,0.00003
7.52206,0.48529,0.01492,0.00004,0.98499,0.00005
7.62500,0.48529,0.01417,0.00005,0.98574,0.00004
7.72794,0.48529,0.01778,0.00004,0.98212,0.00005
7.83088,0.48529,0.02658,0.00004,0.97333,0.00005
7.93382,0.48529,0.02065,0.00004,0.97927,0.00004
8.03677,0.48529,0.01452,0.00004,0.98540,0.00003
8.13971,0.48529,0.01342,0.00002,0.98653,0.00003
8.24265,0.48529,0.01078,0.00002,0.98917,0.00003
8.34559,0.48529,0.01169,0.00005,0.98820,0.00005
8.44853,0.48529,0.01365,0.00003,0.98628,0.00003
8.55147,0.48529,0.01200,0.00004,0.98791,0.00005
8.65441,0.48529,0.01393,0.00005,0.98599,0.00004
8.75735,0.48529,0.01446,0.00004,0.98545,0.00005
8.86029,0.48529,0.02051,0.00002,0.97944,0.00003
8.96323,0.48529,0.02230,0.00004,0.97762,0.00004
9.06618,0.48529,0.01943,0.00004,0.98049,0.00004
9.16912,0.48529,0.02853,0.00005,0.97134,0.00008
9.27206,0.48529,0.01530,0.00002,0.98466,0.00002
9.37500,0.48529,0.01561,0.00004,0.98431,0.00004
9.47794,0.48529,0.01657,0.00005,0.98333,0.00005
9.58088,0.48529,0.00886,0.00003,0.99107,0.00003
9.68382,0.48529,0.01197,0.00003,0.98796,0.00004
9.78677,0.48529,0.01065,0.00002,0.98931,0.00002
9.88971,0.48529,0.01944,0.00002,0.98049,0.00004
9.99265,0.48529,0.01447,0.00004,0.98544,0.00005
10.09559,0.48529,0.01360,0.00005,0.98632,0.00004
10.19853,0.48529,0.01633,0.00006,0.98355,0.00005
10.30147,0.48529,0.01309,0.00003,0.98685,0.00003
10.40441,0.48529,0.01091,0.00004,0.98902,0.00003
10.50735,0.48529,0.00829,0.00003,0.99165,0.00004
10.61029,0.48529,0.01011,0.00002,0.98984,0.00003
10.71323,0.48529,0.00917,0.00002,0.99079,0.00002
10.81618,0.48529,0.01131,0.00002,0.98864,0.00003
10.91912,0.48529,0.01335,0.00003,0.98658,0.00004
11.02206,0.48529,0.01354,0.00004,0.98638,0.00005
11.12500,0.48529,0.01443,0.00004,0.98549,0.00004
11.22794,0.48529,0.01587,0.00005,0.98403,0.00005
11.33088,0.48529,0.01028,0.00005,0.98963,0.00004
11.43382,0.48529,0.01457,0.00005,0.98534,0.00005
11.53677,0.48529,0.01207,0.00003,0.98788,0.00002
11.63971,0.48529,0.01083,0.00002,0.98912,0.00003
11.74265,0.48529,0.01706,0.00003,0.98287,0.00004
11.84559,0.48529,0.01250,0.00003,0.98743,0.00004
11.94853,0.48529,0.01411,0.00004,0.98582,0.00003
12.05147,0.48529,0.01525,0.00005,0.98465,0.00005
12.15441,0.48529,0.01358,0.00003,0.98635,0.00003
12.25735,0.48529,0.01013,0.00004,0.98980,0.00003
12.36029,0.48529,0.01260,0.00004,0.98732,0.00003
12.46323,0.48529,0.01119,0.00002,0.98878,0.00002
12.56618,0.48529,0.01420,0.00003,0.98574,0.00004
12.66912,0.48529,0.01276,0.00005,0.98714,0.00005
12.77206,0.48529,0.01257,0.00004,0.98734,0.00004
12.87500,0.48529,0.01588,0.00004,0.98404,0.00004
12.97794,0.48529,0.01582,0.00005,0.98408,0.00005
13.08088,0.48529,0.01200,0.00003,0.98794,0.00003
13.18382,0.48529,0.01017,0.00004,0.98976,0.00003
13.28677,0.48529,0.01254,0.00002,0.98741,0.00003
13.38971,0.48529,0.01188,0.00002,0.98806,0.00003
13.49265,0.48529,0.01281,0.00003,0.98712,0.00004
13.59559,0.48529,0.01082,0.00005,0.98909,0.00004
13.69853,0.48529,0.01562,0.00004,0.98429,0.00004
13.80147,0.48529,0.01979,0.00004,0.98013,0.00005
13.90441,0.48529,0.01365,0.00005,0.98626,0.00005
14.00735,0.48529,0.01705,0.00003,0.98289,0.00003
14.11029,0.48529,0.01167,0.00003,0.98828,0.00003
14.21323,0.48529,0.01184,0.00002,0.98811,0.00003
14.31618,0.48529,0.01216,0.00003,0.98777,0.00004
14.41912,0.48529,0.01486,0.00005,0.98504,0.00005
14.52206,0.48529,0.01334,0.00005,0.98656,0.00005
14.62500,0.48529,0.01575,0.00003,0.98417,0.00005
14.72794,0.48529,0.01435,0.00005,0.98555,0.00005
14.83088,0.48529,0.01483,0.00004,0.98509,0.00004
14.93382,0.48529,0.01275,0.00003,0.98719,0.00003
15.03677,0.48529,0.01164,0.00002,0.98833,0.00002
15.13971,0.48529,0.00948,0.00002,0.99046,0.00003
15.24265,0.48529,0.01226,0.00003,0.98767,0.00004
15.34559,0.48529,0.01143,0.00004,0.98849,0.00004
15.44853,0.48529,0.01215,0.00003,0.98778,0.00003
15.55147,0.48529,0.01192,0.00003,0.98801,0.00003
15.65441,0.48529,0.01310,0.00003,0.98684,0.00003
15.75735,0.48529,0.01818,0.00003,0.98176,0.00003
15.86029,0.48529,0.01483,0.00002,0.98511,0.00003
15.96323,0.48530,0.01207,0.00002,0.98789,0.00002
16.06618,0.48529,0.01185,0.00003,0.98809,0.00003
16.16912,0.48529,0.01055,0.00004,0.98938,0.00004
16.27206,0.48529,0.01362,0.00004,0.98631,0.00003
16.37500,0.48529,0.01265,0.00004,0.98727,0.00004
16.47794,0.48529,0.01325,0.00005,0.98666,0.00005
16.58088,0.48529,0.00830,0.00003,0.99165,0.00003
16.68382,0.48529,0.01447,0.00002,0.98548,0.00003
16.78676,0.48529,0.01652,0.00002,0.98344,0.00003
16.88971,0.48529,0.01603,0.00003,0.98389,0.00004
16.99265,0.48529,0.01019,0.00003,0.98974,0.00004
17.09559,0.48529,0.01170,0.00003,0.98823,0.00003
17.19853,0.48529,0.00851,0.00003,0.99143,0.00003
17.30147,0.48529,0.01144,0.00004,0.98847,0.00004
17.40441,0.48529,0.01140,0.00003,0.98854,0.00003
17.50735,0.48529,0.01498,0.00003,0.98496,0.00003
17.61029,0.48529,0.01578,0.00002,0.98417,0.00002
17.71324,0.48529,0.01192,0.00002,0.98804,0.00002
17.81618,0.48529,0.01588,0.00004,0.98402,0.00005
17.91912,0.48529,0.01281,0.00004,0.98711,0.00004
18.02206,0.48529,0.01435,0.00006,0.98554,0.00004
18.12500,0.48529,0.01389,0.00003,0.98605,0.00003
18.22794,0.48529,0.01567,0.00003,0.98426,0.00003
18.33088,0.48529,0.01373,0.00003,0.98621,0.00003
18.43382,0.48529,0.01813,0.00003,0.98181,0.00003
18.53676,0.48529,0.01452,0.00002,0.98544,0.00002
18.63971,0.48529,0.01018,0.00002,0.98977,0.00003
18.74265,0.48529,0.01098,0.00003,0.98895,0.00004
18.84559,0.48529,0.01631,0.00008,0.98355,0.00006
18.94853,0.48529,0.01535,0.00004,0.98458,0.00004
19.05147,0.48529,0.01123,0.00004,0.98869,0.00004
19.15441,0.48529,0.01177,0.00004,0.98815,0.00005
19.25735,0.48529,0.01266,0.00002,0.98729,0.00003
19.36029,0.48529,0.00920,0.00002,0.99075,0.00002
19.46324,0.48529,0.00922,0.00002,0.99073,0.00003
19.56618,0.48529,0.01019,0.00004,0.98974,0.00004
19.66912,0.48529,0.01232,0.00005,0.98758,0.00004
19.77206,0.48529,0.01181,0.00004,0.98811,0.00004
19.87500,0.48529,0.01376,0.00004,0.98616,0.00004
19.97794,0.48529,0.01192,0.00005,0.98798,0.00005
20.08088,0.48529,0.01245,0.00004,0.98747,0.00004
20.18382,0.48529,0.01238,0.00003,0.98756,0.00003
20.28676,0.48529,0.01417,0.00002,0.98579,0.00003
20.38971,0.48529,0.01541,0.00004,0.98449,0.00006
20.49265,0.48529,0.01556,0.00005,0.98434,0.00005
20.59559,0.48529,0.01478,0.00005,0.98513,0.00004
20.69853,0.48529,0.01438,0.00004,0.98554,0.00004
20.80147,0.48529,0.01459,0.00004,0.98534,0.00004
20.90441,0.48529,0.01013,0.00004,0.98980,0.00003
21.00735,0.48529,0.01578,0.00003,0.98416,0.00003
21.11029,0.48529,0.01731,0.00003,0.98263,0.00003
21.21324,0.48529,0.01670,0.00003,0.98323,0.00004
21.31618,0.48529,0.01283,0.00003,0.98711,0.00004
21.41912,0.48529,0.01755,0.00007,0.98233,0.00006
21.52206,0.48529,0.01525,0.00005,0.98466,0.00004
21.62500,0.48529,0.01603,0.00003,0.98390,0.00004
21.72794,0.48529,0.01421,0.00005,0.98571,0.00003
21.83088,0.48529,0.01156,0.00004,0.98837,0.00004
21.93382,0.48529,0.01346,0.00002,0.98650,0.00002
22.03676,0.48529,0.01157,0.00002,0.98839,0.00003
22.13971,0.48529,0.01187,0.00003,0.98804,0.00005
22.24265,0.48529,0.01271,0.00004,0.98721,0.00004
22.34559,0.48529,0.01591,0.00005,0.98399,0.00005
22.44853,0.48529,0.01243,0.00004,0.98749,0.00004
22.55147,0.48529,0.01567,0.00005,0.98423,0.00005
22.65441,0.48529,0.01670,0.00005,0.98322,0.00003
22.75735,0.48529,0.01614,0.00003,0.98380,0.00003
22.86029,0.48529,0.01392,0.00002,0.98603,0.00002
22.96324,0.48529,0.01489,0.00002,0.98505,0.00004
23.06618,0.48529,0.01402,0.00005,0.98587,0.00006
23.16912,0.48529,0.01314,0.00004,0.98678,0.00004
23.27206,0.48529,0.01549,0.00006,0.98441,0.00005
23.37500,0.48529,0.01150,0.00004,0.98843,0.00004
23.47794,0.48529,0.01175,0.00003,0.98819,0.00003
23.58088,0.48529,0.01201,0.00003,0.98793,0.00003
23.68382,0.48529,0.01807,0.00002,0.98189,0.00002
23.78676,0.48529,0.01955,0.00002,0.98040,0.00002
23.88971,0.48529,0.01202,0.00003,0.98791,0.00004
23.99265,0.48529,0.01593,0.00008,0.98394,0.00006
24.09559,0.48529,0.01382,0.00005,0.98611,0.00003
24.19853,0.48529,0.01342,0.00003,0.98653,0.00003
24.30147,0.48529,0.01559,0.00005,0.98432,0.00004
24.40441,0.48529,0.01560,0.00003,0.98435,0.00002
24.50735,0.48529,0.01157,0.00003,0.98837,0.00003
24.61029,0.48529,0.01073,0.00002,0.98923,0.00002
24.71324,0.48529,0.00967,0.00002,0.99029,0.00003
24.81618,0.48529,0.00930,0.00005,0.99060,0.00005
24.91912,0.48529,0.01406,0.00005,0.98584,0.00005
25.02206,0.48529,0.01476,0.00005,0.98515,0.00004
25.12500,0.48529,0.01507,0.00004,0.98486,0.00003
25.22794,0.48529,0.01047,0.00003,0.98948,0.00003
25.33088,0.48529,0.01876,0.00002,0.98119,0.00002
25.43382,0.48529,0.01688,0.00002,0.98308,0.00002
25.53676,0.48529,0.01226,0.00003,0.98768,0.00003
25.63971,0.48529,0.01167,0.00004,0.98823,0.00005
25.74265,0.48529,0.01270,0.00003,0.98724,0.00003
25.84559,0.48529,0.01444,0.00005,0.98547,0.00004
25.94853,0.48529,0.01856,0.00004,0.98135,0.00004
26.05147,0.48529,0.01912,0.00005,0.98079,0.00004
26.15441,0.48529,0.01169,0.00004,0.98824,0.00003
26.25735,0.48529,0.01598,0.00002,0.98398,0.00002
26.36029,0.48529,0.01448,0.00002,0.98549,0.00002
26.46324,0.48529,0.01278,0.00002,0.98717,0.00003
26.56618,0.48529,0.01030,0.00004,0.98962,0.00004
26.66912,0.48529,0.01119,0.00004,0.98874,0.00004
26.77206,0.48529,0.01465,0.00005,0.98526,0.00004
26.87500,0.48529,0.01088,0.00003,0.98906,0.00003
26.97794,0.48529,0.00965,0.00004,0.99028,0.00003
27.08088,0.48529,0.01157,0.00003,0.98836,0.00004
27.18382,0.48529,0.01250,0.00002,0.98746,0.00002
27.28676,0.48529,0.00980,0.00003,0.99015,0.00003
27.38971,0.48529,0.01103,0.00003,0.98891,0.00003
27.49265,0.48529,0.01481,0.00005,0.98511,0.00003
27.59559,0.48529,0.01423,0.00006,0.98566,0.00006
27.69853,0.48529,0.01710,0.00003,0.98283,0.00004
27.80147,0.48529,0.01058,0.00003,0.98935,0.00003
27.90441,0.48529,0.01427,0.00003,0.98568,0.00003
28.00735,0.48529,0.01390,0.00002,0.98606,0.00002
28.11029,0.48529,0.01603,0.00003,0.98391,0.00004
28.21324,0.48529,0.00934,0.00003,0.99060,0.00003
28.31618,0.48529,0.01141,0.00004,0.98851,0.00004
28.41912,0.48529,0.01417,0.00004,0.98575,0.00004
28.52206,0.48529,0.01470,0.00005,0.98521,0.00004
28.62500,0.48529,0.01262,0.00004,0.98731,0.00003
28.72794,0.48529,0.01526,0.00005,0.98466,0.00004
28.83088,0.48529,0.01068,0.00003,0.98927,0.00002
28.93382,0.48529,0.01044,0.00001,0.98952,0.00002
29.03676,0.48529,0.00973,0.00003,0.99020,0.00004
29.13971,0.48529,0.01300,0.00003,0.98693,0.00004
29.24265,0.48529,0.01068,0.00005,0.98923,0.00004
29.34559,0.48529,0.01448,0.00003,0.98545,0.00003
29.44853,0.48529,0.01831,0.00005,0.98160,0.00004
29.55147,0.48529,0.01463,0.00005,0.98527,0.00005
29.65441,0.48529,0.01523,0.00003,0.98472,0.00002
29.75735,0.48529,0.02097,0.00002,0.97898,0.00003
29.86029,0.48529,0.01592,0.00003,0.98402,0.00003
29.96324,0.48529,0.01798,0.00003,0.98195,0.00004
30.06618,0.48529,0.02007,0.00004,0.97983,0.00006
30.16912,0.48529,0.01928,0.00005,0.98063,0.00004
30.27206,0.48529,0.01364,0.00004,0.98628,0.00004
30.37500,0.48529,0.01248,0.00004,0.98745,0.00003
30.47794,0.48529,0.01801,0.00004,0.98190,0.00005
30.58088,0.48529,0.01895,0.00002,0.98101,0.00002
30.68382,0.48529,0.01922,0.00002,0.98073,0.00003
30.78676,0.48529,0.01255,0.00004,0.98738,0.00003
30.88971,0.48529,0.01326,0.00004,0.98667,0.00004
30.99265,0.48529,0.01470,0.00006,0.98519,0.00005
31.09559,0.48529,0.01581,0.00004,0.98412,0.00004
31.19853,0.48529,0.01524,0.00004,0.98468,0.00003
31.30147,0.48529,0.01107,0.00004,0.98885,0.00003
31.40441,0.48529,0.01496,0.00002,0.98500,0.00002
31.50735,0.48529,0.01231,0.00002,0.98765,0.00002
31.61029,0.48529,0.01722,0.00003,0.98271,0.00004
31.71324,0.48529,0.01139,0.00005,0.98853,0.00004
31.81618,0.48529,0.01502,0.00006,0.98488,0.00005
31.91912,0.48529,0.01651,0.00003,0.98343,0.00003
32.02206,0.48529,0.01460,0.00003,0.98533,0.00004
32.12500,0.48529,0.01402,0.00006,0.98586,0.00005
32.22794,0.48529,0.01363,0.00003,0.98631,0.00003
32.33088,0.48529,0.01135,0.00002,0.98861,0.00002
32.43382,0.48529,0.01679,0.00002,0.98316,0.00002
32.53677,0.48529,0.01557,0.00004,0.98434,0.00005
32.63971,0.48529,0.01098,0.00004,0.98894,0.00004
32.74265,0.48529,0.01230,0.00005,0.98761,0.00005
32.84559,0.48529,0.01403,0.00004,0.98590,0.00004
32.94853,0.48529,0.00882,0.00004,0.99111,0.00003
33.05147,0.48529,0.01515,0.00004,0.98477,0.00004
33.15441,0.48529,0.01666,0.00002,0.98330,0.00003
33.25735,0.48529,0.01204,0.00002,0.98791,0.00003
33.36029,0.48529,0.01137,0.00003,0.98856,0.00003
33.46323,0.48529,0.01113,0.00004,0.98878,0.00005
33.56618,0.48529,0.00890,0.00003,0.99103,0.00003
33.66912,0.48529,0.01084,0.00004,0.98908,0.00004
33.77206,0.48529,0.00997,0.00004,0.98995,0.00004
33.87500,0.48529,0.01281,0.00004,0.98710,0.00005
33.97794,0.48529,0.01343,0.00003,0.98650,0.00003
34.08088,0.48529,0.00957,0.00003,0.99038,0.00003
34.18382,0.48529,0.01382,0.00002,0.98613,0.00003
34.28677,0.48529,0.01076,0.00003,0.98917,0.00003
34.38971,0.48529,0.00883,0.00003,0.99111,0.00003
34.49265,0.48529,0.01381,0.00006,0.98607,0.00005
34.59559,0.48529,0.01400,0.00004,0.98592,0.00004
34.69853,0.48529,0.00936,0.00003,0.99059,0.00003
34.80147,0.48529,0.01739,0.00003,0.98254,0.00004
34.90441,0.48529,0.01330,0.00003,0.98664,0.00003
35.00735,0.48529,0.01758,0.00003,0.98236,0.00003
35.11029,0.48529,0.01412,0.00003,0.98580,0.00004
35.21323,0.48529,0.01593,0.00005,0.98397,0.00005
35.31618,0.48529,0.00857,0.00004,0.99136,0.00003
35.41912,0.48529,0.01103,0.00004,0.98889,0.00004
35.52206,0.48529,0.01295,0.00004,0.98697,0.00004
35.62500,0.48529,0.01027,0.00003,0.98967,0.00003
35.72794,0.48529,0.00964,0.00003,0.99030,0.00003
35.83088,0.48529,0.01123,0.00002,0.98873,0.00002
35.93382,0.48529,0.01335,0.00002,0.98660,0.00003
36.03677,0.48529,0.00801,0.00003,0.99192,0.00004
36.13971,0.48529,0.01209,0.00004,0.98783,0.00004
36.24265,0.48529,0.01307,0.00003,0.98687,0.00003
36.34559,0.48529,0.01456,0.00004,0.98536,0.00003
36.44853,0.48529,0.01579,0.00004,0.98413,0.00004
36.55147,0.48529,0.01481,0.00003,0.98513,0.00004
36.65441,0.48529,0.01327,0.00002,0.98669,0.00002
36.75735,0.48529,0.00972,0.00002,0.99024,0.00002
36.86029,0.48529,0.00999,0.00003,0.98994,0.00004
36.96323,0.48529,0.01256,0.00006,0.98734,0.00004
37.06618,0.48529,0.01142,0.00003,0.98852,0.00003
37.16912,0.48529,0.01266,0.00004,0.98726,0.00004
37.27206,0.48529,0.01048,0.00003,0.98946,0.00003
37.37500,0.48529,0.01543,0.00002,0.98452,0.00003
37.47794,0.48529,0.01432,0.00002,0.98563,0.00003
37.58088,0.48529,0.01171,0.00001,0.98826,0.00002
37.68382,0.48529,0.01238,0.00003,0.98756,0.00003
37.78677,0.48529,0.01127,0.00004,0.98866,0.00004
37.88971,0.48529,0.01320,0.00003,0.98674,0.00003
37.99265,0.48529,0.01372,0.00003,0.98621,0.00004
38.09559,0.48529,0.01136,0.00003,0.98857,0.00004
38.19853,0.48529,0.01330,0.00002,0.98664,0.00003
38.30147,0.48529,0.01514,0.00003,0.98480,0.00003
38.40441,0.48529,0.01910,0.00002,0.98086,0.00002
38.50735,0.48529,0.01876,0.00003,0.98117,0.00004
38.61029,0.48529,0.01417,0.00004,0.98574,0.00004
38.71323,0.48529,0.01540,0.00004,0.98453,0.00004
38.81618,0.48529,0.02686,0.00005,0.97303,0.00006
38.91912,0.48529,0.01822,0.00004,0.98171,0.00004
39.02206,0.48529,0.01902,0.00005,0.98089,0.00004
39.12500,0.48529,0.01296,0.00003,0.98696,0.00004
39.22794,0.48529,0.01092,0.00003,0.98902,0.00003
39.33088,0.48529,0.01309,0.00002,0.98686,0.00003
39.43382,0.48529,0.01372,0.00003,0.98622,0.00004
39.53677,0.48529,0.01348,0.00004,0.98644,0.00004
39.63971,0.48529,0.01140,0.00006,0.98850,0.00004
39.74265,0.48529,0.01210,0.00002,0.98785,0.00002
39.84559,0.48529,0.01505,0.00004,0.98487,0.00003
39.94853,0.48529,0.01217,0.00005,0.98774,0.00004
40.05147,0.48529,0.01271,0.00003,0.98723,0.00003
40.15441,0.48529,0.00950,0.00002,0.99046,0.00002
40.25735,0.48529,0.01030,0.00002,0.98965,0.00003
40.36029,0.48529,0.01138,0.00003,0.98854,0.00004
40.46323,0.48529,0.01193,0.00003,0.98800,0.00003
40.56618,0.48529,0.01579,0.00004,0.98413,0.00004
40.66912,0.48529,0.01151,0.00003,0.98843,0.00003
40.77206,0.48529,0.01333,0.00003,0.98661,0.00003
40.87500,0.48529,0.01087,0.00003,0.98908,0.00003
40.97794,0.48529,0.01178,0.00002,0.98818,0.00002
41.08088,0.48529,0.00989,0.00002,0.99007,0.00002
41.18382,0.48529,0.00993,0.00005,0.98998,0.00004
41.28677,0.48529,0.00881,0.00004,0.99113,0.00003
41.38971,0.48529,0.01627,0.00004,0.98364,0.00004
41.49265,0.48529,0.01585,0.00005,0.98405,0.00005
41.59559,0.48529,0.00882,0.00003,0.99111,0.00003
41.69853,0.48529,0.01150,0.00002,0.98844,0.00003
41.80147,0.48529,0.01390,0.00002,0.98606,0.00002
41.90441,0.48529,0.01201,0.00002,0.98794,0.00003
42.00735,0.48529,0.01196,0.00003,0.98796,0.00004
42.11029,0.48529,0.01459,0.00004,0.98533,0.00004
42.21323,0.48529,0.01697,0.00008,0.98290,0.00006
42.31618,0.48529,0.01556,0.00004,0.98436,0.00004
42.41912,0.48529,0.01408,0.00003,0.98586,0.00003
42.52206,0.48529,0.01249,0.00003,0.98744,0.00003
42.62500,0.48529,0.01380,0.00002,0.98616,0.00002
42.72794,0.48529,0.01039,0.00002,0.98957,0.00002
42.83088,0.48529,0.00873,0.00002,0.99122,0.00003
42.93382,0.48529,0.01075,0.00003,0.98919,0.00003
43.03677,0.48529,0.01206,0.00005,0.98784,0.00004
43.13971,0.48529,0.01582,0.00004,0.98409,0.00005
43.24265,0.48529,0.01708,0.00006,0.98282,0.00004
43.34559,0.48529,0.01819,0.00006,0.98169,0.00005
43.44853,0.48529,0.01163,0.00003,0.98830,0.00003
43.55147,0.48529,0.01249,0.00002,0.98746,0.00003
43.65441,0.48529,0.01394,0.00002,0.98601,0.00003
43.75735,0.48529,0.01377,0.00003,0.98616,0.00005
43.86029,0.48529,0.01761,0.00006,0.98228,0.00006
43.96323,0.48529,0.01481,0.00004,0.98511,0.00004
44.06618,0.48529,0.01276,0.00003,0.98718,0.00003
44.16912,0.48529,0.01316,0.00004,0.98676,0.00004
44.27206,0.48529,0.01264,0.00004,0.98730,0.00003
44.37500,0.48529,0.01715,0.00002,0.98281,0.00002
44.47794,0.48529,0.01370,0.00002,0.98626,0.00002
44.58088,0.48529,0.01357,0.00004,0.98635,0.00004
44.68382,0.48529,0.01732,0.00007,0.98256,0.00006
44.78677,0.48529,0.01242,0.00004,0.98751,0.00003
44.88971,0.48529,0.01356,0.00003,0.98636,0.00004
44.99265,0.48529,0.01730,0.00005,0.98260,0.00005
45.09559,0.48529,0.01602,0.00003,0.98391,0.00003
45.19853,0.48529,0.01598,0.00003,0.98398,0.00002
45.30147,0.48529,0.01626,0.00002,0.98369,0.00003
45.40441,0.48529,0.01332,0.00003,0.98661,0.00004
45.50735,0.48529,0.01255,0.00004,0.98736,0.00005
45.61029,0.48529,0.01377,0.00005,0.98613,0.00005
45.71323,0.48529,0.01879,0.00008,0.98107,0.00006
45.81618,0.48529,0.01504,0.00004,0.98488,0.00004
45.91912,0.48529,0.01091,0.00004,0.98902,0.00003
46.02206,0.48529,0.01402,0.00004,0.98591,0.00004
46.12500,0.48529,0.00963,0.00002,0.99034,0.00002
46.22794,0.48529,0.00968,0.00002,0.99027,0.00003
46.33088,0.48529,0.01139,0.00004,0.98853,0.00004
46.43382,0.48529,0.01327,0.00004,0.98664,0.00004
46.53677,0.48529,0.01149,0.00004,0.98844,0.00003
46.63971,0.48529,0.01350,0.00004,0.98642,0.00004
46.74265,0.48529,0.01189,0.00003,0.98805,0.00003
46.84559,0.48529,0.01141,0.00004,0.98852,0.00003
46.94853,0.48529,0.01328,0.00003,0.98666,0.00003
47.05147,0.48529,0.01016,0.00002,0.98979,0.00003
47.15441,0.48529,0.01233,0.00003,0.98760,0.00004
47.25735,0.48529,0.01319,0.00005,0.98671,0.00006
47.36029,0.48529,0.01516,0.00005,0.98474,0.00005
47.46323,0.48529,0.01834,0.00006,0.98155,0.00005
47.56618,0.48529,0.01366,0.00003,0.98627,0.00003
47.66912,0.48529,0.01643,0.00006,0.98347,0.00005
47.77206,0.48529,0.01586,0.00003,0.98408,0.00003
47.87500,0.48529,0.01478,0.00002,0.98516,0.00003
47.97794,0.48529,0.01307,0.00003,0.98686,0.00004
48.08088,0.48529,0.01346,0.00003,0.98647,0.00004
48.18382,0.48529,0.01147,0.00005,0.98843,0.00004
48.28677,0.48529,0.01356,0.00003,0.98638,0.00004
48.38971,0.48529,0.01403,0.00005,0.98589,0.00003
48.49265,0.48529,0.01189,0.00004,0.98805,0.00003
48.59559,0.48529,0.01683,0.00002,0.98312,0.00003
48.69853,0.48529,0.01187,0.00002,0.98808,0.00002
48.80147,0.48529,0.01453,0.00002,0.98542,0.00003
48.90441,0.48529,0.01226,0.00004,0.98765,0.00004
49.00735,0.48529,0.01039,0.00005,0.98953,0.00004
49.11029,0.48529,0.01401,0.00003,0.98593,0.00003
49.21323,0.48529,0.02026,0.00004,0.97966,0.00004
49.31618,0.48529,0.01396,0.00006,0.98594,0.00004
49.41912,0.48529,0.01561,0.00003,0.98432,0.00004
49.52206,0.48529,0.00959,0.00002,0.99037,0.00002
49.62500,0.48529,0.01285,0.00002,0.98711,0.00002
49.72794,0.48529,0.01481,0.00004,0.98510,0.00005
49.83088,0.48529,0.01086,0.00003,0.98907,0.00004
49.93382,0.48529,0.01532,0.00004,0.98459,0.00005
50.03677,0.48529,0.01740,0.00004,0.98252,0.00004
50.13971,0.48529,0.01630,0.00005,0.98362,0.00004
50.24265,0.48529,0.01544,0.00005,0.98447,0.00004
50.34559,0.48529,0.01136,0.00002,0.98860,0.00002
50.44853,0.48529,0.00834,0.00002,0.99162,0.00002
50.55147,0.48529,0.01099,0.00003,0.98895,0.00003
50.65441,0.48529,0.00894,0.00002,0.99101,0.00003
50.75735,0.48529,0.01031,0.00004,0.98960,0.00004
50.86029,0.48529,0.00989,0.00003,0.99005,0.00003
50.96323,0.48529,0.01229,0.00003,0.98764,0.00003
51.06618,0.48529,0.01224,0.00004,0.98769,0.00003
51.16912,0.48529,0.01793,0.00004,0.98199,0.00004
51.27206,0.48529,0.01268,0.00002,0.98727,0.00003
51.37500,0.48529,0.01015,0.00002,0.98980,0.00003
51.47794,0.48529,0.00988,0.00004,0.99004,0.00004
51.58088,0.48529,0.00957,0.00003,0.99036,0.00003
51.68382,0.48529,0.01387,0.00005,0.98605,0.00004
51.78677,0.48529,0.01428,0.00004,0.98565,0.00004
51.88971,0.48529,0.01058,0.00004,0.98934,0.00004
51.99265,0.48529,0.01117,0.00002,0.98879,0.00002
52.09559,0.48529,0.01238,0.00002,0.98757,0.00003
52.19853,0.48529,0.01323,0.00002,0.98673,0.00002
52.30147,0.48529,0.01559,0.00002,0.98436,0.00003
52.40441,0.48529,0.01316,0.00005,0.98675,0.00004
52.50735,0.48529,0.01157,0.00003,0.98837,0.00003
52.61029,0.48529,0.01105,0.00003,0.98888,0.00004
52.71323,0.48529,0.01137,0.00004,0.98855,0.00004
52.81618,0.48529,0.01141,0.00004,0.98852,0.00003
52.91912,0.48529,0.00990,0.00003,0.99004,0.00002
53.02206,0.48529,0.01184,0.00002,0.98812,0.00002
53.12500,0.48529,0.01667,0.00002,0.98327,0.00003
53.22794,0.48529,0.01338,0.00003,0.98654,0.00004
53.33088,0.48529,0.01229,0.00003,0.98764,0.00003
53.43382,0.48529,0.01289,0.00004,0.98702,0.00004
53.53677,0.48529,0.01300,0.00003,0.98693,0.00003
53.63971,0.48529,0.01408,0.00003,0.98585,0.00003
53.74265,0.48529,0.01157,0.00003,0.98837,0.00002
53.84559,0.48529,0.01574,0.00002,0.98421,0.00003
53.94853,0.48529,0.01171,0.00002,0.98825,0.00002
54.05147,0.48529,0.00943,0.00002,0.99052,0.00003
54.15441,0.48529,0.01096,0.00003,0.98897,0.00004
54.25735,0.48529,0.01411,0.00005,0.98581,0.00004
54.36029,0.48529,0.01548,0.00006,0.98440,0.00005
54.46323,0.48529,0.01178,0.00004,0.98816,0.00003
54.56618,0.48529,0.01293,0.00006,0.98697,0.00004
54.66912,0.48529,0.00887,0.00002,0.99109,0.00002
54.77206,0.48529,0.01822,0.00002,0.98173,0.00002
54.87500,0.48529,0.01123,0.00002,0.98872,0.00003
54.97794,0.48529,0.00995,0.00003,0.98998,0.00004
55.08088,0.48529,0.01256,0.00004,0.98736,0.00003
55.18382,0.48529,0.01310,0.00006,0.98681,0.00004
55.28677,0.48529,0.01692,0.00004,0.98299,0.00004
55.38971,0.48529,0.01323,0.00004,0.98671,0.00003
55.49265,0.48529,0.01173,0.00004,0.98819,0.00003
55.59559,0.48529,0.01322,0.00002,0.98673,0.00003
55.69853,0.48529,0.01212,0.00002,0.98784,0.00002
55.80147,0.48529,0.01321,0.00003,0.98671,0.00004
55.90441,0.48529,0.01661,0.00005,0.98328,0.00005
56.00735,0.48529,0.01231,0.00005,0.98760,0.00004
56.11029,0.48529,0.01220,0.00003,0.98774,0.00003
56.21323,0.48529,0.01113,0.00003,0.98880,0.00003
56.31618,0.48529,0.01057,0.00004,0.98936,0.00003
56.41912,0.48529,0.01052,0.00003,0.98943,0.00003
56.52206,0.48529,0.01395,0.00003,0.98600,0.00003
56.62500,0.48529,0.01190,0.00002,0.98804,0.00003
56.72794,0.48529,0.01072,0.00003,0.98922,0.00003
56.83088,0.48529,0.01319,0.00006,0.98671,0.00004
56.93382,0.48529,0.01470,0.00004,0.98523,0.00004
57.03677,0.48529,0.01193,0.00003,0.98800,0.00003
57.13971,0.48529,0.01119,0.00004,0.98875,0.00003
57.24265,0.48529,0.01292,0.00002,0.98703,0.00002
57.34559,0.48529,0.01484,0.00002,0.98512,0.00002
57.44853,0.48529,0.01334,0.00002,0.98661,0.00002
57.55147,0.48529,0.01095,0.00003,0.98899,0.00003
57.65441,0.48529,0.01343,0.00005,0.98648,0.00005
57.75735,0.48529,0.01254,0.00004,0.98739,0.00003
57.86029,0.48529,0.01629,0.00003,0.98364,0.00003
57.96323,0.48529,0.01501,0.00005,0.98491,0.00003
58.06618,0.48529,0.01227,0.00004,0.98765,0.00003
58.16912,0.48529,0.01520,0.00002,0.98475,0.00002
58.27206,0.48529,0.01222,0.00002,0.98775,0.00002
58.37500,0.48529,0.01254,0.00003,0.98739,0.00004
58.47794,0.48529,0.01162,0.00004,0.98830,0.00004
58.58088,0.48529,0.01121,0.00005,0.98871,0.00004
58.68382,0.48529,0.01448,0.00005,0.98543,0.00004
58.78677,0.48529,0.01125,0.00004,0.98867,0.00004
58.88971,0.48529,0.01409,0.00004,0.98583,0.00005
58.99265,0.48529,0.01175,0.00004,0.98818,0.00003
59.09559,0.48529,0.00992,0.00002,0.99003,0.00002
59.19853,0.48529,0.01020,0.00002,0.98974,0.00003
59.30147,0.48529,0.01041,0.00003,0.98953,0.00003
59.40441,0.48529,0.01345,0.00005,0.98647,0.00004
59.50735,0.48529,0.01140,0.00004,0.98853,0.00004
59.61029,0.48529,0.01742,0.00003,0.98251,0.00004
59.71323,0.48529,0.00976,0.00004,0.99018,0.00003
59.81618,0.48529,0.01958,0.00003,0.98036,0.00003
59.91912,0.48529,0.01003,0.00002,0.98993,0.00002
60.02206,0.48529,0.01911,0.00003,0.98082,0.00004
60.12500,0.48529,0.01430,0.00004,0.98561,0.00005
60.22794,0.48529,0.01076,0.00003,0.98917,0.00003
60.33088,0.48529,0.01321,0.00005,0.98669,0.00004
60.43382,0.48529,0.01357,0.00004,0.98635,0.00004
60.53677,0.48529,0.01128,0.00003,0.98867,0.00003
60.63971,0.48529,0.00934,0.00003,0.99061,0.00002
60.74265,0.48529,0.01195,0.00003,0.98799,0.00003
60.84559,0.48529,0.00954,0.00002,0.99042,0.00002
60.94853,0.48529,0.00973,0.00003,0.99020,0.00004
61.05147,0.48529,0.01057,0.00004,0.98934,0.00005
61.15441,0.48529,0.01188,0.00005,0.98804,0.00003
61.25735,0.48529,0.01524,0.00006,0.98465,0.00005
61.36029,0.48529,0.01263,0.00004,0.98731,0.00003
61.46323,0.48529,0.01133,0.00003,0.98861,0.00003
61.56618,0.48529,0.02067,0.00005,0.97923,0.00005
61.66912,0.48529,0.01055,0.00002,0.98941,0.00002
61.77206,0.48529,0.01150,0.00002,0.98845,0.00003
61.87500,0.48529,0.01138,0.00003,0.98854,0.00004
61.97794,0.48529,0.00959,0.00004,0.99033,0.00004
62.08088,0.48529,0.01245,0.00005,0.98747,0.00004
62.18382,0.48529,0.01813,0.00004,0.98178,0.00005
62.28677,0.48529,0.01529,0.00004,0.98463,0.00004
62.38971,0.48529,0.01557,0.00004,0.98437,0.00003
62.49265,0.48529,0.01471,0.00003,0.98524,0.00002
62.59559,0.48529,0.01649,0.00002,0.98346,0.00003
62.69853,0.48529,0.01063,0.00002,0.98932,0.00002
62.80147,0.48529,0.01186,0.00005,0.98804,0.00005
62.90441,0.48529,0.01261,0.00004,0.98732,0.00004
63.00735,0.48529,0.01600,0.00004,0.98391,0.00005
63.11029,0.48529,0.01570,0.00004,0.98421,0.00005
63.21323,0.48529,0.01849,0.00003,0.98144,0.00003
63.31618,0.48529,0.01270,0.00002,0.98726,0.00002
63.41912,0.48529,0.01566,0.00003,0.98428,0.00003
63.52206,0.48529,0.01338,0.00002,0.98656,0.00003
63.62500,0.48529,0.00972,0.00003,0.99021,0.00003
63.72794,0.48529,0.01162,0.00004,0.98830,0.00004
63.83088,0.48529,0.01385,0.00004,0.98606,0.00004
63.93382,0.48530,0.01648,0.00005,0.98342,0.00005
64.03677,0.48529,0.01409,0.00003,0.98585,0.00003
64.13971,0.48529,0.01745,0.00003,0.98249,0.00003
64.24265,0.48530,0.01931,0.00002,0.98065,0.00002
64.34559,0.48529,0.01611,0.00002,0.98385,0.00003
64.44853,0.48529,0.01134,0.00003,0.98858,0.00004
64.55147,0.48530,0.01326,0.00003,0.98668,0.00003
64.65441,0.48530,0.01159,0.00005,0.98831,0.00005
64.75735,0.48529,0.01147,0.00003,0.98846,0.00003
64.86029,0.48530,0.01038,0.00003,0.98956,0.00003
64.96323,0.48530,0.01045,0.00004,0.98947,0.00003
65.06618,0.48529,0.01461,0.00002,0.98535,0.00002
65.16912,0.48529,0.01072,0.00002,0.98923,0.00002
65.27206,0.48530,0.01279,0.00003,0.98715,0.00004
65.37500,0.48529,0.00926,0.00003,0.99068,0.00003
65.47794,0.48529,0.01686,0.00006,0.98302,0.00005
65.58088,0.48530,0.01376,0.00006,0.98613,0.00005
65.68382,0.48530,0.01406,0.00003,0.98588,0.00003
65.78677,0.48529,0.01378,0.00006,0.98613,0.00004
65.88971,0.48529,0.01155,0.00003,0.98839,0.00003
65.99265,0.48530,0.01214,0.00003,0.98780,0.00003
66.09559,0.48529,0.01106,0.00003,0.98889,0.00003
66.19853,0.48529,0.01121,0.00003,0.98871,0.00004
66.30147,0.48530,0.01244,0.00002,0.98750,0.00003
66.40441,0.48530,0.01515,0.00005,0.98474,0.00005
66.50735,0.48529,0.01320,0.00003,0.98674,0.00003
66.61029,0.48530,0.01349,0.00004,0.98643,0.00004
66.71323,0.48530,0.01162,0.00003,0.98832,0.00003
66.81618,0.48529,0.01316,0.00002,0.98679,0.00003
66.91912,0.48529,0.01328,0.00003,0.98665,0.00004
67.02206,0.48530,0.01228,0.00003,0.98764,0.00004
67.12500,0.48529,0.01428,0.00004,0.98563,0.00005
67.22794,0.48529,0.01662,0.00004,0.98331,0.00003
67.33088,0.48530,0.01704,0.00005,0.98287,0.00005
67.43382,0.48530,0.01372,0.00003,0.98623,0.00003
67.53677,0.48529,0.01039,0.00003,0.98955,0.00003
67.63971,0.48529,0.01273,0.00003,0.98722,0.00003
67.74265,0.48530,0.01225,0.00002,0.98770,0.00003
67.84559,0.48529,0.00896,0.00002,0.99100,0.00003
67.94853,0.48529,0.01154,0.00003,0.98840,0.00003
68.05147,0.48530,0.01083,0.00004,0.98908,0.00004
68.15441,0.48530,0.01478,0.00004,0.98515,0.00004
68.25735,0.48529,0.01292,0.00003,0.98702,0.00003
68.36029,0.48530,0.01157,0.00004,0.98836,0.00003
68.46323,0.48530,0.01062,0.00003,0.98932,0.00003
68.56618,0.48529,0.01058,0.00002,0.98938,0.00002
68.66912,0.48529,0.01137,0.00003,0.98857,0.00003
68.77206,0.48530,0.01163,0.00002,0.98832,0.00003
68.87500,0.48529,0.01532,0.00005,0.98457,0.00006
68.97794,0.48529,0.01138,0.00003,0.98856,0.00003
69.08088,0.48530,0.01355,0.00004,0.98637,0.00005
69.18382,0.48530,0.01202,0.00003,0.98791,0.00003
69.28677,0.48529,0.01803,0.00005,0.98188,0.00004
69.38971,0.48529,0.01346,0.00004,0.98647,0.00003
69.49265,0.48530,0.01219,0.00002,0.98776,0.00002
69.59559,0.48529,0.01213,0.00003,0.98781,0.00004
69.69853,0.48529,0.01076,0.00004,0.98917,0.00004
69.80147,0.48530,0.01462,0.00007,0.98527,0.00005
69.90441,0.48530,0.01988,0.00005,0.98003,0.00004
70.00735,0.48529,0.01355,0.00004,0.98637,0.00004
70.11029,0.48530,0.01118,0.00003,0.98875,0.00003
70.21323,0.48530,0.01127,0.00003,0.98868,0.00003
70.31618,0.48529,0.01533,0.00002,0.98463,0.00002
70.41912,0.48529,0.01224,0.00003,0.98769,0.00004
70.52206,0.48530,0.01445,0.00004,0.98547,0.00004
70.62500,0.48529,0.01499,0.00007,0.98489,0.00005
70.72794,0.48529,0.01224,0.00003,0.98770,0.00003
70.83088,0.48530,0.01583,0.00002,0.98412,0.00003
70.93382,0.48530,0.01424,0.00005,0.98567,0.00004
71.03677,0.48529,0.01606,0.00004,0.98386,0.00004
71.13971,0.48529,0.00953,0.00002,0.99043,0.00002
71.24265,0.48530,0.01017,0.00002,0.98979,0.00002
71.34559,0.48529,0.01626,0.00003,0.98367,0.00004
71.44853,0.48529,0.01261,0.00005,0.98728,0.00005
71.55147,0.48530,0.01132,0.00003,0.98862,0.00003
71.65441,0.48530,0.01482,0.00004,0.98510,0.00005
71.75735,0.48529,0.01736,0.00004,0.98256,0.00004
71.86029,0.48530,0.02165,0.00004,0.97827,0.00004
71.96323,0.48530,0.01385,0.00002,0.98610,0.00002
72.06618,0.48529,0.01212,0.00002,0.98784,0.00002
72.16912,0.48529,0.01241,0.00003,0.98753,0.00004
72.27206,0.48530,0.01203,0.00006,0.98786,0.00005
72.37500,0.48529,0.00968,0.00003,0.99026,0.00003
72.47794,0.48529,0.01282,0.00003,0.98712,0.00003
72.58088,0.48530,0.01665,0.00007,0.98323,0.00005
72.68382,0.48530,0.01755,0.00003,0.98238,0.00004
72.78677,0.48529,0.01477,0.00003,0.98517,0.00003
72.88971,0.48529,0.01150,0.00002,0.98846,0.00002
72.99265,0.48530,0.01234,0.00002,0.98760,0.00003
73.09559,0.48529,0.00959,0.00003,0.99034,0.00004
73.19853,0.48529,0.01139,0.00004,0.98852,0.00004
73.30147,0.48530,0.01037,0.00004,0.98956,0.00003
73.40441,0.48530,0.01126,0.00004,0.98866,0.00004
73.50735,0.48529,0.01353,0.00003,0.98641,0.00003
73.61029,0.48530,0.01798,0.00003,0.98195,0.00004
73.71323,0.48530,0.01273,0.00004,0.98719,0.00004
73.81618,0.48529,0.01068,0.00002,0.98927,0.00003
73.91912,0.48529,0.00877,0.00003,0.99116,0.00004
74.02206,0.48530,0.01136,0.00005,0.98855,0.00004
74.12500,0.48529,0.01216,0.00004,0.98776,0.00004
74.22794,0.48529,0.01640,0.00002,0.98354,0.00003
74.33088,0.48530,0.01315,0.00004,0.98677,0.00004
74.43382,0.48530,0.01973,0.00003,0.98019,0.00004
74.53677,0.48529,0.01468,0.00002,0.98527,0.00003
74.63971,0.48529,0.01744,0.00002,0.98252,0.00002
74.74265,0.48530,0.01479,0.00003,0.98514,0.00004
74.84559,0.48529,0.01223,0.00006,0.98768,0.00004
74.94853,0.48529,0.01295,0.00005,0.98697,0.00004
75.05147,0.48530,0.01297,0.00003,0.98696,0.00004
75.15441,0.48530,0.01192,0.00004,0.98799,0.00004
75.25735,0.48529,0.01237,0.00005,0.98753,0.00005
75.36029,0.48530,0.01953,0.00003,0.98040,0.00004
75.46323,0.48530,0.01282,0.00003,0.98712,0.00003
75.56618,0.48529,0.01345,0.00003,0.98649,0.00003
75.66912,0.48529,0.01208,0.00003,0.98785,0.00004
75.77206,0.48530,0.01270,0.00004,0.98721,0.00004
75.87500,0.48529,0.01252,0.00005,0.98739,0.00004
75.97794,0.48529,0.01443,0.00004,0.98548,0.00004
76.08088,0.48530,0.01428,0.00005,0.98563,0.00004
76.18382,0.48530,0.01909,0.00004,0.98084,0.00003
76.28677,0.48529,0.01542,0.00003,0.98453,0.00002
76.38971,0.48529,0.01310,0.00002,0.98685,0.00003
76.49265,0.48530,0.01317,0.00003,0.98676,0.00004
76.59559,0.48529,0.01289,0.00005,0.98701,0.00005
76.69853,0.48529,0.01197,0.00004,0.98795,0.00004
76.80147,0.48530,0.01702,0.00005,0.98288,0.00005
76.90441,0.48530,0.01140,0.00005,0.98851,0.00005
77.00735,0.48529,0.01009,0.00003,0.98985,0.00003
77.11029,0.48530,0.01126,0.00004,0.98866,0.00004
77.21323,0.48530,0.01025,0.00002,0.98971,0.00002
77.31618,0.48529,0.01015,0.00002,0.98979,0.00003
77.41912,0.48529,0.01041,0.00004,0.98951,0.00004
77.52206,0.48530,0.01056,0.00004,0.98937,0.00003
77.62500,0.48529,0.01327,0.00005,0.98664,0.00004
77.72794,0.48529,0.01371,0.00004,0.98622,0.00003
77.83088,0.48530,0.01137,0.00003,0.98857,0.00003
77.93382,0.48530,0.01367,0.00003,0.98627,0.00003
78.03677,0.48529,0.01635,0.00002,0.98360,0.00002
78.13971,0.48529,0.01175,0.00002,0.98820,0.00002
78.24265,0.48530,0.01537,0.00004,0.98455,0.00004
78.34559,0.48529,0.01451,0.00005,0.98539,0.00005
78.44853,0.48529,0.01666,0.00004,0.98327,0.00003
78.55147,0.48530,0.01638,0.00004,0.98353,0.00004
78.65441,0.48530,0.01559,0.00004,0.98433,0.00004
78.75735,0.48529,0.01724,0.00003,0.98269,0.00004
78.86029,0.48530,0.01215,0.00003,0.98779,0.00003
78.96323,0.48530,0.01578,0.00003,0.98417,0.00003
79.06618,0.48529,0.01283,0.00003,0.98710,0.00004
79.16912,0.48529,0.01051,0.00003,0.98943,0.00003
79.27206,0.48530,0.01227,0.00004,0.98765,0.00004
79.37500,0.48529,0.01248,0.00005,0.98742,0.00005
79.47794,0.48529,0.01236,0.00004,0.98756,0.00004
79.58088,0.48530,0.00908,0.00003,0.99086,0.00003
79.68382,0.48530,0.01093,0.00003,0.98901,0.00003
79.78677,0.48529,0.01103,0.00002,0.98892,0.00003
79.88971,0.48529,0.01007,0.00002,0.98988,0.00003
79.99265,0.48530,0.01111,0.00004,0.98881,0.00004
80.09559,0.48529,0.00866,0.00003,0.99127,0.00003
80.19853,0.48529,0.01275,0.00004,0.98716,0.00004
80.30147,0.48530,0.01016,0.00004,0.98976,0.00004
80.40441,0.48530,0.00791,0.00003,0.99202,0.00003
80.50735,0.48529,0.01334,0.00003,0.98660,0.00003
80.61029,0.48530,0.01373,0.00002,0.98623,0.00002
80.71323,0.48530,0.01105,0.00002,0.98890,0.00002
80.81618,0.48529,0.01246,0.00003,0.98747,0.00004
80.91912,0.48529,0.01137,0.00003,0.98856,0.00003
81.02206,0.48530,0.01424,0.00005,0.98567,0.00004
81.12500,0.48529,0.01691,0.00004,0.98301,0.00004
81.22794,0.48529,0.00951,0.00003,0.99043,0.00003
81.33088,0.48530,0.01384,0.00003,0.98609,0.00004
81.43382,0.48530,0.01375,0.00002,0.98621,0.00002
81.53677,0.48529,0.01474,0.00002,0.98522,0.00002
81.63971,0.48529,0.01202,0.00003,0.98792,0.00003
81.74265,0.48530,0.01133,0.00004,0.98859,0.00004
81.84559,0.48529,0.01540,0.00007,0.98448,0.00005
81.94853,0.48529,0.01495,0.00004,0.98497,0.00004
82.05147,0.48530,0.01675,0.00003,0.98318,0.00003
82.15441,0.48530,0.01548,0.00005,0.98442,0.00005
82.25735,0.48529,0.01859,0.00003,0.98136,0.00003
82.36029,0.48530,0.01134,0.00003,0.98860,0.00003
82.46323,0.48530,0.01079,0.00003,0.98915,0.00003
82.56618,0.48529,0.01309,0.00003,0.98684,0.00004
82.66912,0.48529,0.01245,0.00005,0.98745,0.00005
82.77206,0.48530,0.01740,0.00005,0.98251,0.00004
82.87500,0.48529,0.01350,0.00004,0.98642,0.00004
82.97794,0.48529,0.01205,0.00004,0.98788,0.00003
83.08088,0.48530,0.01346,0.00004,0.98645,0.00004
83.18382,0.48530,0.01653,0.00002,0.98343,0.00002
83.28677,0.48529,0.01096,0.00002,0.98900,0.00002
83.38971,0.48529,0.01248,0.00003,0.98747,0.00003
83.49265,0.48530,0.01161,0.00004,0.98831,0.00004
83.59559,0.48529,0.01244,0.00003,0.98750,0.00003
83.69853,0.48529,0.01635,0.00003,0.98358,0.00004
83.80147,0.48530,0.01616,0.00004,0.98376,0.00004
83.90441,0.48530,0.01284,0.00004,0.98708,0.00004
84.00735,0.48529,0.02294,0.00003,0.97700,0.00003
84.11029,0.48530,0.01763,0.00002,0.98232,0.00003
84.21323,0.48530,0.01289,0.00003,0.98705,0.00003
84.31618,0.48529,0.00859,0.00003,0.99136,0.00003
84.41912,0.48529,0.01176,0.00004,0.98817,0.00004
84.52206,0.48530,0.01044,0.00003,0.98951,0.00003
84.62500,0.48529,0.01172,0.00005,0.98819,0.00004
84.72794,0.48529,0.01037,0.00004,0.98956,0.00003
84.83088,0.48530,0.01383,0.00002,0.98612,0.00002
84.93382,0.48530,0.01169,0.00003,0.98826,0.00003
85.03677,0.48529,0.01386,0.00002,0.98610,0.00002
85.13971,0.48529,0.01329,0.00002,0.98665,0.00004
85.24265,0.48530,0.01472,0.00005,0.98517,0.00006
85.34559,0.48529,0.01543,0.00005,0.98448,0.00004
85.44853,0.48529,0.01431,0.00004,0.98561,0.00004
85.55147,0.48530,0.00943,0.00004,0.99050,0.00003
85.65441,0.48530,0.01191,0.00003,0.98802,0.00004
85.75735,0.48529,0.01222,0.00002,0.98774,0.00002
85.86029,0.48530,0.01579,0.00002,0.98416,0.00003
85.96323,0.48530,0.01311,0.00003,0.98683,0.00004
86.06618,0.48529,0.01150,0.00005,0.98839,0.00005
86.16912,0.48529,0.01400,0.00005,0.98591,0.00004
86.27206,0.48530,0.01465,0.00003,0.98529,0.00004
86.37500,0.48529,0.01218,0.00004,0.98775,0.00003
86.47794,0.48529,0.01046,0.00004,0.98947,0.00003
86.58088,0.48530,0.01267,0.00002,0.98728,0.00002
86.68382,0.48530,0.01115,0.00002,0.98882,0.00002
86.78677,0.48529,0.01024,0.00002,0.98972,0.00002
86.88971,0.48529,0.00984,0.00003,0.99009,0.00004
86.99265,0.48530,0.01131,0.00005,0.98860,0.00005
87.09559,0.48529,0.01450,0.00006,0.98540,0.00004
87.19853,0.48529,0.01271,0.00005,0.98719,0.00005
87.30147,0.48530,0.01311,0.00004,0.98682,0.00004
87.40441,0.48530,0.01240,0.00004,0.98753,0.00003
87.50735,0.48529,0.01675,0.00002,0.98321,0.00002
87.61029,0.48530,0.01490,0.00002,0.98505,0.00003
87.71323,0.48530,0.01191,0.00003,0.98804,0.00003
87.81618,0.48529,0.01056,0.00003,0.98937,0.00004
87.91912,0.48529,0.01345,0.00005,0.98646,0.00004
88.02206,0.48530,0.01483,0.00004,0.98508,0.00004
88.12500,0.48529,0.01287,0.00004,0.98705,0.00004
88.22794,0.48529,0.01564,0.00004,0.98429,0.00004
88.33088,0.48530,0.01178,0.00003,0.98816,0.00003
88.43382,0.48530,0.02083,0.00003,0.97911,0.00003
88.53677,0.48529,0.01351,0.00003,0.98643,0.00003
88.63971,0.48529,0.01244,0.00003,0.98749,0.00004
88.74265,0.48530,0.01398,0.00004,0.98594,0.00004
88.84559,0.48529,0.01395,0.00005,0.98595,0.00004
88.94853,0.48529,0.01670,0.00004,0.98323,0.00004
89.05147,0.48530,0.01173,0.00003,0.98821,0.00003
89.15441,0.48530,0.00843,0.00003,0.99152,0.00003
89.25735,0.48529,0.01446,0.00003,0.98548,0.00003
89.36029,0.48530,0.01024,0.00002,0.98972,0.00002
89.46323,0.48530,0.01305,0.00004,0.98686,0.00005
89.56618,0.48529,0.01339,0.00003,0.98653,0.00004
89.66912,0.48529,0.01553,0.00006,0.98437,0.00004
89.77206,0.48530,0.01477,0.00005,0.98512,0.00005
89.87500,0.48529,0.01484,0.00005,0.98507,0.00004
89.97794,0.48529,0.01143,0.00005,0.98848,0.00005
90.08088,0.48530,0.01342,0.00003,0.98652,0.00003
90.18382,0.48530,0.01327,0.00003,0.98667,0.00003
90.28677,0.48529,0.01111,0.00002,0.98884,0.00003
90.38971,0.48529,0.01061,0.00004,0.98931,0.00004
90.49265,0.48530,0.01499,0.00004,0.98493,0.00004
90.59559,0.48529,0.01708,0.00006,0.98281,0.00005
90.69853,0.48529,0.01931,0.00003,0.98062,0.00004
90.80147,0.48530,0.01412,0.00005,0.98579,0.00004
90.90441,0.48530,0.01465,0.00003,0.98529,0.00003
91.00735,0.48529,0.01725,0.00002,0.98270,0.00003
91.11029,0.48530,0.01317,0.00002,0.98678,0.00003
91.21323,0.48530,0.01180,0.00005,0.98810,0.00005
91.31618,0.48529,0.01208,0.00005,0.98783,0.00004
91.41912,0.48529,0.01549,0.00004,0.98443,0.00005
91.52206,0.48530,0.01411,0.00004,0.98581,0.00004
91.62500,0.48529,0.01234,0.00004,0.98758,0.00004
91.72794,0.48529,0.01457,0.00004,0.98533,0.00005
91.83088,0.48530,0.01103,0.00003,0.98891,0.00003
91.93382,0.48530,0.01572,0.00002,0.98423,0.00003
92.03677,0.48529,0.01843,0.00005,0.98146,0.00006
92.13971,0.48529,0.01585,0.00003,0.98408,0.00004
92.24265,0.48530,0.01679,0.00006,0.98311,0.00005
92.34559,0.48529,0.02093,0.00005,0.97897,0.00005
92.44853,0.48529,0.01276,0.00003,0.98718,0.00003
92.55147,0.48530,0.01356,0.00004,0.98636,0.00004
92.65441,0.48530,0.01539,0.00003,0.98454,0.00003
92.75735,0.48529,0.01144,0.00002,0.98851,0.00003
92.86029,0.48530,0.01317,0.00003,0.98676,0.00004
92.96323,0.48530,0.01615,0.00005,0.98373,0.00007
93.06618,0.48529,0.01109,0.00004,0.98883,0.00004
93.16912,0.48529,0.01532,0.00007,0.98456,0.00005
93.27206,0.48530,0.01407,0.00003,0.98587,0.00003
93.37500,0.48529,0.01327,0.00005,0.98664,0.00004
93.47794,0.48529,0.01286,0.00003,0.98708,0.00003
93.58088,0.48530,0.01323,0.00002,0.98672,0.00002
93.68382,0.48530,0.01137,0.00001,0.98860,0.00002
93.78677,0.48529,0.01225,0.00003,0.98768,0.00004
93.88971,0.48529,0.01310,0.00004,0.98680,0.00005
93.99265,0.48530,0.01453,0.00003,0.98540,0.00004
94.09559,0.48529,0.01642,0.00004,0.98349,0.00005
94.19853,0.48529,0.01329,0.00005,0.98660,0.00005
94.30147,0.48530,0.01419,0.00003,0.98576,0.00003
94.40441,0.48530,0.01377,0.00003,0.98617,0.00003
94.50735,0.48529,0.01173,0.00002,0.98823,0.00002
94.61029,0.48530,0.01230,0.00002,0.98765,0.00003
94.71323,0.48530,0.01080,0.00003,0.98913,0.00004
94.81618,0.48529,0.01147,0.00006,0.98841,0.00005
94.91912,0.48529,0.01021,0.00004,0.98972,0.00003
95.02206,0.48530,0.01606,0.00004,0.98385,0.00005
95.12500,0.48529,0.01981,0.00006,0.98009,0.00005
95.22794,0.48529,0.01353,0.00003,0.98641,0.00003
95.33088,0.48530,0.01489,0.00002,0.98507,0.00002
95.43382,0.48530,0.00997,0.00002,0.98999,0.00002
95.53677,0.48529,0.00960,0.00003,0.99034,0.00003
95.63971,0.48529,0.01088,0.00004,0.98904,0.00004
95.74265,0.48530,0.00871,0.00003,0.99123,0.00004
95.84559,0.48529,0.01078,0.00004,0.98914,0.00004
95.94853,0.48529,0.01251,0.00003,0.98742,0.00004
96.05147,0.48530,0.01217,0.00003,0.98777,0.00003
96.15441,0.48530,0.01221,0.00003,0.98773,0.00003
96.25735,0.48529,0.01886,0.00002,0.98110,0.00002
96.36029,0.48530,0.01113,0.00002,0.98882,0.00003
96.46323,0.48530,0.00939,0.00003,0.99055,0.00003
96.56618,0.48529,0.01170,0.00004,0.98823,0.00003
96.66912,0.48529,0.01297,0.00005,0.98694,0.00004
96.77206,0.48530,0.01474,0.00005,0.98517,0.00005
96.87500,0.48529,0.01096,0.00004,0.98898,0.00003
96.97794,0.48529,0.01264,0.00003,0.98730,0.00003
97.08088,0.48530,0.01345,0.00002,0.98651,0.00002
97.18382,0.48530,0.01382,0.00002,0.98614,0.00002
97.28677,0.48529,0.01405,0.00004,0.98587,0.00005
97.38971,0.48529,0.01382,0.00004,0.98610,0.00004
97.49265,0.48530,0.01977,0.00007,0.98009,0.00007
97.59559,0.48529,0.02274,0.00004,0.97718,0.00004
97.69853,0.48529,0.01596,0.00005,0.98395,0.00004
97.80147,0.48530,0.01720,0.00005,0.98272,0.00004
97.90441,0.48530,0.01222,0.00003,0.98771,0.00003
98.00735,0.48529,0.01149,0.00002,0.98847,0.00002
98.11029,0.48530,0.01268,0.00003,0.98725,0.00005
98.21323,0.48530,0.01209,0.00003,0.98784,0.00004
98.31618,0.48529,0.01575,0.00005,0.98415,0.00006
98.41912,0.48529,0.01699,0.00004,0.98293,0.00004
98.52206,0.48530,0.01218,0.00004,0.98774,0.00004
98.62500,0.48529,0.01381,0.00004,0.98610,0.00004
98.72794,0.48529,0.01081,0.00004,0.98911,0.00004
98.83088,0.48530,0.01535,0.00002,0.98459,0.00003
98.93382,0.48530,0.01183,0.00002,0.98812,0.00003
99.03677,0.48529,0.00961,0.00003,0.99033,0.00003
99.13971,0.48529,0.01123,0.00004,0.98869,0.00004
99.24265,0.48530,0.01256,0.00004,0.98736,0.00004
99.34559,0.48529,0.01098,0.00004,0.98894,0.00004
99.44853,0.48529,0.00989,0.00003,0.99005,0.00003
99.55147,0.48530,0.01303,0.00004,0.98687,0.00005
99.65441,0.48530,0.01679,0.00002,0.98316,0.00002
99.75735,0.48529,0.01795,0.00002,0.98200,0.00002
99.86029,0.48530,0.01328,0.00004,0.98664,0.00004
99.96323,0.48530,0.01521,0.00003,0.98472,0.00003
100.06618,0.48529,0.01861,0.00005,0.98129,0.00005
100.16912,0.48529,0.02063,0.00003,0.97930,0.00004
100.27206,0.48530,0.01690,0.00007,0.98296,0.00007
100.37500,0.48529,0.00971,0.00002,0.99025,0.00002
100.47794,0.48529,0.01026,0.00003,0.98968,0.00003
100.58088,0.48530,0.01134,0.00002,0.98862,0.00002
100.68382,0.48530,0.01083,0.00003,0.98911,0.00004
100.78677,0.48529,0.00993,0.00003,0.99001,0.00003
100.88971,0.48529,0.01146,0.00007,0.98843,0.00005
100.99265,0.48530,0.01348,0.00004,0.98645,0.00003
101.09559,0.48529,0.01440,0.00004,0.98553,0.00004
101.19853,0.48529,0.01093,0.00003,0.98901,0.00003
101.30147,0.48530,0.01635,0.00004,0.98358,0.00003
101.40441,0.48530,0.01288,0.00002,0.98708,0.00002
101.50735,0.48529,0.01156,0.00002,0.98838,0.00003
101.61029,0.48530,0.01127,0.00002,0.98868,0.00003
101.71323,0.48530,0.01328,0.00005,0.98663,0.00004
101.81618,0.48529,0.01447,0.00005,0.98545,0.00003
101.91912,0.48529,0.01521,0.00003,0.98472,0.00003
102.02206,0.48530,0.01082,0.00004,0.98910,0.00004
102.12500,0.48529,0.01286,0.00004,0.98707,0.00003
102.22794,0.48529,0.01307,0.00002,0.98689,0.00002
102.33088,0.48530,0.01171,0.00002,0.98825,0.00002
102.43382,0.48530,0.01254,0.00002,0.98741,0.00003
102.53677,0.48529,0.01059,0.00003,0.98933,0.00004
102.63971,0.48529,0.01049,0.00004,0.98942,0.00004
102.74265,0.48530,0.01482,0.00004,0.98509,0.00005
102.84559,0.48529,0.02507,0.00006,0.97481,0.00006
102.94853,0.48529,0.01551,0.00005,0.98440,0.00004
103.05147,0.48530,0.01589,0.00004,0.98405,0.00003
103.15441,0.48530,0.01609,0.00003,0.98386,0.00002
103.25735,0.48529,0.01375,0.00002,0.98619,0.00003
103.36029,0.48530,0.00966,0.00003,0.99027,0.00003
103.46323,0.48530,0.01007,0.00004,0.98985,0.00004
103.56618,0.48529,0.01463,0.00004,0.98529,0.00003
103.66912,0.48529,0.01765,0.00005,0.98226,0.00005
103.77206,0.48530,0.01568,0.00004,0.98423,0.00004
103.87500,0.48529,0.01629,0.00004,0.98364,0.00004
103.97794,0.48529,0.01694,0.00003,0.98300,0.00003
104.08088,0.48530,0.01294,0.00002,0.98700,0.00003
104.18382,0.48530,0.01374,0.00003,0.98620,0.00004
104.28677,0.48529,0.01325,0.00004,0.98667,0.00004
104.38971,0.48529,0.01272,0.00007,0.98716,0.00005
104.49265,0.48530,0.01766,0.00004,0.98226,0.00004
104.59559,0.48529,0.01131,0.00004,0.98861,0.00003
104.69853,0.48529,0.01026,0.00003,0.98968,0.00003
104.80147,0.48530,0.01226,0.00003,0.98768,0.00003
104.90441,0.48530,0.01178,0.00002,0.98817,0.00003
105.00735,0.48529,0.01337,0.00002,0.98658,0.00003
105.11029,0.48530,0.01816,0.00003,0.98176,0.00005
105.21323,0.48530,0.01741,0.00004,0.98251,0.00004
105.31618,0.48529,0.01516,0.00006,0.98473,0.00005
105.41912,0.48529,0.01227,0.00003,0.98766,0.00004
105.52206,0.48530,0.01114,0.00004,0.98880,0.00002
105.62500,0.48529,0.01603,0.00004,0.98389,0.00004
105.72794,0.48529,0.02005,0.00002,0.97991,0.00002
105.83088,0.48530,0.01355,0.00002,0.98641,0.00002
105.93382,0.48530,0.01444,0.00003,0.98548,0.00005
106.03677,0.48529,0.01652,0.00003,0.98341,0.00004
106.13971,0.48529,0.01536,0.00005,0.98454,0.00005
106.24265,0.48530,0.01620,0.00005,0.98371,0.00004
106.34559,0.48529,0.01240,0.00003,0.98753,0.00003
106.44853,0.48529,0.01071,0.00004,0.98921,0.00004
106.55147,0.48530,0.01396,0.00003,0.98597,0.00003
106.65441,0.48530,0.01277,0.00002,0.98718,0.00003
106.75735,0.48529,0.01238,0.00002,0.98758,0.00003
106.86029,0.48530,0.01421,0.00004,0.98570,0.00004
106.96323,0.48530,0.01492,0.00005,0.98499,0.00004
107.06618,0.48529,0.01313,0.00003,0.98680,0.00003
107.16912,0.48529,0.01665,0.00003,0.98327,0.00005
107.27206,0.48530,0.01087,0.00006,0.98903,0.00005
107.37500,0.48529,0.01361,0.00004,0.98631,0.00004
107.47794,0.48529,0.01216,0.00003,0.98779,0.00002
107.58088,0.48530,0.00891,0.00002,0.99105,0.00002
107.68382,0.48530,0.01664,0.00003,0.98330,0.00003
107.78677,0.48529,0.01330,0.00004,0.98660,0.00005
107.88971,0.48529,0.01615,0.00006,0.98374,0.00006
107.99265,0.48530,0.01368,0.00005,0.98622,0.00004
108.09559,0.48529,0.01397,0.00004,0.98595,0.00004
108.19853,0.48529,0.01606,0.00003,0.98387,0.00004
108.30147,0.48530,0.01526,0.00003,0.98467,0.00003
108.40441,0.48530,0.01412,0.00002,0.98584,0.00002
108.50735,0.48529,0.01188,0.00003,0.98804,0.00005
108.61029,0.48530,0.01186,0.00004,0.98806,0.00004
108.71323,0.48530,0.01307,0.00006,0.98684,0.00004
108.81618,0.48529,0.01159,0.00003,0.98835,0.00003
108.91912,0.48529,0.01249,0.00003,0.98744,0.00004
109.02206,0.48530,0.01034,0.00003,0.98960,0.00003
109.12500,0.48529,0.01659,0.00003,0.98335,0.00003
109.22794,0.48529,0.01361,0.00003,0.98634,0.00003
109.33088,0.48530,0.01047,0.00002,0.98948,0.00003
109.43382,0.48530,0.01168,0.00003,0.98824,0.00004
109.53677,0.48529,0.00988,0.00003,0.99006,0.00004
109.63971,0.48529,0.01364,0.00004,0.98628,0.00004
109.74265,0.48530,0.01970,0.00004,0.98021,0.00005
109.84559,0.48529,0.01810,0.00006,0.98180,0.00005
109.94853,0.48529,0.01219,0.00003,0.98776,0.00003
110.05147,0.48530,0.01400,0.00003,0.98594,0.00003
110.15441,0.48530,0.01425,0.00002,0.98570,0.00002
110.25735,0.48529,0.01889,0.00003,0.98104,0.00004
110.36029,0.48530,0.01101,0.00003,0.98892,0.00004
110.46323,0.48530,0.00991,0.00004,0.99000,0.00004
110.56618,0.48529,0.00991,0.00004,0.99002,0.00003
110.66912,0.48529,0.01186,0.00006,0.98804,0.00004
110.77206,0.48530,0.01287,0.00006,0.98703,0.00004
110.87500,0.48529,0.01255,0.00002,0.98740,0.00002
110.97794,0.48529,0.01663,0.00002,0.98333,0.00002
111.08088,0.48530,0.01234,0.00002,0.98761,0.00003
111.18382,0.48530,0.01013,0.00003,0.98981,0.00004
111.28677,0.48529,0.01012,0.00003,0.98981,0.00003
111.38971,0.48529,0.01303,0.00005,0.98687,0.00004
111.49265,0.48530,0.02141,0.00005,0.97849,0.00004
111.59559,0.48529,0.01315,0.00004,0.98678,0.00003
111.69853,0.48529,0.01524,0.00003,0.98468,0.00004
111.80147,0.48530,0.01208,0.00002,0.98787,0.00003
111.90441,0.48530,0.01613,0.00003,0.98381,0.00003
112.00735,0.48529,0.01274,0.00003,0.98720,0.00003
112.11029,0.48530,0.01092,0.00004,0.98899,0.00005
112.21323,0.48530,0.01311,0.00006,0.98680,0.00004
112.31618,0.48529,0.01512,0.00006,0.98478,0.00004
112.41912,0.48529,0.01312,0.00004,0.98680,0.00004
112.52206,0.48530,0.01068,0.00004,0.98925,0.00003
112.62500,0.48529,0.01544,0.00002,0.98452,0.00002
112.72794,0.48529,0.01485,0.00002,0.98510,0.00003
112.83088,0.48530,0.01806,0.00003,0.98186,0.00005
112.93382,0.48530,0.01630,0.00003,0.98363,0.00004
113.03677,0.48529,0.01507,0.00004,0.98485,0.00004
113.13971,0.48529,0.01891,0.00006,0.98099,0.00004
113.24265,0.48530,0.01682,0.00005,0.98309,0.00004
113.34559,0.48529,0.01313,0.00003,0.98681,0.00003
113.44853,0.48529,0.01433,0.00002,0.98562,0.00003
113.55147,0.48530,0.01657,0.00002,0.98338,0.00002
113.65441,0.48530,0.01877,0.00002,0.98118,0.00003
113.75735,0.48529,0.01148,0.00003,0.98846,0.00003
113.86029,0.48530,0.01353,0.00003,0.98641,0.00003
113.96323,0.48530,0.01511,0.00005,0.98479,0.00005
114.06618,0.48529,0.02078,0.00005,0.97913,0.00004
114.16912,0.48529,0.01618,0.00003,0.98375,0.00003
114.27206,0.48530,0.01568,0.00005,0.98422,0.00004
114.37500,0.48529,0.01507,0.00005,0.98484,0.00004
114.47794,0.48529,0.01880,0.00002,0.98116,0.00002
114.58088,0.48530,0.01277,0.00003,0.98716,0.00004
114.68382,0.48530,0.01184,0.00003,0.98810,0.00003
114.78677,0.48529,0.02382,0.00008,0.97603,0.00007
114.88971,0.48529,0.01459,0.00006,0.98530,0.00005
114.99265,0.48530,0.01386,0.00004,0.98606,0.00004
115.09559,0.48529,0.01369,0.00005,0.98623,0.00004
115.19853,0.48529,0.01477,0.00004,0.98515,0.00004
115.30147,0.48530,0.01314,0.00002,0.98682,0.00002
115.40441,0.48530,0.01447,0.00003,0.98547,0.00003
115.50735,0.48529,0.01179,0.00003,0.98814,0.00004
115.61029,0.48530,0.01253,0.00003,0.98741,0.00003
115.71323,0.48530,0.01364,0.00004,0.98627,0.00004
115.81618,0.48529,0.01186,0.00003,0.98807,0.00003
115.91912,0.48529,0.01256,0.00004,0.98737,0.00003
116.02206,0.48530,0.01346,0.00003,0.98647,0.00004
116.12500,0.48529,0.01652,0.00002,0.98344,0.00002
116.22794,0.48529,0.01744,0.00002,0.98252,0.00003
116.33088,0.48530,0.02314,0.00003,0.97679,0.00005
116.43382,0.48530,0.01331,0.00003,0.98662,0.00004
116.53677,0.48529,0.01798,0.00007,0.98188,0.00007
116.63971,0.48529,0.01276,0.00004,0.98716,0.00004
116.74265,0.48530,0.01413,0.00004,0.98579,0.00004
116.84559,0.48529,0.01223,0.00005,0.98768,0.00004
116.94853,0.48529,0.01836,0.00003,0.98157,0.00004
117.05147,0.48530,0.00972,0.00002,0.99024,0.00002
117.15441,0.48530,0.01250,0.00002,0.98745,0.00003
117.25735,0.48529,0.01618,0.00003,0.98375,0.00004
117.36029,0.48530,0.01230,0.00009,0.98756,0.00006
117.46323,0.48530,0.01053,0.00004,0.98940,0.00003
117.56618,0.48529,0.01662,0.00003,0.98331,0.00004
117.66912,0.48529,0.01607,0.00003,0.98387,0.00003
117.77206,0.48530,0.01433,0.00003,0.98561,0.00003
117.87500,0.48529,0.01491,0.00002,0.98504,0.00003
117.97794,0.48529,0.01114,0.00002,0.98883,0.00002
118.08088,0.48530,0.01090,0.00003,0.98903,0.00003
118.18382,0.48530,0.01005,0.00003,0.98988,0.00004
118.28677,0.48529,0.01338,0.00005,0.98654,0.00004
118.38971,0.48529,0.01712,0.00004,0.98280,0.00005
118.49265,0.48530,0.01457,0.00005,0.98533,0.00005
118.59559,0.48529,0.01292,0.00005,0.98698,0.00004
118.69853,0.48529,0.01263,0.00003,0.98731,0.00003
118.80147,0.48530,0.00947,0.00003,0.99049,0.00002
118.90441,0.48530,0.01097,0.00002,0.98899,0.00002
119.00735,0.48529,0.01038,0.00003,0.98954,0.00004
119.11029,0.48530,0.01053,0.00005,0.98938,0.00005
119.21323,0.48530,0.01229,0.00003,0.98765,0.00003
119.31618,0.48529,0.01531,0.00005,0.98459,0.00005
119.41912,0.48529,0.01231,0.00004,0.98761,0.00004
119.52206,0.48530,0.01523,0.00004,0.98470,0.00004
119.62500,0.48529,0.01387,0.00002,0.98608,0.00002
119.72794,0.48529,0.01232,0.00002,0.98763,0.00003
119.83088,0.48530,0.01119,0.00003,0.98875,0.00003
119.93382,0.48530,0.01113,0.00004,0.98880,0.00004
120.03677,0.48529,0.01099,0.00004,0.98894,0.00003
120.13971,0.48529,0.01366,0.00004,0.98626,0.00004
120.24265,0.48530,0.01430,0.00005,0.98560,0.00005
120.34559,0.48529,0.01449,0.00003,0.98546,0.00003
120.44853,0.48529,0.01314,0.00002,0.98682,0.00003
