Time (seconds), Duration (seconds),pred_unlabelled,pred_Dry,pred_Wet,pred_Touch
0.00735,0.48529,0.05061,0.93516,0.01097,0.00326
0.11029,0.48529,0.05061,0.93516,0.01097,0.00326
0.21324,0.48529,0.05061,0.93516,0.01097,0.00326
0.31618,0.48529,0.05061,0.93516,0.01097,0.00326
0.41912,0.48529,0.05061,0.93516,0.01097,0.00326
0.52206,0.48529,0.05061,0.93516,0.01097,0.00326
0.62500,0.48529,0.05061,0.93516,0.01097,0.00326
0.72794,0.48529,0.05061,0.93516,0.01097,0.00326
0.83088,0.48529,0.05061,0.93516,0.01097,0.00326
0.93382,0.48529,0.05061,0.93516,0.01097,0.00326
1.03676,0.48529,0.05061,0.93516,0.01097,0.00326
1.13971,0.48529,0.05061,0.93516,0.01097,0.00326
1.24265,0.48529,0.05061,0.93516,0.01097,0.00326
1.34559,0.48529,0.05061,0.93516,0.01097,0.00326
1.44853,0.48529,0.57063,0.18735,0.23317,0.00885
1.55147,0.48529,0.94871,0.00223,0.04883,0.00023
1.65441,0.48529,0.97015,0.00227,0.02743,0.00016
1.75735,0.48529,0.89229,0.00284,0.10382,0.00105
1.86029,0.48529,0.61710,0.00421,0.37809,0.00060
1.96324,0.48529,0.98338,0.00004,0.01643,0.00014
2.06618,0.48529,0.99553,0.00084,0.00090,0.00274
2.16912,0.48529,0.98075,0.00129,0.01336,0.00460
2.27206,0.48529,0.03880,0.00033,0.00610,0.95478
2.37500,0.48529,0.99563,0.00003,0.00118,0.00317
2.47794,0.48529,0.99661,0.00022,0.00308,0.00009
2.58088,0.48529,0.99250,0.00024,0.00675,0.00051
2.68382,0.48529,0.99150,0.00508,0.00218,0.00123
2.78676,0.48529,0.89578,0.01705,0.07428,0.01289
2.88971,0.48529,0.32527,0.56084,0.09596,0.01793
2.99265,0.48529,0.05061,0.93516,0.01097,0.00326
3.09559,0.48529,0.05061,0.93516,0.01097,0.00326
3.19853,0.48529,0.05061,0.93516,0.01097,0.00326
3.30147,0.48529,0.05061,0.93516,0.01097,0.00326
3.40441,0.48529,0.05061,0.93516,0.01097,0.00326
3.50735,0.48529,0.05061,0.93516,0.01097,0.00326
3.61029,0.48529,0.05061,0.93516,0.01097,0.00326
3.71324,0.48529,0.05061,0.93516,0.01097,0.00326
3.81618,0.48529,0.71830,0.03938,0.23356,0.00876
3.91912,0.48529,0.87074,0.01304,0.11492,0.00129
4.02206,0.48529,0.99932,0.00027,0.00027,0.00014
4.12500,0.48529,0.99143,0.00393,0.00110,0.00354
4.22794,0.48529,0.99620,0.00089,0.00153,0.00137
4.33088,0.48529,0.27027,0.00201,0.00349,0.72423
4.43382,0.48529,0.55461,0.00049,0.00460,0.44030
4.53676,0.48529,0.99746,0.00024,0.00201,0.00029
4.63971,0.48529,0.97478,0.00015,0.02499,0.00008
4.74265,0.48529,0.97745,0.01797,0.00113,0.00344
4.84559,0.48529,0.96783,0.01274,0.01694,0.00249
4.94853,0.48529,0.71276,0.19993,0.06814,0.01918
5.05147,0.48529,0.05061,0.93516,0.01097,0.00326
5.15441,0.48529,0.05061,0.93516,0.01097,0.00326
5.25735,0.48529,0.05061,0.93516,0.01097,0.00326
5.36029,0.48529,0.05061,0.93516,0.01097,0.00326
5.46324,0.48529,0.05061,0.93516,0.01097,0.00326
5.56618,0.48529,0.05061,0.93516,0.01097,0.00326
5.66912,0.48529,0.05061,0.93516,0.01097,0.00326
5.77206,0.48529,0.61126,0.12518,0.25130,0.01226
5.87500,0.48529,0.84777,0.01404,0.13727,0.00092
5.97794,0.48529,0.99578,0.00195,0.00213,0.00014
6.08088,0.48529,0.99591,0.00199,0.00065,0.00146
6.18382,0.48529,0.99027,0.00535,0.00171,0.00267
6.28676,0.48529,0.04664,0.00046,0.00057,0.95232
6.38971,0.48529,0.97925,0.00017,0.00188,0.01870
6.49265,0.48529,0.99869,0.00023,0.00105,0.00002
6.59559,0.48529,0.98978,0.00041,0.00967,0.00014
6.69853,0.48529,0.99461,0.00461,0.00051,0.00027
6.80147,0.48529,0.93434,0.02182,0.03342,0.01042
6.90441,0.48529,0.61672,0.21989,0.13746,0.02593
7.00735,0.48529,0.05061,0.93516,0.01097,0.00326
7.11029,0.48529,0.05061,0.93516,0.01097,0.00326
7.21324,0.48529,0.05061,0.93516,0.01097,0.00326
7.31618,0.48529,0.05061,0.93516,0.01097,0.00326
7.41912,0.48529,0.05061,0.93516,0.01097,0.00326
7.52206,0.48529,0.65636,0.06142,0.27193,0.01029
7.62500,0.48529,0.83140,0.02039,0.14680,0.00141
7.72794,0.48529,0.99944,0.00010,0.00033,0.00013
7.83088,0.48529,0.98978,0.00307,0.00081,0.00634
7.93382,0.48529,0.99475,0.00151,0.00161,0.00213
8.03677,0.48529,0.59962,0.00663,0.00699,0.38676
8.13971,0.48529,0.26346,0.00018,0.00199,0.73437
8.24265,0.48529,0.99908,0.00000,0.00064,0.00028
8.34559,0.48529,0.98912,0.00003,0.01082,0.00003
8.44853,0.48529,0.98256,0.00046,0.01644,0.00054
8.55147,0.48529,0.98595,0.00276,0.00988,0.00142
8.65441,0.48529,0.94815,0.00842,0.04025,0.00319
8.75735,0.48529,0.60121,0.22714,0.14071,0.03093
8.86029,0.48529,0.34546,0.48780,0.15164,0.01510
8.96323,0.48529,0.75530,0.03821,0.19829,0.00820
9.06618,0.48529,0.90183,0.01232,0.08524,0.00061
9.16912,0.48529,0.93362,0.00401,0.06189,0.00048
9.27206,0.48529,0.86541,0.00613,0.12802,0.00043
9.37500,0.48529,0.99792,0.00007,0.00192,0.00009
9.47794,0.48529,0.99591,0.00114,0.00073,0.00222
9.58088,0.48529,0.98628,0.00077,0.00552,0.00743
9.68382,0.48529,0.07460,0.00032,0.00193,0.92314
9.78677,0.48529,0.84565,0.00028,0.00932,0.14475
9.88971,0.48529,0.99840,0.00002,0.00149,0.00009
9.99265,0.48529,0.99388,0.00001,0.00610,0.00001
10.09559,0.48529,0.97792,0.00190,0.01925,0.00094
10.19853,0.48529,0.99273,0.00026,0.00621,0.00079
10.30147,0.48529,0.98282,0.00254,0.01354,0.00110
10.40441,0.48529,0.92683,0.04636,0.02411,0.00269
10.50735,0.48529,0.83848,0.09795,0.04705,0.01652
10.61029,0.48529,0.22197,0.65508,0.10877,0.01418
10.71323,0.48529,0.75015,0.10294,0.13680,0.01011
10.81618,0.48529,0.94948,0.00509,0.04494,0.00048
10.91912,0.48529,0.95669,0.00165,0.04147,0.00020
11.02206,0.48529,0.96449,0.00928,0.02533,0.00090
11.12500,0.48529,0.94899,0.00074,0.04794,0.00232
11.22794,0.48529,0.97479,0.00124,0.02282,0.00115
11.33088,0.48529,0.98867,0.00168,0.00570,0.00394
11.43382,0.48529,0.07888,0.00068,0.00091,0.91953
11.53677,0.48529,0.89624,0.00347,0.00354,0.09675
11.63971,0.48529,0.99887,0.00043,0.00061,0.00009
11.74265,0.48529,0.98596,0.00006,0.01396,0.00003
11.84559,0.48529,0.94729,0.03981,0.00669,0.00620
11.94853,0.48529,0.98465,0.00522,0.00810,0.00203
12.05147,0.48529,0.71386,0.14043,0.11664,0.02907
12.15441,0.48529,0.05061,0.93516,0.01097,0.00326
12.25735,0.48529,0.05061,0.93516,0.01097,0.00326
12.36029,0.48529,0.05061,0.93516,0.01097,0.00326
12.46323,0.48529,0.05061,0.93516,0.01097,0.00326
12.56618,0.48529,0.62696,0.07089,0.29129,0.01086
12.66912,0.48529,0.91807,0.01213,0.06848,0.00132
12.77206,0.48529,0.99259,0.00417,0.00147,0.00177
12.87500,0.48529,0.94825,0.03279,0.01290,0.00606
12.97794,0.48529,0.98364,0.00390,0.00149,0.01097
13.08088,0.48529,0.17280,0.00130,0.00028,0.82562
13.18382,0.48529,0.77495,0.00778,0.00165,0.21562
13.28677,0.48529,0.99862,0.00027,0.00080,0.00032
13.38971,0.48529,0.98014,0.00010,0.01971,0.00005
13.49265,0.48529,0.97427,0.01784,0.00395,0.00394
13.59559,0.48529,0.97159,0.01010,0.01574,0.00257
13.69853,0.48529,0.76820,0.15027,0.06255,0.01898
13.80147,0.48529,0.05061,0.93516,0.01097,0.00326
13.90441,0.48529,0.05061,0.93516,0.01097,0.00326
14.00735,0.48529,0.05061,0.93516,0.01097,0.00326
14.11029,0.48529,0.05061,0.93516,0.01097,0.00326
14.21323,0.48529,0.83127,0.02786,0.13604,0.00482
14.31618,0.48529,0.95571,0.00745,0.03625,0.00060
14.41912,0.48529,0.99403,0.00291,0.00129,0.00177
14.52206,0.48529,0.97796,0.01189,0.00757,0.00259
14.62500,0.48529,0.98610,0.00377,0.00121,0.00893
14.72794,0.48529,0.59750,0.00355,0.00070,0.39825
14.83088,0.48529,0.03462,0.00164,0.00100,0.96274
14.93382,0.48529,0.71134,0.00666,0.00315,0.27884
15.03677,0.48529,0.99849,0.00051,0.00059,0.00041
15.13971,0.48529,0.98090,0.00005,0.01901,0.00004
15.24265,0.48529,0.96671,0.02169,0.00799,0.00362
15.34559,0.48529,0.97885,0.00701,0.01137,0.00276
15.44853,0.48529,0.69997,0.15228,0.12285,0.02490
15.55147,0.48529,0.05061,0.93516,0.01097,0.00326
15.65441,0.48529,0.05061,0.93516,0.01097,0.00326
15.75735,0.48529,0.54448,0.18190,0.25333,0.02029
15.86029,0.48529,0.86942,0.00801,0.12160,0.00097
15.96323,0.48530,0.99784,0.00070,0.00120,0.00026
16.06618,0.48529,0.99761,0.00054,0.00061,0.00124
16.16912,0.48529,0.99577,0.00190,0.00092,0.00140
16.27206,0.48529,0.93154,0.00417,0.00190,0.06239
16.37500,0.48529,0.16913,0.00153,0.00082,0.82852
16.47794,0.48529,0.06324,0.00267,0.00109,0.93301
16.58088,0.48529,0.99012,0.00026,0.00082,0.00880
16.68382,0.48529,0.99739,0.00026,0.00227,0.00007
16.78676,0.48529,0.98167,0.00030,0.01797,0.00006
16.88971,0.48529,0.99803,0.00126,0.00036,0.00035
16.99265,0.48529,0.97513,0.00196,0.02109,0.00182
17.09559,0.48529,0.68336,0.16049,0.13750,0.01865
17.19853,0.48529,0.33677,0.54598,0.09888,0.01837
17.30147,0.48529,0.30083,0.50877,0.17291,0.01749
17.40441,0.48529,0.81598,0.04524,0.13474,0.00404
17.50735,0.48529,0.95650,0.00393,0.03947,0.00010
17.61029,0.48529,0.99503,0.00212,0.00266,0.00019
17.71324,0.48529,0.99129,0.00229,0.00136,0.00506
17.81618,0.48529,0.98769,0.00518,0.00321,0.00393
17.91912,0.48529,0.77305,0.00721,0.00162,0.21812
18.02206,0.48529,0.08187,0.00233,0.00267,0.91314
18.12500,0.48529,0.99313,0.00023,0.00072,0.00592
18.22794,0.48529,0.99826,0.00042,0.00127,0.00004
18.33088,0.48529,0.96575,0.00146,0.03239,0.00040
18.43382,0.48529,0.99367,0.00355,0.00168,0.00110
18.53676,0.48529,0.96203,0.01042,0.02216,0.00539
18.63971,0.48529,0.69021,0.14507,0.14285,0.02187
18.74265,0.48529,0.05061,0.93516,0.01097,0.00326
18.84559,0.48529,0.05061,0.93516,0.01097,0.00326
18.94853,0.48529,0.05061,0.93516,0.01097,0.00326
19.05147,0.48529,0.84192,0.01637,0.13934,0.00237
19.15441,0.48529,0.98991,0.00455,0.00503,0.00051
19.25735,0.48529,0.99242,0.00192,0.00331,0.00234
19.36029,0.48529,0.99568,0.00260,0.00082,0.00090
19.46324,0.48529,0.93844,0.01305,0.00113,0.04739
19.56618,0.48529,0.07734,0.00049,0.00197,0.92020
19.66912,0.48529,0.36847,0.00667,0.00289,0.62197
19.77206,0.48529,0.99941,0.00029,0.00015,0.00015
19.87500,0.48529,0.99834,0.00052,0.00112,0.00002
19.97794,0.48529,0.99671,0.00068,0.00191,0.00070
20.08088,0.48529,0.99247,0.00432,0.00215,0.00105
20.18382,0.48529,0.92107,0.01290,0.05599,0.01004
20.28676,0.48529,0.34832,0.53111,0.10176,0.01881
20.38971,0.48529,0.05061,0.93516,0.01097,0.00326
20.49265,0.48529,0.05061,0.93516,0.01097,0.00326
20.59559,0.48529,0.78426,0.03347,0.17714,0.00513
20.69853,0.48529,0.99531,0.00205,0.00240,0.00024
20.80147,0.48529,0.99156,0.00160,0.00416,0.00268
20.90441,0.48529,0.99793,0.00065,0.00065,0.00077
21.00735,0.48529,0.94049,0.01301,0.00101,0.04550
21.11029,0.48529,0.18483,0.00038,0.00140,0.81339
21.21324,0.48529,0.04936,0.00337,0.00114,0.94613
21.31618,0.48529,0.99347,0.00104,0.00025,0.00525
21.41912,0.48529,0.99846,0.00058,0.00091,0.00006
21.52206,0.48529,0.99321,0.00034,0.00637,0.00008
21.62500,0.48529,0.98719,0.00926,0.00090,0.00266
21.72794,0.48529,0.96074,0.01042,0.02334,0.00551
21.83088,0.48529,0.05061,0.93516,0.01097,0.00326
21.93382,0.48529,0.05061,0.93516,0.01097,0.00326
22.03676,0.48529,0.05061,0.93516,0.01097,0.00326
22.13971,0.48529,0.05061,0.93516,0.01097,0.00326
22.24265,0.48529,0.05061,0.93516,0.01097,0.00326
22.34559,0.48529,0.82264,0.01899,0.15348,0.00489
22.44853,0.48529,0.99278,0.00323,0.00384,0.00015
22.55147,0.48529,0.99325,0.00169,0.00403,0.00103
22.65441,0.48529,0.99566,0.00138,0.00067,0.00228
22.75735,0.48529,0.93728,0.01353,0.00100,0.04819
22.86029,0.48529,0.31539,0.00126,0.01736,0.66599
22.96324,0.48529,0.23724,0.00773,0.00481,0.75022
23.06618,0.48529,0.99714,0.00089,0.00035,0.00162
23.16912,0.48529,0.99727,0.00040,0.00229,0.00004
23.27206,0.48529,0.97250,0.00901,0.01488,0.00361
23.37500,0.48529,0.98887,0.00596,0.00396,0.00122
23.47794,0.48529,0.86341,0.03432,0.08358,0.01869
23.58088,0.48529,0.05061,0.93516,0.01097,0.00326
23.68382,0.48529,0.05061,0.93516,0.01097,0.00326
23.78676,0.48529,0.22984,0.64121,0.11440,0.01455
23.88971,0.48529,0.80974,0.02531,0.16073,0.00422
23.99265,0.48529,0.98560,0.00663,0.00739,0.00038
24.09559,0.48529,0.99561,0.00051,0.00276,0.00112
24.19853,0.48529,0.98641,0.01036,0.00188,0.00135
24.30147,0.48529,0.93486,0.01675,0.00172,0.04667
24.40441,0.48529,0.28037,0.00184,0.00355,0.71424
24.50735,0.48529,0.04612,0.00309,0.00076,0.95003
24.61029,0.48529,0.99167,0.00046,0.00052,0.00735
24.71324,0.48529,0.99852,0.00043,0.00102,0.00004
24.81618,0.48529,0.98475,0.00055,0.01451,0.00019
24.91912,0.48529,0.98439,0.01120,0.00139,0.00302
25.02206,0.48529,0.93091,0.01534,0.04539,0.00836
25.12500,0.48529,0.05061,0.93516,0.01097,0.00326
25.22794,0.48529,0.05061,0.93516,0.01097,0.00326
25.33088,0.48529,0.05061,0.93516,0.01097,0.00326
25.43382,0.48529,0.58927,0.10356,0.29028,0.01688
25.53676,0.48529,0.95398,0.00552,0.03986,0.00064
25.63971,0.48529,0.99705,0.00231,0.00055,0.00009
25.74265,0.48529,0.99191,0.00352,0.00292,0.00165
25.84559,0.48529,0.99636,0.00079,0.00061,0.00224
25.94853,0.48529,0.67066,0.00380,0.00020,0.32535
26.05147,0.48529,0.06065,0.00099,0.00074,0.93762
26.15441,0.48529,0.98313,0.00151,0.00050,0.01487
26.25735,0.48529,0.99595,0.00124,0.00274,0.00007
26.36029,0.48529,0.97118,0.00081,0.02736,0.00065
26.46324,0.48529,0.98930,0.00873,0.00047,0.00151
26.56618,0.48529,0.81756,0.06460,0.09934,0.01850
26.66912,0.48529,0.05061,0.93516,0.01097,0.00326
26.77206,0.48529,0.05061,0.93516,0.01097,0.00326
26.87500,0.48529,0.05061,0.93516,0.01097,0.00326
26.97794,0.48529,0.36315,0.39201,0.22156,0.02328
27.08088,0.48529,0.91751,0.01636,0.06449,0.00164
27.18382,0.48529,0.98947,0.00119,0.00930,0.00004
27.28676,0.48529,0.99862,0.00013,0.00079,0.00047
27.38971,0.48529,0.97044,0.00924,0.01865,0.00166
27.49265,0.48529,0.98252,0.00498,0.00339,0.00911
27.59559,0.48529,0.34952,0.00202,0.00084,0.64762
27.69853,0.48529,0.07840,0.00203,0.00087,0.91871
27.80147,0.48529,0.99138,0.00023,0.00069,0.00770
27.90441,0.48529,0.99732,0.00058,0.00200,0.00010
28.00735,0.48529,0.98265,0.00066,0.01635,0.00034
28.11029,0.48529,0.98724,0.00886,0.00131,0.00260
28.21324,0.48529,0.93723,0.01560,0.03949,0.00768
28.31618,0.48529,0.05061,0.93516,0.01097,0.00326
28.41912,0.48529,0.05061,0.93516,0.01097,0.00326
28.52206,0.48529,0.05061,0.93516,0.01097,0.00326
28.62500,0.48529,0.05061,0.93516,0.01097,0.00326
28.72794,0.48529,0.59580,0.08693,0.30452,0.01276
28.83088,0.48529,0.90318,0.01040,0.08519,0.00122
28.93382,0.48529,0.99954,0.00015,0.00027,0.00005
29.03676,0.48529,0.98613,0.00732,0.00144,0.00511
29.13971,0.48529,0.99283,0.00187,0.00154,0.00376
29.24265,0.48529,0.85384,0.01181,0.00348,0.13087
29.34559,0.48529,0.05476,0.00013,0.00045,0.94466
29.44853,0.48529,0.98796,0.00020,0.00091,0.01092
29.55147,0.48529,0.99836,0.00004,0.00151,0.00009
29.65441,0.48529,0.97079,0.00020,0.02896,0.00005
29.75735,0.48529,0.99824,0.00070,0.00030,0.00076
29.86029,0.48529,0.98843,0.00213,0.00746,0.00198
29.96324,0.48529,0.86883,0.04613,0.07640,0.00863
30.06618,0.48529,0.64906,0.28444,0.04918,0.01733
30.16912,0.48529,0.05061,0.93516,0.01097,0.00326
30.27206,0.48529,0.05061,0.93516,0.01097,0.00326
30.37500,0.48529,0.30707,0.58551,0.09250,0.01492
30.47794,0.48529,0.75783,0.03820,0.20098,0.00300
30.58088,0.48529,0.96778,0.00213,0.02997,0.00011
30.68382,0.48529,0.99780,0.00111,0.00085,0.00024
30.78676,0.48529,0.98979,0.00364,0.00408,0.00248
30.88971,0.48529,0.99474,0.00076,0.00207,0.00243
30.99265,0.48529,0.43945,0.00489,0.00044,0.55522
31.09559,0.48529,0.43691,0.00133,0.00396,0.55780
31.19853,0.48529,0.99871,0.00007,0.00059,0.00064
31.30147,0.48529,0.99391,0.00012,0.00594,0.00003
31.40441,0.48529,0.99172,0.00204,0.00528,0.00096
31.50735,0.48529,0.99636,0.00218,0.00073,0.00073
31.61029,0.48529,0.94681,0.01521,0.03098,0.00699
31.71324,0.48529,0.35046,0.55540,0.08267,0.01147
31.81618,0.48529,0.05061,0.93516,0.01097,0.00326
31.91912,0.48529,0.05061,0.93516,0.01097,0.00326
32.02206,0.48529,0.05061,0.93516,0.01097,0.00326
32.12500,0.48529,0.78339,0.01895,0.19500,0.00265
32.22794,0.48529,0.97659,0.00805,0.01481,0.00055
32.33088,0.48529,0.99613,0.00071,0.00214,0.00101
32.43382,0.48529,0.98160,0.01182,0.00529,0.00128
32.53677,0.48529,0.95490,0.01374,0.00447,0.02689
32.63971,0.48529,0.03863,0.00012,0.00019,0.96106
32.74265,0.48529,0.83270,0.00739,0.00262,0.15729
32.84559,0.48529,0.99673,0.00071,0.00201,0.00055
32.94853,0.48529,0.98201,0.00008,0.01785,0.00006
33.05147,0.48529,0.96475,0.02529,0.00351,0.00644
33.15441,0.48529,0.97977,0.00809,0.00987,0.00227
33.25735,0.48529,0.69413,0.21253,0.07251,0.02083
33.36029,0.48529,0.05061,0.93516,0.01097,0.00326
33.46323,0.48529,0.05061,0.93516,0.01097,0.00326
33.56618,0.48529,0.05061,0.93516,0.01097,0.00326
33.66912,0.48529,0.05061,0.93516,0.01097,0.00326
33.77206,0.48529,0.28248,0.54376,0.15688,0.01688
33.87500,0.48529,0.88996,0.01482,0.09334,0.00188
33.97794,0.48529,0.97623,0.01770,0.00511,0.00096
34.08088,0.48529,0.98269,0.00271,0.01148,0.00312
34.18382,0.48529,0.99040,0.00507,0.00081,0.00372
34.28677,0.48529,0.76052,0.00605,0.00072,0.23272
34.38971,0.48529,0.06206,0.00190,0.00228,0.93377
34.49265,0.48529,0.99139,0.00055,0.00044,0.00762
34.59559,0.48529,0.99740,0.00107,0.00144,0.00009
34.69853,0.48529,0.98540,0.00047,0.01402,0.00011
34.80147,0.48529,0.99001,0.00862,0.00034,0.00102
34.90441,0.48529,0.97162,0.00719,0.01636,0.00482
35.00735,0.48529,0.42736,0.38865,0.16880,0.01519
35.11029,0.48529,0.05061,0.93516,0.01097,0.00326
35.21323,0.48529,0.05061,0.93516,0.01097,0.00326
35.31618,0.48529,0.05061,0.93516,0.01097,0.00326
35.41912,0.48529,0.05061,0.93516,0.01097,0.00326
35.52206,0.48529,0.05061,0.93516,0.01097,0.00326
35.62500,0.48529,0.57892,0.09638,0.31195,0.01275
35.72794,0.48529,0.92738,0.01082,0.06065,0.00116
35.83088,0.48529,0.98476,0.00911,0.00428,0.00185
35.93382,0.48529,0.96477,0.00507,0.02763,0.00253
36.03677,0.48529,0.96208,0.00589,0.00372,0.02831
36.13971,0.48529,0.66314,0.00363,0.00086,0.33237
36.24265,0.48529,0.04041,0.00260,0.00141,0.95558
36.34559,0.48529,0.95539,0.00481,0.00113,0.03866
36.44853,0.48529,0.99898,0.00048,0.00048,0.00006
36.55147,0.48529,0.98465,0.00042,0.01487,0.00006
36.65441,0.48529,0.97710,0.01978,0.00095,0.00216
36.75735,0.48529,0.97021,0.00903,0.01815,0.00262
36.86029,0.48529,0.66512,0.22535,0.08948,0.02004
36.96323,0.48529,0.05061,0.93516,0.01097,0.00326
37.06618,0.48529,0.05061,0.93516,0.01097,0.00326
37.16912,0.48529,0.05061,0.93516,0.01097,0.00326
37.27206,0.48529,0.05061,0.93516,0.01097,0.00326
37.37500,0.48529,0.65190,0.18657,0.14629,0.01524
37.47794,0.48529,0.89509,0.00844,0.09566,0.00081
37.58088,0.48529,0.99722,0.00142,0.00123,0.00013
37.68382,0.48529,0.99475,0.00350,0.00047,0.00127
37.78677,0.48529,0.99519,0.00151,0.00081,0.00248
37.88971,0.48529,0.82940,0.01682,0.00060,0.15317
37.99265,0.48529,0.10481,0.00069,0.00176,0.89273
38.09559,0.48529,0.99484,0.00017,0.00057,0.00442
38.19853,0.48529,0.99746,0.00090,0.00158,0.00006
38.30147,0.48529,0.98495,0.00102,0.01353,0.00050
38.40441,0.48529,0.99020,0.00688,0.00169,0.00124
38.50735,0.48529,0.92187,0.01424,0.05287,0.01103
38.61029,0.48529,0.34138,0.48942,0.15207,0.01713
38.71323,0.48529,0.05061,0.93516,0.01097,0.00326
38.81618,0.48529,0.05061,0.93516,0.01097,0.00326
38.91912,0.48529,0.05061,0.93516,0.01097,0.00326
39.02206,0.48529,0.05061,0.93516,0.01097,0.00326
39.12500,0.48529,0.23011,0.68935,0.06826,0.01228
39.22794,0.48529,0.80615,0.04279,0.14711,0.00395
39.33088,0.48529,0.95606,0.00564,0.03803,0.00028
39.43382,0.48529,0.99708,0.00134,0.00143,0.00015
39.53677,0.48529,0.99564,0.00307,0.00057,0.00072
39.63971,0.48529,0.99054,0.00209,0.00357,0.00380
39.74265,0.48529,0.42088,0.00480,0.00102,0.57329
39.84559,0.48529,0.36038,0.00160,0.00605,0.63197
39.94853,0.48529,0.99776,0.00072,0.00047,0.00106
40.05147,0.48529,0.99487,0.00004,0.00508,0.00002
40.15441,0.48529,0.98042,0.00846,0.00898,0.00215
40.25735,0.48529,0.98984,0.00572,0.00275,0.00169
40.36029,0.48529,0.82850,0.06980,0.07949,0.02221
40.46323,0.48529,0.05061,0.93516,0.01097,0.00326
40.56618,0.48529,0.05061,0.93516,0.01097,0.00326
40.66912,0.48529,0.05061,0.93516,0.01097,0.00326
40.77206,0.48529,0.05061,0.93516,0.01097,0.00326
40.87500,0.48529,0.52476,0.19924,0.25631,0.01969
40.97794,0.48529,0.80495,0.01341,0.18016,0.00148
41.08088,0.48529,0.95815,0.01397,0.02756,0.00032
41.18382,0.48529,0.98869,0.00138,0.00922,0.00071
41.28677,0.48529,0.99746,0.00114,0.00066,0.00075
41.38971,0.48529,0.98301,0.00413,0.00801,0.00486
41.49265,0.48529,0.15034,0.00183,0.00110,0.84673
41.59559,0.48529,0.83764,0.00415,0.00319,0.15502
41.69853,0.48529,0.99918,0.00023,0.00052,0.00007
41.80147,0.48529,0.99264,0.00013,0.00721,0.00002
41.90441,0.48529,0.96462,0.02261,0.00591,0.00686
42.00735,0.48529,0.99093,0.00375,0.00436,0.00096
42.11029,0.48529,0.79041,0.05963,0.12692,0.02304
42.21323,0.48529,0.05061,0.93516,0.01097,0.00326
42.31618,0.48529,0.05061,0.93516,0.01097,0.00326
42.41912,0.48529,0.05061,0.93516,0.01097,0.00326
42.52206,0.48529,0.53522,0.18979,0.25495,0.02003
42.62500,0.48529,0.81428,0.01486,0.16941,0.00145
42.72794,0.48529,0.93870,0.00921,0.05149,0.00059
42.83088,0.48529,0.98517,0.00052,0.01292,0.00139
42.93382,0.48529,0.99495,0.00308,0.00107,0.00089
43.03677,0.48529,0.95653,0.00923,0.00241,0.03183
43.13971,0.48529,0.52672,0.00120,0.00411,0.46797
43.24265,0.48529,0.08606,0.00390,0.00195,0.90808
43.34559,0.48529,0.99520,0.00078,0.00023,0.00379
43.44853,0.48529,0.99774,0.00084,0.00136,0.00005
43.55147,0.48529,0.98615,0.00188,0.01144,0.00053
43.65441,0.48529,0.99393,0.00393,0.00100,0.00114
43.75735,0.48529,0.95280,0.01418,0.02903,0.00399
43.86029,0.48529,0.55559,0.33476,0.08995,0.01970
43.96323,0.48529,0.05061,0.93516,0.01097,0.00326
44.06618,0.48529,0.05061,0.93516,0.01097,0.00326
44.16912,0.48529,0.05061,0.93516,0.01097,0.00326
44.27206,0.48529,0.25561,0.65475,0.07646,0.01319
44.37500,0.48529,0.87896,0.03510,0.08310,0.00284
44.47794,0.48529,0.99965,0.00006,0.00026,0.00002
44.58088,0.48529,0.99454,0.00395,0.00031,0.00119
44.68382,0.48529,0.99427,0.00267,0.00084,0.00221
44.78677,0.48529,0.70500,0.03862,0.00361,0.25278
44.88971,0.48529,0.22762,0.00029,0.00315,0.76894
44.99265,0.48529,0.99836,0.00003,0.00068,0.00093
45.09559,0.48529,0.99592,0.00031,0.00369,0.00009
45.19853,0.48529,0.99010,0.00086,0.00819,0.00085
45.30147,0.48529,0.99231,0.00514,0.00159,0.00096
45.40441,0.48529,0.91725,0.01539,0.05565,0.01171
45.50735,0.48529,0.05061,0.93516,0.01097,0.00326
45.61029,0.48529,0.05061,0.93516,0.01097,0.00326
45.71323,0.48529,0.05061,0.93516,0.01097,0.00326
45.81618,0.48529,0.05061,0.93516,0.01097,0.00326
45.91912,0.48529,0.05061,0.93516,0.01097,0.00326
46.02206,0.48529,0.79715,0.01758,0.18291,0.00236
46.12500,0.48529,0.95839,0.01300,0.02797,0.00064
46.22794,0.48529,0.99403,0.00436,0.00057,0.00105
46.33088,0.48529,0.98021,0.01474,0.00414,0.00091
46.43382,0.48529,0.98656,0.00516,0.00225,0.00604
46.53677,0.48529,0.09649,0.00027,0.00030,0.90294
46.63971,0.48529,0.75697,0.00915,0.00301,0.23086
46.74265,0.48529,0.99928,0.00008,0.00049,0.00014
46.84559,0.48529,0.99336,0.00009,0.00654,0.00002
46.94853,0.48529,0.97645,0.01226,0.00408,0.00721
47.05147,0.48529,0.99346,0.00354,0.00224,0.00076
47.15441,0.48529,0.88792,0.02608,0.06976,0.01624
47.25735,0.48529,0.05061,0.93516,0.01097,0.00326
47.36029,0.48529,0.05061,0.93516,0.01097,0.00326
47.46323,0.48529,0.05061,0.93516,0.01097,0.00326
47.56618,0.48529,0.05061,0.93516,0.01097,0.00326
47.66912,0.48529,0.79311,0.03714,0.16341,0.00634
47.77206,0.48529,0.88781,0.00652,0.10521,0.00047
47.87500,0.48529,0.99887,0.00063,0.00024,0.00026
47.97794,0.48529,0.99558,0.00066,0.00116,0.00260
48.08088,0.48529,0.99797,0.00019,0.00063,0.00121
48.18382,0.48529,0.92767,0.00557,0.00244,0.06432
48.28677,0.48529,0.03268,0.00004,0.00007,0.96721
48.38971,0.48529,0.99251,0.00020,0.00044,0.00685
48.49265,0.48529,0.99661,0.00022,0.00304,0.00013
48.59559,0.48529,0.98048,0.00026,0.01916,0.00011
48.69853,0.48529,0.99289,0.00561,0.00031,0.00118
48.80147,0.48529,0.96096,0.01169,0.02398,0.00336
48.90441,0.48529,0.57995,0.30526,0.09475,0.02004
49.00735,0.48529,0.05061,0.93516,0.01097,0.00326
49.11029,0.48529,0.05061,0.93516,0.01097,0.00326
49.21323,0.48529,0.05061,0.93516,0.01097,0.00326
49.31618,0.48529,0.24796,0.66523,0.07391,0.01290
49.41912,0.48529,0.81168,0.03770,0.14725,0.00337
49.52206,0.48529,0.98912,0.00352,0.00712,0.00025
49.62500,0.48529,0.99829,0.00006,0.00151,0.00014
49.72794,0.48529,0.98191,0.01029,0.00639,0.00141
49.83088,0.48529,0.94913,0.00787,0.00351,0.03948
49.93382,0.48529,0.03882,0.00011,0.00024,0.96083
50.03677,0.48529,0.99136,0.00033,0.00070,0.00761
50.13971,0.48529,0.99777,0.00033,0.00185,0.00006
50.24265,0.48529,0.98978,0.00069,0.00916,0.00036
50.34559,0.48529,0.99164,0.00649,0.00093,0.00095
50.44853,0.48529,0.94796,0.01297,0.02983,0.00925
50.55147,0.48529,0.05061,0.93516,0.01097,0.00326
50.65441,0.48529,0.05061,0.93516,0.01097,0.00326
50.75735,0.48529,0.05061,0.93516,0.01097,0.00326
50.86029,0.48529,0.05061,0.93516,0.01097,0.00326
50.96323,0.48529,0.20358,0.69043,0.08764,0.01835
51.06618,0.48529,0.92114,0.00586,0.07210,0.00090
51.16912,0.48529,0.97587,0.00429,0.01964,0.00020
51.27206,0.48529,0.99722,0.00046,0.00138,0.00094
51.37500,0.48529,0.96862,0.00898,0.01930,0.00311
51.47794,0.48529,0.96962,0.00543,0.00669,0.01825
51.58088,0.48529,0.02327,0.00016,0.00015,0.97642
51.68382,0.48529,0.97608,0.00125,0.00060,0.02206
51.78677,0.48529,0.99918,0.00012,0.00065,0.00006
51.88971,0.48529,0.98413,0.00020,0.01563,0.00004
51.99265,0.48529,0.98465,0.01134,0.00141,0.00260
52.09559,0.48529,0.98840,0.00435,0.00634,0.00092
52.19853,0.48529,0.80102,0.07258,0.10179,0.02461
52.30147,0.48529,0.05061,0.93516,0.01097,0.00326
52.40441,0.48529,0.05061,0.93516,0.01097,0.00326
52.50735,0.48529,0.05061,0.93516,0.01097,0.00326
52.61029,0.48529,0.05061,0.93516,0.01097,0.00326
52.71323,0.48529,0.59603,0.14306,0.24803,0.01288
52.81618,0.48529,0.89939,0.01012,0.08960,0.00089
52.91912,0.48529,0.96361,0.01692,0.01088,0.00859
53.02206,0.48529,0.99028,0.00265,0.00478,0.00229
53.12500,0.48529,0.98500,0.00286,0.00299,0.00915
53.22794,0.48529,0.78650,0.00822,0.00042,0.20487
53.33088,0.48529,0.07714,0.00221,0.00138,0.91928
53.43382,0.48529,0.06550,0.00370,0.00131,0.92949
53.53677,0.48529,0.99675,0.00017,0.00045,0.00264
53.63971,0.48529,0.99746,0.00073,0.00178,0.00003
53.74265,0.48529,0.98582,0.00132,0.01261,0.00025
53.84559,0.48529,0.99333,0.00433,0.00145,0.00090
53.94853,0.48529,0.92610,0.02689,0.03997,0.00704
54.05147,0.48529,0.59092,0.24701,0.14018,0.02188
54.15441,0.48529,0.05061,0.93516,0.01097,0.00326
54.25735,0.48529,0.47127,0.23853,0.26979,0.02041
54.36029,0.48529,0.90341,0.00976,0.08551,0.00132
54.46323,0.48529,0.97581,0.00457,0.01943,0.00019
54.56618,0.48529,0.98492,0.00031,0.01385,0.00092
54.66912,0.48529,0.98001,0.00402,0.01178,0.00419
54.77206,0.48529,0.92997,0.00487,0.01428,0.05088
54.87500,0.48529,0.29508,0.00135,0.00232,0.70125
54.97794,0.48529,0.05186,0.00466,0.00194,0.94155
55.08088,0.48529,0.97427,0.00852,0.00038,0.01683
55.18382,0.48529,0.99803,0.00051,0.00134,0.00013
55.28677,0.48529,0.98553,0.00047,0.01374,0.00026
55.38971,0.48529,0.95644,0.03985,0.00188,0.00184
55.49265,0.48529,0.88430,0.05338,0.04437,0.01796
55.59559,0.48529,0.05061,0.93516,0.01097,0.00326
55.69853,0.48529,0.05061,0.93516,0.01097,0.00326
55.80147,0.48529,0.05061,0.93516,0.01097,0.00326
55.90441,0.48529,0.05061,0.93516,0.01097,0.00326
56.00735,0.48529,0.73872,0.03491,0.21810,0.00827
56.11029,0.48529,0.87476,0.01913,0.10508,0.00103
56.21323,0.48529,0.98504,0.00177,0.01299,0.00020
56.31618,0.48529,0.99628,0.00011,0.00315,0.00046
56.41912,0.48529,0.99450,0.00229,0.00206,0.00114
56.52206,0.48529,0.96929,0.00863,0.00152,0.02056
56.62500,0.48529,0.33745,0.00112,0.00221,0.65922
56.72794,0.48529,0.06555,0.00442,0.00355,0.92647
56.83088,0.48529,0.06762,0.00569,0.00412,0.92257
56.93382,0.48529,0.06496,0.00567,0.00399,0.92538
57.03677,0.48529,0.03153,0.00349,0.00191,0.96307
57.13971,0.48529,0.67382,0.00662,0.00267,0.31689
57.24265,0.48529,0.99958,0.00005,0.00031,0.00006
57.34559,0.48529,0.99283,0.00002,0.00715,0.00001
57.44853,0.48529,0.97423,0.01221,0.00998,0.00358
57.55147,0.48529,0.99294,0.00017,0.00673,0.00016
57.65441,0.48529,0.92807,0.00136,0.06944,0.00113
57.75735,0.48529,0.87242,0.01370,0.11300,0.00088
57.86029,0.48529,0.86642,0.01067,0.12187,0.00104
57.96323,0.48529,0.98762,0.00035,0.00957,0.00246
58.06618,0.48529,0.97305,0.00623,0.01791,0.00282
58.16912,0.48529,0.97829,0.00330,0.00398,0.01442
58.27206,0.48529,0.46724,0.00104,0.00155,0.53017
58.37500,0.48529,0.05657,0.00247,0.00214,0.93881
58.47794,0.48529,0.06310,0.00498,0.00418,0.92775
58.58088,0.48529,0.04274,0.00438,0.00275,0.95013
58.68382,0.48529,0.87874,0.00302,0.00246,0.11578
58.78677,0.48529,0.99959,0.00007,0.00031,0.00003
58.88971,0.48529,0.99262,0.00004,0.00733,0.00000
58.99265,0.48529,0.94511,0.00134,0.05208,0.00147
59.09559,0.48529,0.94312,0.00069,0.05430,0.00189
59.19853,0.48529,0.87685,0.00084,0.12160,0.00071
59.30147,0.48529,0.99504,0.00083,0.00396,0.00016
59.40441,0.48529,0.97320,0.00320,0.02283,0.00077
59.50735,0.48529,0.86776,0.00241,0.12840,0.00143
59.61029,0.48529,0.70782,0.02324,0.26485,0.00409
59.71323,0.48529,0.80789,0.04024,0.14801,0.00386
59.81618,0.48529,0.95735,0.02013,0.02153,0.00099
59.91912,0.48529,0.80231,0.14432,0.03617,0.01720
60.02206,0.48529,0.76909,0.11565,0.08790,0.02736
60.12500,0.48529,0.05061,0.93516,0.01097,0.00326
60.22794,0.48529,0.05061,0.93516,0.01097,0.00326
60.33088,0.48529,0.75630,0.03896,0.19892,0.00581
60.43382,0.48529,0.86351,0.00769,0.12844,0.00036
60.53677,0.48529,0.99692,0.00038,0.00264,0.00006
60.63971,0.48529,0.98603,0.00742,0.00116,0.00538
60.74265,0.48529,0.89837,0.00207,0.00659,0.09297
60.84559,0.48529,0.35538,0.00247,0.05536,0.58679
60.94853,0.48529,0.99773,0.00002,0.00218,0.00006
61.05147,0.48529,0.98270,0.00091,0.01628,0.00010
61.15441,0.48529,0.99589,0.00236,0.00108,0.00068
61.25735,0.48529,0.96396,0.00552,0.02519,0.00533
61.36029,0.48529,0.72267,0.11269,0.14339,0.02125
61.46323,0.48529,0.05061,0.93516,0.01097,0.00326
61.56618,0.48529,0.05061,0.93516,0.01097,0.00326
61.66912,0.48529,0.05061,0.93516,0.01097,0.00326
61.77206,0.48529,0.74324,0.06205,0.18268,0.01203
61.87500,0.48529,0.96078,0.00639,0.03242,0.00041
61.97794,0.48529,0.99520,0.00228,0.00170,0.00082
62.08088,0.48529,0.95520,0.00075,0.02917,0.01489
62.18382,0.48529,0.95695,0.00043,0.02009,0.02253
62.28677,0.48529,0.97388,0.00034,0.01237,0.01342
62.38971,0.48529,0.99414,0.00009,0.00571,0.00006
62.49265,0.48529,0.99508,0.00452,0.00008,0.00031
62.59559,0.48529,0.97443,0.00898,0.01439,0.00220
62.69853,0.48529,0.84755,0.08778,0.03772,0.02695
62.80147,0.48529,0.05061,0.93516,0.01097,0.00326
62.90441,0.48529,0.05061,0.93516,0.01097,0.00326
63.00735,0.48529,0.05061,0.93516,0.01097,0.00326
63.11029,0.48529,0.62756,0.26981,0.09242,0.01021
63.21323,0.48529,0.87013,0.00558,0.12396,0.00034
63.31618,0.48529,0.97448,0.00152,0.02388,0.00013
63.41912,0.48529,0.99856,0.00041,0.00092,0.00011
63.52206,0.48529,0.99817,0.00045,0.00055,0.00083
63.62500,0.48529,0.90774,0.00031,0.02943,0.06251
63.72794,0.48529,0.21988,0.00447,0.05515,0.72050
63.83088,0.48529,0.99212,0.00005,0.00562,0.00221
63.93382,0.48530,0.98177,0.00008,0.01814,0.00002
64.03677,0.48529,0.99036,0.00450,0.00354,0.00161
64.13971,0.48529,0.99661,0.00031,0.00273,0.00034
64.24265,0.48530,0.97891,0.00775,0.01030,0.00304
64.34559,0.48529,0.75698,0.20768,0.02724,0.00810
64.44853,0.48529,0.49091,0.37314,0.10755,0.02841
64.55147,0.48530,0.70798,0.10410,0.18159,0.00632
64.65441,0.48530,0.86423,0.00894,0.12643,0.00041
64.75735,0.48529,0.93479,0.00913,0.05561,0.00047
64.86029,0.48530,0.97596,0.00133,0.01938,0.00333
64.96323,0.48530,0.98689,0.00170,0.00930,0.00210
65.06618,0.48529,0.78067,0.00266,0.05318,0.16349
65.16912,0.48529,0.17483,0.00054,0.00853,0.81609
65.27206,0.48530,0.99875,0.00004,0.00120,0.00002
65.37500,0.48529,0.98922,0.00006,0.01071,0.00002
65.47794,0.48529,0.99566,0.00042,0.00286,0.00106
65.58088,0.48530,0.99270,0.00129,0.00541,0.00059
65.68382,0.48530,0.97658,0.00994,0.01176,0.00172
65.78677,0.48529,0.88083,0.07143,0.03290,0.01485
65.88971,0.48529,0.05061,0.93516,0.01097,0.00326
65.99265,0.48530,0.67648,0.09621,0.21241,0.01489
66.09559,0.48529,0.88352,0.00914,0.10620,0.00115
66.19853,0.48529,0.97893,0.00420,0.01665,0.00022
66.30147,0.48530,0.98301,0.00093,0.01403,0.00204
66.40441,0.48530,0.98712,0.00110,0.01005,0.00173
66.50735,0.48529,0.79553,0.00191,0.03416,0.16840
66.61029,0.48530,0.22270,0.00036,0.00750,0.76944
66.71323,0.48530,0.99812,0.00012,0.00173,0.00003
66.81618,0.48529,0.97699,0.00037,0.02234,0.00030
66.91912,0.48529,0.99647,0.00266,0.00067,0.00020
67.02206,0.48530,0.94557,0.01704,0.03075,0.00664
67.12500,0.48529,0.79562,0.08133,0.09360,0.02944
67.22794,0.48529,0.05061,0.93516,0.01097,0.00326
67.33088,0.48530,0.05061,0.93516,0.01097,0.00326
67.43382,0.48530,0.28248,0.54376,0.15688,0.01688
67.53677,0.48529,0.82217,0.02008,0.15496,0.00280
67.63971,0.48529,0.99588,0.00239,0.00151,0.00022
67.74265,0.48530,0.97456,0.00720,0.00774,0.01050
67.84559,0.48529,0.90534,0.00323,0.00905,0.08238
67.94853,0.48529,0.18002,0.00226,0.01243,0.80529
68.05147,0.48530,0.99415,0.00005,0.00522,0.00058
68.15441,0.48530,0.98406,0.00026,0.01566,0.00003
68.25735,0.48529,0.99655,0.00202,0.00067,0.00077
68.36029,0.48530,0.98112,0.00417,0.01178,0.00292
68.46323,0.48530,0.79007,0.08953,0.10301,0.01739
68.56618,0.48529,0.05061,0.93516,0.01097,0.00326
68.66912,0.48529,0.05061,0.93516,0.01097,0.00326
68.77206,0.48530,0.48472,0.22135,0.27332,0.02061
68.87500,0.48529,0.93464,0.00587,0.05872,0.00077
68.97794,0.48529,0.99519,0.00319,0.00150,0.00012
69.08088,0.48530,0.99362,0.00056,0.00318,0.00264
69.18382,0.48530,0.92977,0.00467,0.01903,0.04652
69.28677,0.48529,0.16298,0.00317,0.02180,0.81205
69.38971,0.48529,0.98310,0.00057,0.00904,0.00730
69.49265,0.48530,0.98997,0.00035,0.00966,0.00002
69.59559,0.48529,0.99154,0.00370,0.00272,0.00203
69.69853,0.48529,0.98584,0.00331,0.00923,0.00162
69.80147,0.48530,0.86969,0.03235,0.08616,0.01179
69.90441,0.48530,0.45354,0.40668,0.11697,0.02281
70.00735,0.48529,0.05061,0.93516,0.01097,0.00326
70.11029,0.48530,0.69598,0.11451,0.17262,0.01689
70.21323,0.48530,0.93010,0.00716,0.06200,0.00075
70.31618,0.48529,0.99946,0.00032,0.00019,0.00004
70.41912,0.48529,0.99495,0.00068,0.00094,0.00343
70.52206,0.48530,0.99414,0.00113,0.00297,0.00176
70.62500,0.48529,0.95725,0.00663,0.00207,0.03404
70.72794,0.48529,0.17723,0.00103,0.00091,0.82084
70.83088,0.48530,0.06799,0.00322,0.00365,0.92514
70.93382,0.48530,0.06781,0.00311,0.00405,0.92503
71.03677,0.48529,0.07020,0.00357,0.00396,0.92227
71.13971,0.48529,0.06309,0.00377,0.00353,0.92961
71.24265,0.48530,0.04670,0.00130,0.00093,0.95108
71.34559,0.48529,0.97783,0.00040,0.00102,0.02076
71.44853,0.48529,0.99870,0.00030,0.00086,0.00014
71.55147,0.48530,0.97207,0.00024,0.02758,0.00010
71.65441,0.48530,0.98571,0.01050,0.00103,0.00276
71.75735,0.48529,0.98111,0.00503,0.01141,0.00244
71.86029,0.48530,0.64021,0.25101,0.08689,0.02189
71.96323,0.48530,0.05061,0.93516,0.01097,0.00326
72.06618,0.48529,0.05061,0.93516,0.01097,0.00326
72.16912,0.48529,0.05061,0.93516,0.01097,0.00326
72.27206,0.48530,0.05061,0.93516,0.01097,0.00326
72.37500,0.48529,0.27561,0.55668,0.15111,0.01661
72.47794,0.48529,0.79765,0.02124,0.17795,0.00317
72.58088,0.48530,0.93603,0.00763,0.05616,0.00018
72.68382,0.48530,0.93734,0.02575,0.03594,0.00097
72.78677,0.48529,0.99400,0.00206,0.00366,0.00029
72.88971,0.48529,0.99774,0.00048,0.00096,0.00082
72.99265,0.48530,0.97713,0.00387,0.00960,0.00939
73.09559,0.48529,0.82287,0.00224,0.00263,0.17227
73.19853,0.48529,0.10081,0.00336,0.00244,0.89339
73.30147,0.48530,0.06871,0.00304,0.00369,0.92455
73.40441,0.48530,0.07381,0.00300,0.00375,0.91945
73.50735,0.48529,0.04684,0.00515,0.00225,0.94576
73.61029,0.48530,0.14816,0.00299,0.00226,0.84659
73.71323,0.48530,0.97686,0.00028,0.00238,0.02049
73.81618,0.48529,0.99848,0.00028,0.00116,0.00008
73.91912,0.48529,0.98994,0.00027,0.00967,0.00012
74.02206,0.48530,0.98216,0.01069,0.00430,0.00285
74.12500,0.48529,0.98478,0.00612,0.00638,0.00271
74.22794,0.48529,0.76713,0.08955,0.11594,0.02738
74.33088,0.48530,0.05061,0.93516,0.01097,0.00326
74.43382,0.48530,0.05061,0.93516,0.01097,0.00326
74.53677,0.48529,0.05061,0.93516,0.01097,0.00326
74.63971,0.48529,0.05061,0.93516,0.01097,0.00326
74.74265,0.48530,0.05061,0.93516,0.01097,0.00326
74.84559,0.48529,0.05061,0.93516,0.01097,0.00326
74.94853,0.48529,0.82165,0.01918,0.15413,0.00504
75.05147,0.48530,0.95319,0.00672,0.03984,0.00024
75.15441,0.48530,0.98368,0.00600,0.01004,0.00028
75.25735,0.48529,0.99749,0.00018,0.00159,0.00074
75.36029,0.48530,0.99646,0.00123,0.00121,0.00110
75.46323,0.48530,0.99223,0.00181,0.00160,0.00435
75.56618,0.48529,0.64540,0.00201,0.00228,0.35031
75.66912,0.48529,0.06678,0.00217,0.00157,0.92948
75.77206,0.48530,0.07197,0.00295,0.00332,0.92176
75.87500,0.48529,0.06132,0.00396,0.00286,0.93186
75.97794,0.48529,0.05139,0.00195,0.00121,0.94544
76.08088,0.48530,0.93709,0.00041,0.00293,0.05957
76.18382,0.48530,0.99933,0.00003,0.00057,0.00007
76.28677,0.48529,0.99412,0.00015,0.00570,0.00003
76.38971,0.48529,0.99819,0.00078,0.00053,0.00049
76.49265,0.48530,0.99500,0.00214,0.00247,0.00038
76.59559,0.48529,0.94424,0.01188,0.03131,0.01257
76.69853,0.48529,0.28912,0.56540,0.13118,0.01430
76.80147,0.48530,0.05061,0.93516,0.01097,0.00326
76.90441,0.48530,0.05061,0.93516,0.01097,0.00326
77.00735,0.48529,0.05061,0.93516,0.01097,0.00326
77.11029,0.48530,0.25356,0.59818,0.13262,0.01564
77.21323,0.48530,0.85259,0.01494,0.13024,0.00223
77.31618,0.48529,0.95319,0.01153,0.03503,0.00026
77.41912,0.48529,0.99207,0.00064,0.00708,0.00021
77.52206,0.48530,0.99868,0.00041,0.00050,0.00041
77.62500,0.48529,0.98806,0.00113,0.00774,0.00307
77.72794,0.48529,0.97570,0.00212,0.00122,0.02096
77.83088,0.48530,0.21409,0.00080,0.00253,0.78259
77.93382,0.48530,0.06463,0.00339,0.00297,0.92901
78.03677,0.48529,0.06297,0.00408,0.00362,0.92933
78.13971,0.48529,0.03267,0.00387,0.00171,0.96175
78.24265,0.48530,0.34091,0.00425,0.00397,0.65087
78.34559,0.48529,0.99579,0.00020,0.00072,0.00329
78.44853,0.48529,0.99744,0.00041,0.00213,0.00002
78.55147,0.48530,0.99039,0.00039,0.00892,0.00031
78.65441,0.48530,0.99164,0.00462,0.00271,0.00103
78.75735,0.48529,0.98488,0.00464,0.00785,0.00263
78.86029,0.48530,0.68389,0.15764,0.13015,0.02832
78.96323,0.48530,0.05061,0.93516,0.01097,0.00326
79.06618,0.48529,0.05061,0.93516,0.01097,0.00326
79.16912,0.48529,0.05061,0.93516,0.01097,0.00326
79.27206,0.48530,0.05061,0.93516,0.01097,0.00326
79.37500,0.48529,0.26871,0.56952,0.14545,0.01633
79.47794,0.48529,0.78359,0.02061,0.19300,0.00281
79.58088,0.48530,0.91586,0.01221,0.07158,0.00035
79.68382,0.48530,0.92348,0.00968,0.06649,0.00035
79.78677,0.48529,0.97986,0.00731,0.01205,0.00078
79.88971,0.48529,0.97710,0.00007,0.02246,0.00037
79.99265,0.48530,0.99461,0.00084,0.00208,0.00247
80.09559,0.48529,0.98763,0.00403,0.00127,0.00708
80.19853,0.48529,0.37393,0.00208,0.00466,0.61933
80.30147,0.48530,0.07369,0.00361,0.00362,0.91907
80.40441,0.48530,0.06677,0.00581,0.00452,0.92290
80.50735,0.48529,0.06187,0.00610,0.00387,0.92815
80.61029,0.48530,0.03808,0.00519,0.00240,0.95433
80.71323,0.48530,0.42184,0.00536,0.00645,0.56636
80.81618,0.48529,0.99502,0.00073,0.00083,0.00343
80.91912,0.48529,0.99964,0.00005,0.00030,0.00001
81.02206,0.48530,0.97652,0.00340,0.01971,0.00037
81.12500,0.48529,0.99253,0.00161,0.00488,0.00098
81.22794,0.48529,0.98332,0.00295,0.00990,0.00383
81.33088,0.48530,0.87890,0.03327,0.07567,0.01216
81.43382,0.48530,0.05061,0.93516,0.01097,0.00326
81.53677,0.48529,0.05061,0.93516,0.01097,0.00326
81.63971,0.48529,0.22197,0.65508,0.10877,0.01418
81.74265,0.48530,0.74992,0.06110,0.18366,0.00532
81.84559,0.48529,0.89969,0.00510,0.09500,0.00021
81.94853,0.48529,0.97056,0.00718,0.02188,0.00038
82.05147,0.48530,0.99506,0.00041,0.00314,0.00139
82.15441,0.48530,0.99090,0.00305,0.00415,0.00190
82.25735,0.48529,0.98694,0.00318,0.00217,0.00770
82.36029,0.48530,0.62443,0.00163,0.00247,0.37147
82.46323,0.48530,0.07299,0.00214,0.00343,0.92144
82.56618,0.48529,0.06941,0.00356,0.00442,0.92261
82.66912,0.48529,0.07400,0.00419,0.00478,0.91703
82.77206,0.48530,0.07057,0.00387,0.00423,0.92133
82.87500,0.48529,0.06148,0.00460,0.00364,0.93028
82.97794,0.48529,0.03807,0.00335,0.00184,0.95674
83.08088,0.48530,0.74269,0.00197,0.00518,0.25016
83.18382,0.48530,0.99915,0.00015,0.00047,0.00022
83.28677,0.48529,0.99673,0.00047,0.00279,0.00002
83.38971,0.48529,0.99334,0.00143,0.00344,0.00178
83.49265,0.48530,0.98907,0.00506,0.00403,0.00184
83.59559,0.48529,0.96676,0.00767,0.01985,0.00571
83.69853,0.48529,0.40828,0.40292,0.16642,0.02238
83.80147,0.48530,0.05061,0.93516,0.01097,0.00326
83.90441,0.48530,0.05061,0.93516,0.01097,0.00326
84.00735,0.48529,0.76321,0.06554,0.15874,0.01251
84.11029,0.48530,0.90559,0.00683,0.08698,0.00060
84.21323,0.48530,0.98269,0.00131,0.01591,0.00009
84.31618,0.48529,0.98865,0.00490,0.00568,0.00078
84.41912,0.48529,0.98745,0.00220,0.00853,0.00182
84.52206,0.48530,0.89971,0.00481,0.09273,0.00275
84.62500,0.48529,0.10012,0.00036,0.89845,0.00107
84.72794,0.48529,0.05780,0.00030,0.94149,0.00040
84.83088,0.48530,0.05689,0.00034,0.94222,0.00054
84.93382,0.48530,0.17115,0.00062,0.82726,0.00097
85.03677,0.48529,0.93803,0.00004,0.06148,0.00044
85.13971,0.48529,0.98757,0.00001,0.01206,0.00037
85.24265,0.48530,0.97325,0.00021,0.02460,0.00194
85.34559,0.48529,0.91534,0.00096,0.07309,0.01061
85.44853,0.48529,0.45265,0.00024,0.54114,0.00597
85.55147,0.48530,0.39577,0.00029,0.60053,0.00341
85.65441,0.48530,0.45264,0.00060,0.54179,0.00497
85.75735,0.48529,0.73146,0.00237,0.24520,0.02097
85.86029,0.48530,0.99277,0.00175,0.00372,0.00176
85.96323,0.48530,0.99900,0.00039,0.00060,0.00001
86.06618,0.48529,0.98949,0.00022,0.01029,0.00001
86.16912,0.48529,0.97897,0.00110,0.01885,0.00109
86.27206,0.48530,0.98733,0.00337,0.00814,0.00116
86.37500,0.48529,0.95776,0.01266,0.02439,0.00519
86.47794,0.48529,0.69615,0.14394,0.13037,0.02954
86.58088,0.48530,0.05061,0.93516,0.01097,0.00326
86.68382,0.48530,0.05061,0.93516,0.01097,0.00326
86.78677,0.48529,0.80305,0.02943,0.15889,0.00862
86.88971,0.48529,0.92588,0.00584,0.06764,0.00064
86.99265,0.48530,0.99391,0.00113,0.00490,0.00006
87.09559,0.48529,0.99887,0.00020,0.00048,0.00045
87.19853,0.48529,0.99875,0.00018,0.00038,0.00069
87.30147,0.48530,0.99054,0.00214,0.00173,0.00560
87.40441,0.48530,0.70559,0.00153,0.00287,0.29001
87.50735,0.48529,0.08896,0.00271,0.00246,0.90587
87.61029,0.48530,0.07519,0.00376,0.00314,0.91792
87.71323,0.48530,0.08367,0.00463,0.00372,0.90798
87.81618,0.48529,0.04276,0.00664,0.00230,0.94831
87.91912,0.48529,0.21233,0.00295,0.00227,0.78245
88.02206,0.48530,0.98317,0.00019,0.00283,0.01381
88.12500,0.48529,0.99921,0.00003,0.00073,0.00003
88.22794,0.48529,0.99163,0.00030,0.00803,0.00004
88.33088,0.48530,0.99331,0.00223,0.00315,0.00132
88.43382,0.48530,0.98615,0.00273,0.00758,0.00355
88.53677,0.48529,0.89444,0.02890,0.06612,0.01055
88.63971,0.48529,0.05061,0.93516,0.01097,0.00326
88.74265,0.48530,0.05061,0.93516,0.01097,0.00326
88.84559,0.48529,0.05061,0.93516,0.01097,0.00326
88.94853,0.48529,0.05061,0.93516,0.01097,0.00326
89.05147,0.48530,0.05061,0.93516,0.01097,0.00326
89.15441,0.48530,0.82146,0.02232,0.15328,0.00295
89.25735,0.48529,0.94024,0.01237,0.04682,0.00057
89.36029,0.48530,0.99043,0.00537,0.00365,0.00055
89.46323,0.48530,0.99228,0.00447,0.00105,0.00220
89.56618,0.48529,0.98638,0.00593,0.00276,0.00493
89.66912,0.48529,0.83527,0.00439,0.00123,0.15911
89.77206,0.48530,0.09395,0.00263,0.00372,0.89970
89.87500,0.48529,0.07468,0.00343,0.00399,0.91790
89.97794,0.48529,0.07740,0.00374,0.00401,0.91485
90.08088,0.48530,0.05004,0.00521,0.00278,0.94197
90.18382,0.48530,0.11086,0.00306,0.00231,0.88377
90.28677,0.48529,0.95808,0.00040,0.00223,0.03929
90.38971,0.48529,0.99935,0.00004,0.00056,0.00005
90.49265,0.48530,0.99783,0.00003,0.00214,0.00000
90.59559,0.48529,0.99320,0.00259,0.00312,0.00109
90.69853,0.48529,0.99505,0.00175,0.00295,0.00025
90.80147,0.48530,0.95736,0.01123,0.02301,0.00840
90.90441,0.48530,0.70858,0.15528,0.11585,0.02030
91.00735,0.48529,0.05061,0.93516,0.01097,0.00326
91.11029,0.48530,0.05061,0.93516,0.01097,0.00326
91.21323,0.48530,0.05061,0.93516,0.01097,0.00326
91.31618,0.48529,0.70967,0.04372,0.24043,0.00618
91.41912,0.48529,0.90160,0.00441,0.09360,0.00039
91.52206,0.48530,0.97163,0.01046,0.01769,0.00022
91.62500,0.48529,0.98564,0.00049,0.01092,0.00296
91.72794,0.48529,0.97935,0.00429,0.01438,0.00199
91.83088,0.48530,0.98273,0.00283,0.00506,0.00939
91.93382,0.48530,0.45706,0.00130,0.00121,0.54043
92.03677,0.48529,0.06796,0.00230,0.00198,0.92776
92.13971,0.48529,0.07448,0.00362,0.00422,0.91769
92.24265,0.48530,0.07494,0.00369,0.00403,0.91735
92.34559,0.48529,0.07038,0.00385,0.00376,0.92201
92.44853,0.48529,0.03215,0.00408,0.00177,0.96200
92.55147,0.48530,0.24127,0.00340,0.00349,0.75185
92.65441,0.48530,0.98966,0.00025,0.00140,0.00868
92.75735,0.48529,0.99786,0.00010,0.00200,0.00003
92.86029,0.48530,0.99238,0.00016,0.00728,0.00018
92.96323,0.48530,0.98908,0.00276,0.00680,0.00136
93.06618,0.48529,0.99747,0.00079,0.00154,0.00020
93.16912,0.48529,0.80768,0.07292,0.09023,0.02917
93.27206,0.48530,0.55143,0.34204,0.08698,0.01955
93.37500,0.48529,0.53595,0.17499,0.26771,0.02136
93.47794,0.48529,0.89897,0.00731,0.09153,0.00219
93.58088,0.48530,0.97600,0.00194,0.02190,0.00016
93.68382,0.48530,0.94409,0.01371,0.04149,0.00071
93.78677,0.48529,0.99889,0.00016,0.00085,0.00010
93.88971,0.48529,0.99527,0.00013,0.00420,0.00040
93.99265,0.48530,0.99384,0.00028,0.00369,0.00220
94.09559,0.48529,0.96819,0.00300,0.00145,0.02736
94.19853,0.48529,0.23873,0.00127,0.00168,0.75832
94.30147,0.48530,0.07106,0.00366,0.00364,0.92164
94.40441,0.48530,0.07210,0.00349,0.00378,0.92064
94.50735,0.48529,0.05391,0.00464,0.00284,0.93861
94.61029,0.48530,0.13046,0.00256,0.00160,0.86538
94.71323,0.48530,0.98970,0.00017,0.00206,0.00807
94.81618,0.48529,0.99800,0.00029,0.00163,0.00008
94.91912,0.48529,0.99339,0.00004,0.00657,0.00001
95.02206,0.48530,0.48634,0.00020,0.51331,0.00015
95.12500,0.48529,0.02968,0.00006,0.97018,0.00008
95.22794,0.48529,0.02031,0.00008,0.97953,0.00008
95.33088,0.48530,0.01999,0.00008,0.97987,0.00007
95.43382,0.48530,0.02043,0.00009,0.97941,0.00007
95.53677,0.48529,0.01288,0.00010,0.98697,0.00005
95.63971,0.48529,0.01683,0.00004,0.98309,0.00003
95.74265,0.48530,0.01321,0.00002,0.98675,0.00002
95.84559,0.48529,0.99666,0.00003,0.00325,0.00006
95.94853,0.48529,0.98746,0.00014,0.01181,0.00058
96.05147,0.48530,0.99253,0.00033,0.00543,0.00171
96.15441,0.48530,0.93392,0.00413,0.00290,0.05905
96.25735,0.48529,0.12943,0.00031,0.00170,0.86855
96.36029,0.48530,0.07576,0.00385,0.00432,0.91607
96.46323,0.48530,0.07470,0.00376,0.00440,0.91714
96.56618,0.48529,0.07534,0.00364,0.00441,0.91660
96.66912,0.48529,0.07571,0.00360,0.00443,0.91626
96.77206,0.48530,0.03783,0.00437,0.00255,0.95524
96.87500,0.48529,0.62189,0.00455,0.00309,0.37047
96.97794,0.48529,0.99955,0.00002,0.00028,0.00015
97.08088,0.48530,0.99055,0.00003,0.00941,0.00001
97.18382,0.48530,0.94783,0.00034,0.05164,0.00020
97.28677,0.48529,0.34292,0.00040,0.65619,0.00049
97.38971,0.48529,0.05353,0.00026,0.94601,0.00020
97.49265,0.48530,0.04978,0.00016,0.94994,0.00012
97.59559,0.48529,0.03923,0.00014,0.96045,0.00018
97.69853,0.48529,0.02770,0.00011,0.97209,0.00009
97.80147,0.48530,0.01627,0.00004,0.98363,0.00005
97.90441,0.48530,0.01991,0.00007,0.97992,0.00010
98.00735,0.48529,0.04532,0.00009,0.95434,0.00025
98.11029,0.48530,0.03599,0.00017,0.96362,0.00022
98.21323,0.48530,0.08241,0.00024,0.91715,0.00020
98.31618,0.48529,0.07315,0.00032,0.92629,0.00024
98.41912,0.48529,0.07557,0.00050,0.92366,0.00027
98.52206,0.48530,0.99784,0.00003,0.00202,0.00012
98.62500,0.48529,0.97605,0.00072,0.02115,0.00208
98.72794,0.48529,0.98850,0.00082,0.00848,0.00220
98.83088,0.48530,0.89053,0.00714,0.00426,0.09808
98.93382,0.48530,0.13953,0.00054,0.00213,0.85780
99.03677,0.48529,0.07693,0.00353,0.00378,0.91576
99.13971,0.48529,0.07750,0.00356,0.00385,0.91508
99.24265,0.48530,0.07871,0.00361,0.00385,0.91382
99.34559,0.48529,0.07748,0.00377,0.00376,0.91498
99.44853,0.48529,0.07236,0.00394,0.00356,0.92014
99.55147,0.48530,0.04384,0.00130,0.00059,0.95427
99.65441,0.48530,0.96845,0.00050,0.00131,0.02974
99.75735,0.48529,0.99919,0.00004,0.00071,0.00006
99.86029,0.48530,0.98597,0.00010,0.01390,0.00003
99.96323,0.48530,0.98306,0.01306,0.00115,0.00272
100.06618,0.48529,0.98411,0.00515,0.00954,0.00120
100.16912,0.48529,0.87598,0.03047,0.07449,0.01907
100.27206,0.48530,0.05061,0.93516,0.01097,0.00326
100.37500,0.48529,0.05061,0.93516,0.01097,0.00326
100.47794,0.48529,0.05061,0.93516,0.01097,0.00326
100.58088,0.48530,0.05061,0.93516,0.01097,0.00326
100.68382,0.48530,0.62873,0.16712,0.18693,0.01721
100.78677,0.48529,0.89464,0.00958,0.09473,0.00104
100.88971,0.48529,0.99555,0.00238,0.00197,0.00011
100.99265,0.48530,0.99493,0.00004,0.00475,0.00028
101.09559,0.48529,0.99000,0.00112,0.00776,0.00112
101.19853,0.48529,0.95034,0.00972,0.00535,0.03458
101.30147,0.48530,0.22384,0.00056,0.00106,0.77454
101.40441,0.48530,0.06770,0.00595,0.00508,0.92127
101.50735,0.48529,0.06632,0.00792,0.00525,0.92051
101.61029,0.48530,0.05087,0.01198,0.00475,0.93239
101.71323,0.48530,0.22684,0.00572,0.00317,0.76428
101.81618,0.48529,0.99828,0.00032,0.00022,0.00118
101.91912,0.48529,0.99702,0.00173,0.00121,0.00004
102.02206,0.48530,0.99396,0.00059,0.00493,0.00051
102.12500,0.48529,0.98889,0.00558,0.00351,0.00202
102.22794,0.48529,0.97220,0.00707,0.01585,0.00487
102.33088,0.48530,0.40032,0.41239,0.16510,0.02219
102.43382,0.48530,0.05061,0.93516,0.01097,0.00326
102.53677,0.48529,0.05061,0.93516,0.01097,0.00326
102.63971,0.48529,0.05061,0.93516,0.01097,0.00326
102.74265,0.48530,0.05061,0.93516,0.01097,0.00326
102.84559,0.48529,0.80687,0.03005,0.15720,0.00589
102.94853,0.48529,0.93085,0.00568,0.06307,0.00040
103.05147,0.48530,0.99965,0.00008,0.00019,0.00008
103.15441,0.48530,0.99666,0.00063,0.00017,0.00254
103.25735,0.48529,0.99445,0.00080,0.00138,0.00337
103.36029,0.48530,0.93485,0.00143,0.00161,0.06211
103.46323,0.48530,0.09183,0.00034,0.00076,0.90706
103.56618,0.48529,0.06255,0.00227,0.00133,0.93385
103.66912,0.48529,0.06315,0.00221,0.00127,0.93337
103.77206,0.48530,0.04054,0.00427,0.00100,0.95419
103.87500,0.48529,0.21348,0.00254,0.00146,0.78251
103.97794,0.48529,0.98082,0.00007,0.00183,0.01727
104.08088,0.48530,0.99883,0.00009,0.00092,0.00017
104.18382,0.48530,0.99220,0.00006,0.00771,0.00003
104.28677,0.48529,0.99370,0.00365,0.00141,0.00124
104.38971,0.48529,0.98822,0.00545,0.00402,0.00231
104.49265,0.48530,0.74580,0.10138,0.13103,0.02180
104.59559,0.48529,0.05061,0.93516,0.01097,0.00326
104.69853,0.48529,0.05061,0.93516,0.01097,0.00326
104.80147,0.48530,0.05061,0.93516,0.01097,0.00326
104.90441,0.48530,0.76256,0.02418,0.20732,0.00594
105.00735,0.48529,0.94312,0.01081,0.04569,0.00038
105.11029,0.48530,0.97959,0.00475,0.01538,0.00029
105.21323,0.48530,0.99144,0.00076,0.00706,0.00074
105.31618,0.48529,0.99663,0.00117,0.00147,0.00074
105.41912,0.48529,0.99021,0.00474,0.00201,0.00304
105.52206,0.48530,0.79958,0.00390,0.00180,0.19473
105.62500,0.48529,0.08625,0.00218,0.00335,0.90822
105.72794,0.48529,0.06978,0.00320,0.00335,0.92367
105.83088,0.48530,0.06884,0.00346,0.00304,0.92466
105.93382,0.48530,0.03479,0.00398,0.00179,0.95944
106.03677,0.48529,0.29432,0.00255,0.00395,0.69919
106.13971,0.48529,0.98997,0.00016,0.00185,0.00802
106.24265,0.48530,0.99830,0.00031,0.00135,0.00004
106.34559,0.48529,0.98636,0.00044,0.01284,0.00036
106.44853,0.48529,0.99022,0.00613,0.00253,0.00112
106.55147,0.48530,0.97922,0.00626,0.01125,0.00327
106.65441,0.48530,0.71464,0.13972,0.12221,0.02342
106.75735,0.48529,0.05061,0.93516,0.01097,0.00326
106.86029,0.48530,0.05061,0.93516,0.01097,0.00326
106.96323,0.48530,0.05061,0.93516,0.01097,0.00326
107.06618,0.48529,0.58007,0.17836,0.23228,0.00928
107.16912,0.48529,0.94133,0.00286,0.05554,0.00027
107.27206,0.48530,0.96955,0.00267,0.02772,0.00006
107.37500,0.48529,0.97871,0.00979,0.01016,0.00134
107.47794,0.48529,0.97076,0.00007,0.02859,0.00058
107.58088,0.48530,0.99247,0.00076,0.00412,0.00265
107.68382,0.48530,0.99109,0.00206,0.00209,0.00476
107.78677,0.48529,0.68132,0.00291,0.00248,0.31329
107.88971,0.48529,0.08072,0.00261,0.00552,0.91115
107.99265,0.48530,0.06604,0.00672,0.00554,0.92170
108.09559,0.48529,0.06319,0.00698,0.00511,0.92472
108.19853,0.48529,0.05378,0.01025,0.00514,0.93083
108.30147,0.48530,0.11885,0.00550,0.00327,0.87239
108.40441,0.48530,0.99120,0.00096,0.00066,0.00718
108.50735,0.48529,0.99941,0.00025,0.00031,0.00003
108.61029,0.48530,0.99424,0.00031,0.00539,0.00007
108.71323,0.48530,0.98639,0.00635,0.00474,0.00252
108.81618,0.48529,0.98832,0.00400,0.00665,0.00102
108.91912,0.48529,0.88778,0.02849,0.06569,0.01804
109.02206,0.48530,0.05061,0.93516,0.01097,0.00326
109.12500,0.48529,0.54780,0.18161,0.25043,0.02016
109.22794,0.48529,0.75694,0.02342,0.21711,0.00253
109.33088,0.48530,0.93456,0.01919,0.04582,0.00043
109.43382,0.48530,0.99866,0.00010,0.00106,0.00019
109.53677,0.48529,0.99572,0.00217,0.00078,0.00133
109.63971,0.48529,0.99495,0.00059,0.00224,0.00222
109.74265,0.48530,0.98016,0.00222,0.00074,0.01688
109.84559,0.48529,0.12091,0.00031,0.00109,0.87770
109.94853,0.48529,0.07280,0.00317,0.00373,0.92030
110.05147,0.48530,0.07031,0.00328,0.00378,0.92263
110.15441,0.48530,0.05863,0.00393,0.00305,0.93440
110.25735,0.48529,0.06570,0.00324,0.00184,0.92923
110.36029,0.48530,0.95171,0.00038,0.00198,0.04592
110.46323,0.48530,0.99917,0.00008,0.00069,0.00006
110.56618,0.48529,0.99491,0.00011,0.00495,0.00002
110.66912,0.48529,0.99615,0.00191,0.00125,0.00069
110.77206,0.48530,0.98894,0.00259,0.00608,0.00239
110.87500,0.48529,0.84076,0.05363,0.09046,0.01514
110.97794,0.48529,0.05061,0.93516,0.01097,0.00326
111.08088,0.48530,0.26336,0.64411,0.07905,0.01347
111.18382,0.48530,0.66481,0.13192,0.19740,0.00588
111.28677,0.48529,0.85088,0.01056,0.13776,0.00080
111.38971,0.48529,0.88465,0.00776,0.10657,0.00102
111.49265,0.48530,0.58111,0.00486,0.41348,0.00055
111.59559,0.48529,0.71179,0.00249,0.28500,0.00072
111.69853,0.48529,0.97020,0.00009,0.02894,0.00076
111.80147,0.48530,0.98145,0.00263,0.01258,0.00334
111.90441,0.48530,0.98031,0.00356,0.00381,0.01232
112.00735,0.48529,0.34845,0.00137,0.00209,0.64809
112.11029,0.48530,0.06238,0.00285,0.00267,0.93209
112.21323,0.48530,0.06576,0.00397,0.00379,0.92647
112.31618,0.48529,0.06631,0.00451,0.00430,0.92488
112.41912,0.48529,0.03361,0.00479,0.00226,0.95934
112.52206,0.48530,0.25349,0.00406,0.00395,0.73850
112.62500,0.48529,0.99580,0.00040,0.00061,0.00319
112.72794,0.48529,0.99858,0.00024,0.00115,0.00002
112.83088,0.48530,0.98451,0.00112,0.01408,0.00029
112.93382,0.48530,0.99528,0.00113,0.00243,0.00115
113.03677,0.48529,0.98967,0.00284,0.00606,0.00143
113.13971,0.48529,0.84494,0.05315,0.08830,0.01361
113.24265,0.48530,0.40769,0.45940,0.11191,0.02100
113.34559,0.48529,0.05061,0.93516,0.01097,0.00326
113.44853,0.48529,0.55847,0.10802,0.31969,0.01381
113.55147,0.48530,0.85530,0.01763,0.12493,0.00214
113.65441,0.48530,0.96335,0.00419,0.03227,0.00019
113.75735,0.48529,0.99735,0.00007,0.00248,0.00010
113.86029,0.48530,0.99521,0.00120,0.00263,0.00096
113.96323,0.48530,0.99267,0.00132,0.00359,0.00243
114.06618,0.48529,0.95213,0.00511,0.00187,0.04090
114.16912,0.48529,0.14103,0.00039,0.00268,0.85590
114.27206,0.48530,0.07241,0.00327,0.00398,0.92034
114.37500,0.48529,0.07421,0.00324,0.00375,0.91880
114.47794,0.48529,0.07040,0.00362,0.00381,0.92216
114.58088,0.48530,0.03298,0.00230,0.00124,0.96348
114.68382,0.48530,0.60127,0.00263,0.00467,0.39143
114.78677,0.48529,0.99681,0.00025,0.00106,0.00189
114.88971,0.48529,0.99828,0.00014,0.00157,0.00002
114.99265,0.48530,0.99368,0.00056,0.00539,0.00036
115.09559,0.48529,0.98840,0.00493,0.00547,0.00120
115.19853,0.48529,0.98041,0.00685,0.01018,0.00256
115.30147,0.48530,0.76679,0.09841,0.10675,0.02804
115.40441,0.48530,0.05061,0.93516,0.01097,0.00326
115.50735,0.48529,0.05061,0.93516,0.01097,0.00326
115.61029,0.48530,0.28837,0.53233,0.16218,0.01712
115.71323,0.48530,0.81488,0.04478,0.13618,0.00415
115.81618,0.48529,0.93121,0.00274,0.06595,0.00011
115.91912,0.48529,0.96859,0.00557,0.02559,0.00025
116.02206,0.48530,0.99227,0.00135,0.00555,0.00082
116.12500,0.48529,0.99500,0.00030,0.00412,0.00058
116.22794,0.48529,0.98542,0.00151,0.00656,0.00650
116.33088,0.48530,0.80517,0.00324,0.00183,0.18976
116.43382,0.48530,0.07113,0.00104,0.00345,0.92439
116.53677,0.48529,0.06488,0.00725,0.00523,0.92265
116.63971,0.48529,0.03587,0.00665,0.00320,0.95428
116.74265,0.48530,0.28560,0.00637,0.00441,0.70362
116.84559,0.48529,0.99891,0.00028,0.00022,0.00058
116.94853,0.48529,0.99718,0.00099,0.00180,0.00003
117.05147,0.48530,0.99259,0.00049,0.00652,0.00041
117.15441,0.48530,0.99060,0.00358,0.00432,0.00150
117.25735,0.48529,0.97392,0.01113,0.01203,0.00292
117.36029,0.48530,0.71891,0.15476,0.10369,0.02264
117.46323,0.48530,0.05061,0.93516,0.01097,0.00326
117.56618,0.48529,0.05061,0.93516,0.01097,0.00326
117.66912,0.48529,0.05061,0.93516,0.01097,0.00326
117.77206,0.48530,0.76573,0.02641,0.20027,0.00759
117.87500,0.48529,0.85770,0.01699,0.12429,0.00101
117.97794,0.48529,0.95599,0.00576,0.03804,0.00021
118.08088,0.48530,0.96255,0.01455,0.02207,0.00083
118.18382,0.48530,0.99443,0.00057,0.00459,0.00041
118.28677,0.48529,0.99107,0.00002,0.00851,0.00040
118.38971,0.48529,0.97983,0.00177,0.01186,0.00654
118.49265,0.48530,0.97891,0.00416,0.00322,0.01371
118.59559,0.48529,0.26201,0.00177,0.00366,0.73256
118.69853,0.48529,0.06898,0.00283,0.00272,0.92547
118.80147,0.48530,0.07347,0.00367,0.00409,0.91878
118.90441,0.48530,0.04221,0.00232,0.00169,0.95378
119.00735,0.48529,0.85655,0.00092,0.00399,0.13854
119.11029,0.48530,0.99915,0.00007,0.00060,0.00018
119.21323,0.48530,0.99530,0.00007,0.00461,0.00002
119.31618,0.48529,0.99170,0.00287,0.00297,0.00246
119.41912,0.48529,0.99449,0.00230,0.00192,0.00129
119.52206,0.48530,0.91039,0.03143,0.05314,0.00504
119.62500,0.48529,0.59518,0.30207,0.08314,0.01960
119.72794,0.48529,0.05061,0.93516,0.01097,0.00326
119.83088,0.48530,0.05061,0.93516,0.01097,0.00326
119.93382,0.48530,0.05061,0.93516,0.01097,0.00326
120.03677,0.48529,0.05061,0.93516,0.01097,0.00326
120.13971,0.48529,0.75552,0.05166,0.18525,0.00757
120.24265,0.48530,0.81358,0.01140,0.17411,0.00091
120.34559,0.48529,0.93137,0.00869,0.05972,0.00022
120.44853,0.48529,0.93385,0.00458,0.06100,0.00058
120.55147,0.48530,0.97712,0.00006,0.02211,0.00071
120.65441,0.48530,0.98808,0.00289,0.00682,0.00221
120.75735,0.48529,0.96462,0.00615,0.00885,0.02037
120.86029,0.48530,0.33168,0.00136,0.00307,0.66389
120.96323,0.48530,0.06295,0.00527,0.00370,0.92808
121.06618,0.48529,0.05696,0.00689,0.00420,0.93195
121.16912,0.48529,0.06063,0.00398,0.00132,0.93407
121.27206,0.48530,0.98222,0.00483,0.00031,0.01264
121.37500,0.48529,0.99683,0.00103,0.00209,0.00006
121.47794,0.48529,0.98791,0.00080,0.01080,0.00048
121.58088,0.48530,0.98478,0.01231,0.00085,0.00207
121.68382,0.48530,0.86678,0.04456,0.07280,0.01586
121.78677,0.48529,0.05061,0.93516,0.01097,0.00326
121.88971,0.48529,0.05061,0.93516,0.01097,0.00326
121.99265,0.48530,0.05061,0.93516,0.01097,0.00326
122.09559,0.48529,0.05061,0.93516,0.01097,0.00326
122.19853,0.48529,0.05061,0.93516,0.01097,0.00326
122.30147,0.48530,0.05061,0.93516,0.01097,0.00326
122.40441,0.48530,0.05061,0.93516,0.01097,0.00326
122.50735,0.48529,0.05061,0.93516,0.01097,0.00326
122.61029,0.48530,0.05061,0.93516,0.01097,0.00326
122.71323,0.48530,0.05061,0.93516,0.01097,0.00326
122.81618,0.48529,0.05061,0.93516,0.01097,0.00326
122.91912,0.48529,0.05061,0.93516,0.01097,0.00326
123.02206,0.48530,0.05061,0.93516,0.01097,0.00326
123.12500,0.48529,0.05061,0.93516,0.01097,0.00326
123.22794,0.48529,0.05061,0.93516,0.01097,0.00326
123.33088,0.48530,0.05061,0.93516,0.01097,0.00326
123.43382,0.48530,0.05061,0.93516,0.01097,0.00326
123.53677,0.48529,0.05061,0.93516,0.01097,0.00326
123.63971,0.48529,0.05061,0.93516,0.01097,0.00326
123.74265,0.48530,0.05061,0.93516,0.01097,0.00326
123.84559,0.48529,0.05061,0.93516,0.01097,0.00326
123.94853,0.48529,0.05061,0.93516,0.01097,0.00326
124.05147,0.48530,0.05061,0.93516,0.01097,0.00326
124.15441,0.48530,0.05061,0.93516,0.01097,0.00326
124.25735,0.48529,0.05061,0.93516,0.01097,0.00326
124.36029,0.48530,0.05061,0.93516,0.01097,0.00326
124.46323,0.48530,0.05061,0.93516,0.01097,0.00326
124.56618,0.48529,0.05061,0.93516,0.01097,0.00326
124.66912,0.48529,0.05061,0.93516,0.01097,0.00326
124.77206,0.48530,0.05061,0.93516,0.01097,0.00326
124.87500,0.48529,0.05061,0.93516,0.01097,0.00326
124.97794,0.48529,0.05061,0.93516,0.01097,0.00326
125.08088,0.48530,0.05061,0.93516,0.01097,0.00326
125.18382,0.48530,0.05061,0.93516,0.01097,0.00326
125.28677,0.48529,0.05061,0.93516,0.01097,0.00326
125.38971,0.48529,0.05061,0.93516,0.01097,0.00326
125.49265,0.48530,0.05061,0.93516,0.01097,0.00326
