Time (seconds), Duration (seconds),pred_unlabelled,pred_Dry,pred_Wet,pred_Touch
0.00735,0.48529,0.01231,0.00003,0.98763,0.00003
0.11029,0.48529,0.01305,0.00004,0.98687,0.00004
0.21324,0.48529,0.01113,0.00003,0.98881,0.00003
0.31618,0.48529,0.01324,0.00003,0.98670,0.00004
0.41912,0.48529,0.01135,0.00003,0.98859,0.00003
0.52206,0.48529,0.01612,0.00002,0.98383,0.00003
0.62500,0.48529,0.01313,0.00002,0.98682,0.00003
0.72794,0.48529,0.01492,0.00002,0.98503,0.00003
0.83088,0.48529,0.01132,0.00004,0.98860,0.00004
0.93382,0.48529,0.01633,0.00005,0.98357,0.00005
1.03676,0.48529,0.01281,0.00006,0.98709,0.00004
1.13971,0.48529,0.01271,0.00003,0.98722,0.00004
1.24265,0.48529,0.01509,0.00004,0.98484,0.00003
1.34559,0.48529,0.01127,0.00003,0.98867,0.00003
1.44853,0.48529,0.01467,0.00003,0.98527,0.00003
1.55147,0.48529,0.01480,0.00002,0.98516,0.00002
1.65441,0.48529,0.01244,0.00002,0.98751,0.00003
1.75735,0.48529,0.01292,0.00004,0.98699,0.00004
1.86029,0.48529,0.01162,0.00004,0.98829,0.00004
1.96324,0.48529,0.01410,0.00004,0.98582,0.00004
2.06618,0.48529,0.01764,0.00004,0.98229,0.00004
2.16912,0.48529,0.01308,0.00005,0.98683,0.00004
2.27206,0.48529,0.01127,0.00003,0.98867,0.00003
2.37500,0.48529,0.01256,0.00002,0.98740,0.00003
2.47794,0.48529,0.01021,0.00002,0.98974,0.00003
2.58088,0.48529,0.00980,0.00003,0.99014,0.00003
2.68382,0.48529,0.01504,0.00005,0.98484,0.00006
2.78676,0.48529,0.01424,0.00004,0.98568,0.00004
2.88971,0.48529,0.01425,0.00004,0.98569,0.00003
2.99265,0.48529,0.01031,0.00004,0.98962,0.00003
3.09559,0.48529,0.01275,0.00004,0.98718,0.00003
3.19853,0.48529,0.01317,0.00002,0.98679,0.00002
3.30147,0.48529,0.01052,0.00002,0.98943,0.00003
3.40441,0.48529,0.01040,0.00003,0.98953,0.00004
3.50735,0.48529,0.01156,0.00003,0.98837,0.00003
3.61029,0.48529,0.01236,0.00004,0.98756,0.00004
3.71324,0.48529,0.01421,0.00003,0.98572,0.00004
3.81618,0.48529,0.01080,0.00005,0.98911,0.00004
3.91912,0.48529,0.01001,0.00003,0.98992,0.00003
4.02206,0.48529,0.01366,0.00002,0.98629,0.00002
4.12500,0.48529,0.01036,0.00002,0.98960,0.00002
4.22794,0.48529,0.01118,0.00003,0.98876,0.00004
4.33088,0.48529,0.01317,0.00004,0.98676,0.00004
4.43382,0.48529,0.01321,0.00006,0.98669,0.00004
4.53676,0.48529,0.01430,0.00003,0.98563,0.00004
4.63971,0.48529,0.01542,0.00004,0.98451,0.00003
4.74265,0.48529,0.01127,0.00005,0.98865,0.00004
4.84559,0.48529,0.01285,0.00003,0.98711,0.00002
4.94853,0.48529,0.01047,0.00002,0.98948,0.00002
5.05147,0.48529,0.01571,0.00002,0.98424,0.00003
5.15441,0.48529,0.01242,0.00003,0.98752,0.00003
5.25735,0.48529,0.01183,0.00005,0.98807,0.00005
5.36029,0.48529,0.01239,0.00005,0.98753,0.00003
5.46324,0.48529,0.01321,0.00003,0.98672,0.00004
5.56618,0.48529,0.01612,0.00004,0.98380,0.00003
5.66912,0.48529,0.01327,0.00003,0.98667,0.00003
5.77206,0.48529,0.01137,0.00002,0.98859,0.00002
5.87500,0.48529,0.01012,0.00002,0.98983,0.00003
5.97794,0.48529,0.01445,0.00003,0.98548,0.00004
6.08088,0.48529,0.01186,0.00004,0.98805,0.00004
6.18382,0.48529,0.01340,0.00004,0.98653,0.00003
6.28676,0.48529,0.01624,0.00003,0.98369,0.00004
6.38971,0.48529,0.01706,0.00005,0.98284,0.00005
6.49265,0.48529,0.01689,0.00003,0.98304,0.00003
6.59559,0.48529,0.01442,0.00003,0.98553,0.00003
6.69853,0.48529,0.00939,0.00002,0.99056,0.00003
6.80147,0.48529,0.01282,0.00002,0.98713,0.00003
6.90441,0.48529,0.01104,0.00005,0.98886,0.00005
7.00735,0.48529,0.01195,0.00003,0.98799,0.00003
7.11029,0.48529,0.01565,0.00004,0.98426,0.00005
7.21324,0.48529,0.01424,0.00006,0.98566,0.00005
7.31618,0.48529,0.01630,0.00004,0.98362,0.00004
7.41912,0.48529,0.01915,0.00003,0.98079,0.00003
7.52206,0.48529,0.01395,0.00002,0.98601,0.00002
7.62500,0.48529,0.01567,0.00003,0.98427,0.00004
7.72794,0.48529,0.01244,0.00004,0.98748,0.00004
7.83088,0.48529,0.01143,0.00004,0.98848,0.00004
7.93382,0.48529,0.01441,0.00005,0.98549,0.00005
8.03677,0.48529,0.01448,0.00004,0.98545,0.00003
8.13971,0.48529,0.01361,0.00003,0.98633,0.00003
8.24265,0.48529,0.01204,0.00003,0.98792,0.00002
8.34559,0.48529,0.01437,0.00002,0.98557,0.00003
8.44853,0.48529,0.01176,0.00001,0.98821,0.00002
8.55147,0.48529,0.00895,0.00003,0.99099,0.00003
8.65441,0.48529,0.01324,0.00005,0.98667,0.00004
8.75735,0.48529,0.01104,0.00006,0.98885,0.00005
8.86029,0.48529,0.01083,0.00003,0.98911,0.00003
8.96323,0.48529,0.00947,0.00004,0.99046,0.00003
9.06618,0.48529,0.01130,0.00003,0.98864,0.00003
9.16912,0.48529,0.01162,0.00003,0.98833,0.00002
9.27206,0.48529,0.01426,0.00002,0.98570,0.00002
9.37500,0.48529,0.01090,0.00002,0.98906,0.00003
9.47794,0.48529,0.01041,0.00005,0.98949,0.00005
9.58088,0.48529,0.01078,0.00003,0.98917,0.00002
9.68382,0.48529,0.01599,0.00005,0.98391,0.00005
9.78677,0.48529,0.01517,0.00004,0.98475,0.00004
9.88971,0.48529,0.01411,0.00003,0.98583,0.00003
9.99265,0.48529,0.01693,0.00003,0.98301,0.00003
10.09559,0.48529,0.01452,0.00002,0.98544,0.00002
10.19853,0.48529,0.00972,0.00002,0.99023,0.00002
10.30147,0.48529,0.01156,0.00004,0.98836,0.00004
10.40441,0.48529,0.00812,0.00003,0.99182,0.00003
10.50735,0.48529,0.01335,0.00004,0.98657,0.00004
10.61029,0.48529,0.01705,0.00004,0.98286,0.00005
10.71323,0.48529,0.01641,0.00003,0.98352,0.00004
10.81618,0.48529,0.02442,0.00003,0.97551,0.00003
10.91912,0.48529,0.01591,0.00002,0.98404,0.00002
11.02206,0.48529,0.01086,0.00003,0.98909,0.00003
11.12500,0.48529,0.01079,0.00003,0.98915,0.00003
11.22794,0.48529,0.01053,0.00003,0.98940,0.00004
11.33088,0.48529,0.01207,0.00004,0.98784,0.00004
11.43382,0.48529,0.01484,0.00004,0.98508,0.00004
11.53677,0.48529,0.00972,0.00004,0.99020,0.00004
11.63971,0.48529,0.01634,0.00004,0.98358,0.00004
11.74265,0.48529,0.01269,0.00003,0.98725,0.00004
11.84559,0.48529,0.01689,0.00002,0.98306,0.00003
11.94853,0.48529,0.01712,0.00002,0.98282,0.00004
12.05147,0.48529,0.01158,0.00004,0.98835,0.00004
12.15441,0.48529,0.01460,0.00006,0.98529,0.00004
12.25735,0.48529,0.01868,0.00005,0.98122,0.00005
12.36029,0.48529,0.01285,0.00004,0.98707,0.00004
12.46323,0.48529,0.01049,0.00003,0.98946,0.00003
12.56618,0.48529,0.01365,0.00003,0.98629,0.00003
12.66912,0.48529,0.01259,0.00003,0.98735,0.00003
12.77206,0.48529,0.01259,0.00002,0.98736,0.00003
12.87500,0.48529,0.01027,0.00003,0.98967,0.00004
12.97794,0.48529,0.01110,0.00004,0.98881,0.00004
13.08088,0.48529,0.01345,0.00003,0.98648,0.00004
13.18382,0.48529,0.01476,0.00005,0.98514,0.00004
13.28677,0.48529,0.01386,0.00005,0.98606,0.00004
13.38971,0.48529,0.01252,0.00003,0.98742,0.00003
13.49265,0.48529,0.01694,0.00003,0.98299,0.00003
13.59559,0.48529,0.01578,0.00002,0.98418,0.00002
13.69853,0.48529,0.01173,0.00003,0.98821,0.00003
13.80147,0.48529,0.01221,0.00003,0.98773,0.00003
13.90441,0.48529,0.01837,0.00006,0.98152,0.00005
14.00735,0.48529,0.01633,0.00004,0.98359,0.00004
14.11029,0.48529,0.01163,0.00004,0.98830,0.00004
14.21323,0.48529,0.01113,0.00003,0.98881,0.00003
14.31618,0.48529,0.01339,0.00003,0.98655,0.00003
14.41912,0.48529,0.01623,0.00003,0.98372,0.00003
14.52206,0.48529,0.01174,0.00002,0.98821,0.00002
14.62500,0.48529,0.01016,0.00004,0.98975,0.00005
14.72794,0.48529,0.01096,0.00004,0.98897,0.00003
14.83088,0.48529,0.01121,0.00004,0.98871,0.00004
14.93382,0.48529,0.01579,0.00005,0.98412,0.00004
15.03677,0.48529,0.01232,0.00004,0.98761,0.00004
15.13971,0.48529,0.01390,0.00003,0.98604,0.00003
15.24265,0.48529,0.02096,0.00003,0.97898,0.00003
15.34559,0.48529,0.01693,0.00003,0.98300,0.00004
15.44853,0.48529,0.01514,0.00003,0.98479,0.00003
15.55147,0.48529,0.01762,0.00005,0.98226,0.00006
15.65441,0.48529,0.01518,0.00004,0.98475,0.00003
15.75735,0.48529,0.01239,0.00004,0.98752,0.00004
15.86029,0.48529,0.01059,0.00004,0.98933,0.00004
15.96323,0.48530,0.01019,0.00003,0.98975,0.00003
16.06618,0.48529,0.01262,0.00003,0.98733,0.00003
16.16912,0.48529,0.01016,0.00002,0.98980,0.00002
16.27206,0.48529,0.01318,0.00003,0.98675,0.00004
16.37500,0.48529,0.01521,0.00003,0.98472,0.00004
16.47794,0.48529,0.01320,0.00005,0.98670,0.00005
16.58088,0.48529,0.01539,0.00004,0.98452,0.00004
16.68382,0.48529,0.01473,0.00003,0.98522,0.00003
16.78676,0.48529,0.01874,0.00006,0.98114,0.00006
16.88971,0.48529,0.01458,0.00003,0.98535,0.00003
16.99265,0.48529,0.01035,0.00002,0.98962,0.00002
17.09559,0.48529,0.01157,0.00003,0.98837,0.00004
17.19853,0.48529,0.01202,0.00003,0.98792,0.00003
17.30147,0.48529,0.01758,0.00006,0.98231,0.00006
17.40441,0.48529,0.01359,0.00004,0.98634,0.00003
17.50735,0.48529,0.01202,0.00003,0.98792,0.00003
17.61029,0.48529,0.00989,0.00004,0.99004,0.00003
17.71324,0.48529,0.01036,0.00003,0.98958,0.00004
17.81618,0.48529,0.01505,0.00002,0.98490,0.00002
17.91912,0.48529,0.01031,0.00002,0.98965,0.00002
18.02206,0.48529,0.01311,0.00003,0.98682,0.00004
18.12500,0.48529,0.01442,0.00006,0.98547,0.00005
18.22794,0.48529,0.01584,0.00004,0.98408,0.00005
18.33088,0.48529,0.01444,0.00005,0.98546,0.00005
18.43382,0.48529,0.01191,0.00004,0.98801,0.00004
18.53676,0.48529,0.01466,0.00004,0.98526,0.00004
18.63971,0.48529,0.01708,0.00003,0.98287,0.00003
18.74265,0.48529,0.01558,0.00002,0.98437,0.00003
18.84559,0.48529,0.01279,0.00003,0.98713,0.00004
18.94853,0.48529,0.01451,0.00005,0.98539,0.00005
19.05147,0.48529,0.01806,0.00006,0.98182,0.00006
19.15441,0.48529,0.01542,0.00004,0.98451,0.00004
19.25735,0.48529,0.01557,0.00003,0.98437,0.00003
19.36029,0.48529,0.01319,0.00004,0.98674,0.00004
19.46324,0.48529,0.01389,0.00003,0.98604,0.00003
19.56618,0.48529,0.00985,0.00002,0.99010,0.00002
19.66912,0.48529,0.01334,0.00003,0.98659,0.00003
19.77206,0.48529,0.01396,0.00004,0.98596,0.00004
19.87500,0.48529,0.01383,0.00007,0.98604,0.00005
19.97794,0.48529,0.01744,0.00004,0.98249,0.00004
20.08088,0.48529,0.01666,0.00006,0.98323,0.00005
20.18382,0.48529,0.01120,0.00004,0.98872,0.00004
20.28676,0.48529,0.01272,0.00004,0.98720,0.00004
20.38971,0.48529,0.01270,0.00003,0.98724,0.00003
20.49265,0.48529,0.01018,0.00003,0.98975,0.00003
20.59559,0.48529,0.01096,0.00003,0.98897,0.00004
20.69853,0.48529,0.01548,0.00004,0.98443,0.00005
20.80147,0.48529,0.01839,0.00003,0.98155,0.00004
20.90441,0.48529,0.01721,0.00004,0.98269,0.00006
21.00735,0.48529,0.01339,0.00006,0.98649,0.00006
21.11029,0.48529,0.01221,0.00004,0.98772,0.00003
21.21324,0.48529,0.01192,0.00002,0.98803,0.00002
21.31618,0.48529,0.01066,0.00002,0.98929,0.00003
21.41912,0.48529,0.01233,0.00003,0.98761,0.00003
21.52206,0.48529,0.00799,0.00003,0.99193,0.00004
21.62500,0.48529,0.01130,0.00004,0.98862,0.00004
21.72794,0.48529,0.01482,0.00005,0.98509,0.00005
21.83088,0.48529,0.01437,0.00004,0.98556,0.00003
21.93382,0.48529,0.01030,0.00004,0.98962,0.00004
22.03676,0.48529,0.01471,0.00003,0.98523,0.00003
22.13971,0.48529,0.01268,0.00002,0.98728,0.00002
22.24265,0.48529,0.01248,0.00003,0.98745,0.00004
22.34559,0.48529,0.01280,0.00003,0.98713,0.00004
22.44853,0.48529,0.01152,0.00005,0.98839,0.00004
22.55147,0.48529,0.01789,0.00006,0.98202,0.00004
22.65441,0.48529,0.01128,0.00003,0.98866,0.00003
22.75735,0.48529,0.01307,0.00003,0.98686,0.00003
22.86029,0.48529,0.01622,0.00003,0.98372,0.00003
22.96324,0.48529,0.01274,0.00002,0.98722,0.00003
23.06618,0.48529,0.01135,0.00003,0.98859,0.00003
23.16912,0.48529,0.01451,0.00005,0.98538,0.00006
23.27206,0.48529,0.01491,0.00006,0.98497,0.00005
23.37500,0.48529,0.01613,0.00003,0.98380,0.00004
23.47794,0.48529,0.01518,0.00003,0.98476,0.00003
23.58088,0.48529,0.01236,0.00004,0.98757,0.00004
23.68382,0.48529,0.01309,0.00003,0.98685,0.00003
23.78676,0.48529,0.01512,0.00003,0.98483,0.00003
23.88971,0.48529,0.01351,0.00002,0.98644,0.00002
23.99265,0.48529,0.01334,0.00003,0.98659,0.00004
24.09559,0.48529,0.01168,0.00005,0.98821,0.00006
24.19853,0.48529,0.01234,0.00004,0.98759,0.00004
24.30147,0.48529,0.01675,0.00006,0.98315,0.00005
24.40441,0.48529,0.01499,0.00006,0.98491,0.00004
24.50735,0.48529,0.01313,0.00005,0.98678,0.00004
24.61029,0.48529,0.01588,0.00002,0.98408,0.00002
24.71324,0.48529,0.01785,0.00002,0.98210,0.00002
24.81618,0.48529,0.01153,0.00002,0.98841,0.00003
24.91912,0.48529,0.01125,0.00004,0.98867,0.00004
25.02206,0.48529,0.01246,0.00004,0.98746,0.00004
25.12500,0.48529,0.01336,0.00004,0.98655,0.00005
25.22794,0.48529,0.01801,0.00006,0.98189,0.00005
25.33088,0.48529,0.01664,0.00004,0.98328,0.00004
25.43382,0.48529,0.01298,0.00003,0.98697,0.00002
25.53676,0.48529,0.00963,0.00002,0.99032,0.00003
25.63971,0.48529,0.01004,0.00003,0.98990,0.00003
25.74265,0.48529,0.01088,0.00003,0.98905,0.00003
25.84559,0.48529,0.01386,0.00005,0.98603,0.00005
25.94853,0.48529,0.01195,0.00003,0.98797,0.00004
26.05147,0.48529,0.01285,0.00005,0.98705,0.00005
26.15441,0.48529,0.01186,0.00004,0.98806,0.00004
26.25735,0.48529,0.01572,0.00003,0.98421,0.00003
26.36029,0.48529,0.01130,0.00002,0.98865,0.00003
26.46324,0.48529,0.01228,0.00002,0.98768,0.00002
26.56618,0.48529,0.00909,0.00004,0.99082,0.00005
26.66912,0.48529,0.01407,0.00007,0.98581,0.00005
26.77206,0.48529,0.00990,0.00005,0.99001,0.00004
26.87500,0.48529,0.01926,0.00006,0.98063,0.00006
26.97794,0.48529,0.01342,0.00004,0.98652,0.00003
27.08088,0.48529,0.01304,0.00003,0.98689,0.00003
27.18382,0.48529,0.01427,0.00004,0.98564,0.00005
27.28676,0.48529,0.01411,0.00002,0.98584,0.00003
27.38971,0.48529,0.01359,0.00003,0.98635,0.00003
27.49265,0.48529,0.01152,0.00005,0.98838,0.00005
27.59559,0.48529,0.01485,0.00004,0.98508,0.00004
27.69853,0.48529,0.01350,0.00004,0.98640,0.00005
27.80147,0.48529,0.02136,0.00005,0.97855,0.00005
27.90441,0.48529,0.01535,0.00004,0.98457,0.00004
28.00735,0.48529,0.01657,0.00004,0.98335,0.00004
28.11029,0.48529,0.01040,0.00002,0.98956,0.00002
28.21324,0.48529,0.01123,0.00003,0.98871,0.00004
28.31618,0.48529,0.01120,0.00002,0.98874,0.00003
28.41912,0.48529,0.01301,0.00006,0.98688,0.00005
28.52206,0.48529,0.01334,0.00004,0.98657,0.00004
28.62500,0.48529,0.01623,0.00005,0.98368,0.00005
28.72794,0.48529,0.01264,0.00005,0.98726,0.00005
28.83088,0.48529,0.01991,0.00004,0.98001,0.00004
28.93382,0.48529,0.01556,0.00003,0.98438,0.00003
29.03676,0.48529,0.01728,0.00002,0.98268,0.00002
29.13971,0.48529,0.01388,0.00003,0.98605,0.00004
29.24265,0.48529,0.01590,0.00003,0.98403,0.00004
29.34559,0.48529,0.01141,0.00005,0.98850,0.00004
29.44853,0.48529,0.01530,0.00005,0.98460,0.00005
29.55147,0.48529,0.00970,0.00004,0.99021,0.00004
29.65441,0.48529,0.01192,0.00003,0.98802,0.00003
29.75735,0.48529,0.01125,0.00003,0.98869,0.00003
29.86029,0.48529,0.01771,0.00002,0.98224,0.00003
29.96324,0.48529,0.02042,0.00003,0.97950,0.00005
30.06618,0.48529,0.01493,0.00005,0.98495,0.00006
30.16912,0.48529,0.01424,0.00004,0.98568,0.00004
30.27206,0.48529,0.02555,0.00005,0.97433,0.00006
30.37500,0.48529,0.01550,0.00004,0.98442,0.00004
30.47794,0.48529,0.02081,0.00005,0.97909,0.00005
30.58088,0.48529,0.01138,0.00003,0.98857,0.00003
30.68382,0.48529,0.01080,0.00003,0.98914,0.00003
30.78676,0.48529,0.01970,0.00003,0.98025,0.00003
30.88971,0.48529,0.01416,0.00004,0.98575,0.00005
30.99265,0.48529,0.01451,0.00004,0.98540,0.00004
31.09559,0.48529,0.01648,0.00009,0.98336,0.00006
31.19853,0.48529,0.01750,0.00003,0.98244,0.00004
31.30147,0.48529,0.01515,0.00003,0.98478,0.00003
31.40441,0.48529,0.01456,0.00004,0.98536,0.00004
31.50735,0.48529,0.01373,0.00003,0.98621,0.00003
31.61029,0.48529,0.01165,0.00002,0.98830,0.00003
31.71324,0.48529,0.01138,0.00004,0.98852,0.00005
31.81618,0.48529,0.01400,0.00005,0.98590,0.00006
31.91912,0.48529,0.01393,0.00006,0.98597,0.00004
32.02206,0.48529,0.01796,0.00005,0.98193,0.00006
32.12500,0.48529,0.01864,0.00006,0.98125,0.00004
32.22794,0.48529,0.01388,0.00005,0.98603,0.00005
32.33088,0.48529,0.01556,0.00003,0.98438,0.00003
32.43382,0.48529,0.01036,0.00002,0.98960,0.00003
32.53677,0.48529,0.01164,0.00003,0.98829,0.00004
32.63971,0.48529,0.01082,0.00005,0.98908,0.00004
32.74265,0.48529,0.01374,0.00006,0.98615,0.00005
32.84559,0.48529,0.01457,0.00004,0.98535,0.00004
32.94853,0.48529,0.01190,0.00003,0.98804,0.00003
33.05147,0.48529,0.01075,0.00003,0.98918,0.00004
33.15441,0.48529,0.01748,0.00004,0.98245,0.00004
33.25735,0.48529,0.01792,0.00002,0.98204,0.00002
33.36029,0.48529,0.01623,0.00003,0.98371,0.00004
33.46323,0.48529,0.01433,0.00003,0.98559,0.00004
33.56618,0.48529,0.01324,0.00004,0.98668,0.00004
33.66912,0.48529,0.01846,0.00006,0.98142,0.00006
33.77206,0.48529,0.01627,0.00004,0.98365,0.00004
33.87500,0.48529,0.01172,0.00005,0.98820,0.00004
33.97794,0.48529,0.01125,0.00003,0.98869,0.00003
34.08088,0.48529,0.01589,0.00003,0.98403,0.00004
34.18382,0.48529,0.01269,0.00002,0.98725,0.00003
34.28677,0.48529,0.01285,0.00003,0.98708,0.00004
34.38971,0.48529,0.01507,0.00004,0.98484,0.00004
34.49265,0.48529,0.01425,0.00006,0.98565,0.00005
34.59559,0.48529,0.01561,0.00003,0.98431,0.00004
34.69853,0.48529,0.01479,0.00004,0.98514,0.00003
34.80147,0.48529,0.01287,0.00004,0.98705,0.00004
34.90441,0.48529,0.01630,0.00002,0.98365,0.00003
35.00735,0.48529,0.01221,0.00002,0.98774,0.00003
35.11029,0.48529,0.01245,0.00003,0.98748,0.00004
35.21323,0.48529,0.01375,0.00005,0.98615,0.00005
35.31618,0.48529,0.01532,0.00007,0.98455,0.00005
35.41912,0.48529,0.01282,0.00004,0.98710,0.00004
35.52206,0.48529,0.01231,0.00004,0.98762,0.00003
35.62500,0.48529,0.01356,0.00003,0.98638,0.00003
35.72794,0.48529,0.01050,0.00002,0.98946,0.00002
35.83088,0.48529,0.01028,0.00003,0.98967,0.00003
35.93382,0.48529,0.01032,0.00002,0.98962,0.00003
36.03677,0.48529,0.01543,0.00006,0.98445,0.00006
36.13971,0.48529,0.01606,0.00006,0.98382,0.00006
36.24265,0.48529,0.01814,0.00005,0.98176,0.00005
36.34559,0.48529,0.02039,0.00004,0.97952,0.00005
36.44853,0.48529,0.01525,0.00004,0.98467,0.00004
36.55147,0.48529,0.01498,0.00004,0.98495,0.00004
36.65441,0.48529,0.01815,0.00003,0.98179,0.00003
36.75735,0.48529,0.01027,0.00003,0.98967,0.00003
36.86029,0.48529,0.01070,0.00005,0.98920,0.00005
36.96323,0.48529,0.00997,0.00004,0.98996,0.00004
37.06618,0.48529,0.01355,0.00006,0.98634,0.00005
37.16912,0.48529,0.01207,0.00005,0.98785,0.00003
37.27206,0.48529,0.00960,0.00003,0.99034,0.00003
37.37500,0.48529,0.01205,0.00004,0.98787,0.00004
37.47794,0.48529,0.01131,0.00003,0.98863,0.00003
37.58088,0.48529,0.01096,0.00002,0.98900,0.00002
37.68382,0.48529,0.01014,0.00003,0.98981,0.00003
37.78677,0.48529,0.01307,0.00003,0.98685,0.00004
37.88971,0.48529,0.01166,0.00004,0.98826,0.00003
37.99265,0.48529,0.01524,0.00004,0.98468,0.00004
38.09559,0.48529,0.01314,0.00004,0.98679,0.00003
38.19853,0.48529,0.01193,0.00004,0.98800,0.00004
38.30147,0.48529,0.01702,0.00002,0.98294,0.00002
38.40441,0.48529,0.00997,0.00002,0.98999,0.00002
38.50735,0.48529,0.01547,0.00002,0.98447,0.00003
38.61029,0.48529,0.01749,0.00004,0.98242,0.00005
38.71323,0.48529,0.01496,0.00008,0.98491,0.00005
38.81618,0.48529,0.01236,0.00004,0.98756,0.00004
38.91912,0.48529,0.01765,0.00004,0.98227,0.00004
39.02206,0.48529,0.01464,0.00003,0.98530,0.00004
39.12500,0.48529,0.01931,0.00004,0.98061,0.00004
39.22794,0.48529,0.01645,0.00002,0.98349,0.00003
39.33088,0.48529,0.00996,0.00002,0.98999,0.00003
39.43382,0.48529,0.00853,0.00003,0.99140,0.00004
39.53677,0.48529,0.01353,0.00006,0.98634,0.00006
39.63971,0.48529,0.01617,0.00004,0.98375,0.00004
39.74265,0.48529,0.01232,0.00004,0.98759,0.00004
39.84559,0.48529,0.01180,0.00006,0.98810,0.00004
39.94853,0.48529,0.01773,0.00004,0.98219,0.00004
40.05147,0.48529,0.01533,0.00003,0.98461,0.00003
40.15441,0.48529,0.01069,0.00003,0.98925,0.00004
40.25735,0.48529,0.01154,0.00002,0.98841,0.00003
40.36029,0.48529,0.01308,0.00004,0.98684,0.00005
40.46323,0.48529,0.01398,0.00005,0.98593,0.00005
40.56618,0.48529,0.01526,0.00004,0.98466,0.00004
40.66912,0.48529,0.01262,0.00004,0.98731,0.00003
40.77206,0.48529,0.01319,0.00004,0.98674,0.00003
40.87500,0.48529,0.01530,0.00003,0.98465,0.00002
40.97794,0.48529,0.01233,0.00002,0.98763,0.00002
41.08088,0.48529,0.01275,0.00003,0.98718,0.00003
41.18382,0.48529,0.00917,0.00004,0.99075,0.00004
41.28677,0.48529,0.01358,0.00006,0.98633,0.00004
41.38971,0.48529,0.01426,0.00004,0.98566,0.00004
41.49265,0.48529,0.01664,0.00005,0.98327,0.00004
41.59559,0.48529,0.01194,0.00003,0.98799,0.00004
41.69853,0.48529,0.01669,0.00004,0.98322,0.00004
41.80147,0.48529,0.01321,0.00002,0.98674,0.00002
41.90441,0.48529,0.01289,0.00003,0.98705,0.00004
42.00735,0.48529,0.01399,0.00003,0.98592,0.00005
42.11029,0.48529,0.01115,0.00004,0.98876,0.00005
42.21323,0.48529,0.01472,0.00005,0.98518,0.00004
42.31618,0.48529,0.01538,0.00005,0.98453,0.00005
42.41912,0.48529,0.01258,0.00004,0.98734,0.00004
42.52206,0.48529,0.01352,0.00005,0.98639,0.00004
42.62500,0.48529,0.01559,0.00003,0.98435,0.00003
42.72794,0.48529,0.00993,0.00003,0.99001,0.00003
42.83088,0.48529,0.01591,0.00003,0.98403,0.00004
42.93382,0.48529,0.01401,0.00005,0.98589,0.00006
43.03677,0.48529,0.01318,0.00005,0.98672,0.00004
43.13971,0.48529,0.01347,0.00004,0.98644,0.00005
43.24265,0.48529,0.01626,0.00006,0.98362,0.00006
43.34559,0.48529,0.01271,0.00005,0.98719,0.00005
43.44853,0.48529,0.01489,0.00005,0.98502,0.00004
43.55147,0.48529,0.01103,0.00003,0.98892,0.00003
43.65441,0.48529,0.01618,0.00003,0.98375,0.00005
43.75735,0.48529,0.01365,0.00004,0.98625,0.00005
43.86029,0.48529,0.01438,0.00005,0.98553,0.00004
43.96323,0.48529,0.01680,0.00004,0.98312,0.00004
44.06618,0.48529,0.01273,0.00003,0.98721,0.00003
44.16912,0.48529,0.01355,0.00005,0.98636,0.00004
44.27206,0.48529,0.01563,0.00003,0.98431,0.00003
44.37500,0.48529,0.01687,0.00003,0.98307,0.00004
44.47794,0.48529,0.01458,0.00003,0.98535,0.00004
44.58088,0.48529,0.01226,0.00002,0.98769,0.00003
44.68382,0.48529,0.01456,0.00007,0.98531,0.00006
44.78677,0.48529,0.01558,0.00004,0.98434,0.00004
44.88971,0.48529,0.01422,0.00003,0.98571,0.00003
44.99265,0.48529,0.01399,0.00005,0.98591,0.00005
45.09559,0.48529,0.02101,0.00003,0.97892,0.00004
45.19853,0.48529,0.01372,0.00003,0.98624,0.00002
45.30147,0.48529,0.01053,0.00003,0.98941,0.00004
45.40441,0.48529,0.01329,0.00003,0.98663,0.00004
45.50735,0.48529,0.01033,0.00006,0.98957,0.00005
45.61029,0.48529,0.01171,0.00003,0.98822,0.00004
45.71323,0.48529,0.01870,0.00004,0.98123,0.00003
45.81618,0.48529,0.01363,0.00005,0.98629,0.00004
45.91912,0.48529,0.01569,0.00006,0.98420,0.00005
46.02206,0.48529,0.01596,0.00002,0.98399,0.00003
46.12500,0.48529,0.01653,0.00002,0.98343,0.00002
46.22794,0.48529,0.01405,0.00003,0.98588,0.00004
46.33088,0.48529,0.01342,0.00004,0.98648,0.00005
46.43382,0.48529,0.01387,0.00005,0.98604,0.00004
46.53677,0.48529,0.01456,0.00004,0.98536,0.00004
46.63971,0.48529,0.01414,0.00006,0.98575,0.00005
46.74265,0.48529,0.01416,0.00004,0.98576,0.00004
46.84559,0.48529,0.01576,0.00003,0.98419,0.00002
46.94853,0.48529,0.01382,0.00002,0.98614,0.00002
47.05147,0.48529,0.01887,0.00002,0.98108,0.00003
47.15441,0.48529,0.01112,0.00003,0.98881,0.00004
47.25735,0.48529,0.00995,0.00004,0.98996,0.00004
47.36029,0.48529,0.01359,0.00005,0.98631,0.00005
47.46323,0.48529,0.01307,0.00005,0.98684,0.00004
47.56618,0.48529,0.01116,0.00004,0.98877,0.00003
47.66912,0.48529,0.01881,0.00004,0.98111,0.00004
47.77206,0.48529,0.01343,0.00003,0.98652,0.00003
47.87500,0.48529,0.01266,0.00003,0.98728,0.00003
47.97794,0.48529,0.01244,0.00003,0.98749,0.00003
48.08088,0.48529,0.01176,0.00006,0.98812,0.00006
48.18382,0.48529,0.01319,0.00004,0.98674,0.00004
48.28677,0.48529,0.01485,0.00003,0.98509,0.00004
48.38971,0.48529,0.01282,0.00003,0.98711,0.00003
48.49265,0.48529,0.01463,0.00004,0.98528,0.00005
48.59559,0.48529,0.01903,0.00002,0.98091,0.00003
48.69853,0.48529,0.01509,0.00003,0.98485,0.00003
48.80147,0.48529,0.01408,0.00004,0.98582,0.00006
48.90441,0.48529,0.00872,0.00003,0.99122,0.00003
49.00735,0.48529,0.01370,0.00007,0.98619,0.00004
49.11029,0.48529,0.01097,0.00004,0.98896,0.00004
49.21323,0.48529,0.01014,0.00004,0.98978,0.00004
49.31618,0.48529,0.01142,0.00004,0.98851,0.00003
49.41912,0.48529,0.01478,0.00005,0.98511,0.00005
49.52206,0.48529,0.01848,0.00002,0.98147,0.00002
49.62500,0.48529,0.01418,0.00002,0.98576,0.00003
49.72794,0.48529,0.01040,0.00003,0.98953,0.00004
49.83088,0.48529,0.01356,0.00004,0.98636,0.00004
49.93382,0.48529,0.01944,0.00005,0.98046,0.00004
50.03677,0.48529,0.01581,0.00006,0.98409,0.00004
50.13971,0.48529,0.01282,0.00003,0.98713,0.00002
50.24265,0.48529,0.01339,0.00004,0.98653,0.00004
50.34559,0.48529,0.01710,0.00002,0.98284,0.00003
50.44853,0.48529,0.01554,0.00002,0.98441,0.00003
50.55147,0.48529,0.01020,0.00003,0.98973,0.00004
50.65441,0.48529,0.01063,0.00004,0.98929,0.00005
50.75735,0.48529,0.01563,0.00004,0.98429,0.00004
50.86029,0.48529,0.01736,0.00006,0.98251,0.00006
50.96323,0.48529,0.01359,0.00003,0.98634,0.00004
51.06618,0.48529,0.01149,0.00004,0.98844,0.00003
51.16912,0.48529,0.01401,0.00002,0.98594,0.00002
51.27206,0.48529,0.01550,0.00002,0.98446,0.00003
51.37500,0.48529,0.01231,0.00002,0.98764,0.00003
51.47794,0.48529,0.01480,0.00007,0.98506,0.00007
51.58088,0.48529,0.01067,0.00005,0.98924,0.00004
51.68382,0.48529,0.01507,0.00003,0.98486,0.00004
51.78677,0.48529,0.01521,0.00003,0.98472,0.00003
51.88971,0.48529,0.01374,0.00005,0.98617,0.00004
51.99265,0.48529,0.01451,0.00003,0.98543,0.00004
52.09559,0.48529,0.01816,0.00002,0.98179,0.00003
52.19853,0.48529,0.01858,0.00003,0.98134,0.00005
52.30147,0.48529,0.01198,0.00003,0.98795,0.00004
52.40441,0.48529,0.01523,0.00004,0.98468,0.00005
52.50735,0.48529,0.01379,0.00006,0.98611,0.00004
52.61029,0.48529,0.01209,0.00004,0.98784,0.00004
52.71323,0.48529,0.01222,0.00003,0.98772,0.00003
52.81618,0.48529,0.01382,0.00003,0.98612,0.00003
52.91912,0.48529,0.01858,0.00004,0.98135,0.00003
53.02206,0.48529,0.01866,0.00003,0.98128,0.00004
53.12500,0.48529,0.01322,0.00003,0.98671,0.00004
53.22794,0.48529,0.01550,0.00005,0.98439,0.00006
53.33088,0.48529,0.01748,0.00009,0.98238,0.00006
53.43382,0.48529,0.01510,0.00005,0.98481,0.00005
53.53677,0.48529,0.01478,0.00004,0.98515,0.00003
53.63971,0.48529,0.01655,0.00007,0.98334,0.00004
53.74265,0.48529,0.01259,0.00003,0.98735,0.00003
53.84559,0.48529,0.01588,0.00002,0.98407,0.00003
53.94853,0.48529,0.01257,0.00003,0.98737,0.00003
54.05147,0.48529,0.01340,0.00004,0.98651,0.00005
54.15441,0.48529,0.01427,0.00004,0.98565,0.00004
54.25735,0.48529,0.01323,0.00003,0.98670,0.00003
54.36029,0.48529,0.01618,0.00005,0.98371,0.00006
54.46323,0.48529,0.01274,0.00006,0.98715,0.00006
54.56618,0.48529,0.01348,0.00006,0.98640,0.00006
54.66912,0.48529,0.01380,0.00003,0.98614,0.00003
54.77206,0.48529,0.01293,0.00003,0.98702,0.00003
54.87500,0.48529,0.01344,0.00004,0.98647,0.00005
54.97794,0.48529,0.01588,0.00004,0.98404,0.00005
55.08088,0.48529,0.01601,0.00005,0.98389,0.00005
55.18382,0.48529,0.01985,0.00005,0.98005,0.00005
55.28677,0.48529,0.01333,0.00004,0.98658,0.00004
55.38971,0.48529,0.01599,0.00004,0.98392,0.00004
55.49265,0.48529,0.01548,0.00003,0.98447,0.00003
55.59559,0.48529,0.01394,0.00002,0.98601,0.00003
55.69853,0.48529,0.01325,0.00003,0.98668,0.00004
55.80147,0.48529,0.01123,0.00004,0.98868,0.00005
55.90441,0.48529,0.01234,0.00005,0.98758,0.00003
56.00735,0.48529,0.01564,0.00005,0.98427,0.00004
56.11029,0.48529,0.01507,0.00003,0.98487,0.00003
56.21323,0.48529,0.01295,0.00005,0.98695,0.00005
56.31618,0.48529,0.01545,0.00002,0.98450,0.00003
56.41912,0.48529,0.01430,0.00004,0.98564,0.00003
56.52206,0.48529,0.01336,0.00002,0.98658,0.00004
56.62500,0.48529,0.01233,0.00003,0.98760,0.00004
56.72794,0.48529,0.01288,0.00006,0.98702,0.00004
56.83088,0.48529,0.01716,0.00005,0.98274,0.00004
56.93382,0.48529,0.01590,0.00003,0.98402,0.00004
57.03677,0.48529,0.01763,0.00004,0.98229,0.00004
57.13971,0.48529,0.02394,0.00005,0.97595,0.00006
57.24265,0.48529,0.01723,0.00003,0.98270,0.00004
57.34559,0.48529,0.01237,0.00002,0.98757,0.00003
57.44853,0.48529,0.01173,0.00003,0.98820,0.00004
57.55147,0.48529,0.01291,0.00005,0.98698,0.00005
57.65441,0.48529,0.01606,0.00004,0.98385,0.00005
57.75735,0.48529,0.02671,0.00007,0.97316,0.00006
57.86029,0.48529,0.01812,0.00006,0.98178,0.00004
57.96323,0.48529,0.01288,0.00006,0.98701,0.00004
58.06618,0.48529,0.01595,0.00004,0.98397,0.00003
58.16912,0.48529,0.01335,0.00002,0.98661,0.00002
58.27206,0.48529,0.01008,0.00003,0.98985,0.00004
58.37500,0.48529,0.00982,0.00002,0.99013,0.00003
58.47794,0.48529,0.01144,0.00005,0.98846,0.00005
58.58088,0.48529,0.01509,0.00005,0.98481,0.00005
58.68382,0.48529,0.01318,0.00005,0.98672,0.00004
58.78677,0.48529,0.01400,0.00004,0.98592,0.00004
58.88971,0.48529,0.01708,0.00003,0.98284,0.00004
58.99265,0.48529,0.01181,0.00002,0.98815,0.00002
59.09559,0.48529,0.01131,0.00002,0.98863,0.00003
59.19853,0.48529,0.00915,0.00003,0.99080,0.00003
59.30147,0.48529,0.00946,0.00004,0.99046,0.00004
59.40441,0.48529,0.01185,0.00003,0.98808,0.00003
59.50735,0.48529,0.01476,0.00004,0.98516,0.00004
59.61029,0.48529,0.01331,0.00003,0.98663,0.00003
59.71323,0.48529,0.01258,0.00003,0.98736,0.00003
59.81618,0.48529,0.01395,0.00002,0.98600,0.00002
59.91912,0.48529,0.01307,0.00002,0.98688,0.00003
60.02206,0.48529,0.01653,0.00003,0.98341,0.00004
60.12500,0.48529,0.01339,0.00005,0.98651,0.00005
60.22794,0.48529,0.01069,0.00004,0.98923,0.00004
60.33088,0.48529,0.01468,0.00005,0.98522,0.00006
60.43382,0.48529,0.01389,0.00005,0.98602,0.00005
60.53677,0.48529,0.01663,0.00004,0.98329,0.00004
60.63971,0.48529,0.01301,0.00003,0.98693,0.00003
60.74265,0.48529,0.01133,0.00002,0.98862,0.00003
60.84559,0.48529,0.01284,0.00002,0.98711,0.00003
60.94853,0.48529,0.01056,0.00003,0.98937,0.00004
61.05147,0.48529,0.01182,0.00003,0.98811,0.00003
61.15441,0.48529,0.01266,0.00006,0.98723,0.00005
61.25735,0.48529,0.01761,0.00004,0.98232,0.00004
61.36029,0.48529,0.01340,0.00005,0.98651,0.00004
61.46323,0.48529,0.01335,0.00003,0.98659,0.00004
61.56618,0.48529,0.00983,0.00002,0.99013,0.00002
61.66912,0.48529,0.00935,0.00002,0.99060,0.00003
61.77206,0.48529,0.01216,0.00004,0.98775,0.00005
61.87500,0.48529,0.01124,0.00006,0.98866,0.00005
61.97794,0.48529,0.01080,0.00003,0.98914,0.00004
62.08088,0.48529,0.01636,0.00006,0.98352,0.00006
62.18382,0.48529,0.01340,0.00005,0.98651,0.00004
62.28677,0.48529,0.01499,0.00004,0.98494,0.00003
62.38971,0.48529,0.01212,0.00003,0.98782,0.00003
62.49265,0.48529,0.01396,0.00003,0.98598,0.00003
62.59559,0.48529,0.01213,0.00003,0.98781,0.00003
62.69853,0.48529,0.00857,0.00004,0.99135,0.00004
62.80147,0.48529,0.01205,0.00004,0.98788,0.00003
62.90441,0.48529,0.01313,0.00004,0.98678,0.00005
63.00735,0.48529,0.01222,0.00004,0.98771,0.00004
63.11029,0.48529,0.01265,0.00004,0.98727,0.00003
63.21323,0.48529,0.01236,0.00004,0.98757,0.00004
63.31618,0.48529,0.01510,0.00002,0.98486,0.00002
63.41912,0.48529,0.01487,0.00003,0.98506,0.00004
63.52206,0.48529,0.01279,0.00004,0.98713,0.00004
63.62500,0.48529,0.01327,0.00006,0.98662,0.00004
63.72794,0.48529,0.01128,0.00004,0.98864,0.00004
63.83088,0.48529,0.01402,0.00004,0.98589,0.00004
63.93382,0.48530,0.01158,0.00004,0.98835,0.00003
64.03677,0.48529,0.01022,0.00004,0.98971,0.00003
64.13971,0.48529,0.01815,0.00002,0.98181,0.00003
64.24265,0.48530,0.01502,0.00002,0.98493,0.00003
64.34559,0.48529,0.01233,0.00004,0.98757,0.00005
64.44853,0.48529,0.01211,0.00004,0.98780,0.00004
64.55147,0.48530,0.01848,0.00006,0.98141,0.00005
64.65441,0.48530,0.01834,0.00005,0.98155,0.00005
64.75735,0.48529,0.01663,0.00004,0.98329,0.00004
64.86029,0.48530,0.01350,0.00003,0.98645,0.00003
64.96323,0.48530,0.01179,0.00003,0.98815,0.00003
65.06618,0.48529,0.01505,0.00002,0.98491,0.00002
65.16912,0.48529,0.01464,0.00004,0.98527,0.00005
65.27206,0.48530,0.01532,0.00005,0.98457,0.00006
65.37500,0.48529,0.01065,0.00003,0.98928,0.00003
65.47794,0.48529,0.01318,0.00006,0.98672,0.00005
65.58088,0.48530,0.01811,0.00005,0.98181,0.00004
65.68382,0.48530,0.01640,0.00005,0.98351,0.00005
65.78677,0.48529,0.01401,0.00003,0.98593,0.00003
65.88971,0.48529,0.01204,0.00002,0.98791,0.00002
65.99265,0.48530,0.00930,0.00003,0.99064,0.00003
66.09559,0.48529,0.00957,0.00004,0.99035,0.00004
66.19853,0.48529,0.01177,0.00005,0.98813,0.00005
66.30147,0.48530,0.01308,0.00003,0.98684,0.00004
66.40441,0.48530,0.01317,0.00004,0.98675,0.00004
66.50735,0.48529,0.00989,0.00004,0.99004,0.00003
66.61029,0.48530,0.01438,0.00005,0.98552,0.00005
66.71323,0.48530,0.01329,0.00002,0.98666,0.00002
66.81618,0.48529,0.01313,0.00002,0.98683,0.00002
66.91912,0.48529,0.01177,0.00004,0.98816,0.00003
67.02206,0.48530,0.01567,0.00004,0.98425,0.00004
67.12500,0.48529,0.01404,0.00005,0.98587,0.00005
67.22794,0.48529,0.02053,0.00005,0.97936,0.00005
67.33088,0.48530,0.00959,0.00004,0.99034,0.00003
67.43382,0.48530,0.01120,0.00004,0.98872,0.00004
67.53677,0.48529,0.01393,0.00003,0.98601,0.00003
67.63971,0.48529,0.01160,0.00002,0.98835,0.00002
67.74265,0.48530,0.01085,0.00003,0.98907,0.00004
67.84559,0.48529,0.01024,0.00004,0.98968,0.00004
67.94853,0.48529,0.01326,0.00005,0.98665,0.00004
68.05147,0.48530,0.01327,0.00004,0.98666,0.00003
68.15441,0.48530,0.01413,0.00003,0.98580,0.00003
68.25735,0.48529,0.01033,0.00004,0.98959,0.00004
68.36029,0.48530,0.01476,0.00003,0.98518,0.00003
68.46323,0.48530,0.01058,0.00002,0.98938,0.00002
68.56618,0.48529,0.01094,0.00003,0.98899,0.00004
68.66912,0.48529,0.01417,0.00003,0.98575,0.00004
68.77206,0.48530,0.01206,0.00005,0.98783,0.00005
68.87500,0.48529,0.01744,0.00005,0.98245,0.00006
68.97794,0.48529,0.01653,0.00005,0.98338,0.00005
69.08088,0.48530,0.01256,0.00004,0.98736,0.00003
69.18382,0.48530,0.01295,0.00005,0.98696,0.00004
69.28677,0.48529,0.01665,0.00003,0.98329,0.00003
69.38971,0.48529,0.01012,0.00002,0.98984,0.00002
69.49265,0.48530,0.01425,0.00003,0.98569,0.00004
69.59559,0.48529,0.01216,0.00003,0.98778,0.00003
69.69853,0.48529,0.01141,0.00004,0.98852,0.00004
69.80147,0.48530,0.01761,0.00007,0.98227,0.00005
69.90441,0.48530,0.01760,0.00004,0.98232,0.00004
70.00735,0.48529,0.01354,0.00004,0.98638,0.00004
70.11029,0.48530,0.01386,0.00003,0.98609,0.00002
70.21323,0.48530,0.01334,0.00002,0.98661,0.00002
70.31618,0.48529,0.01413,0.00003,0.98581,0.00004
70.41912,0.48529,0.01038,0.00003,0.98955,0.00004
70.52206,0.48530,0.01280,0.00006,0.98710,0.00004
70.62500,0.48529,0.01483,0.00005,0.98509,0.00004
70.72794,0.48529,0.01270,0.00003,0.98723,0.00004
70.83088,0.48530,0.01060,0.00003,0.98934,0.00003
70.93382,0.48530,0.01395,0.00003,0.98599,0.00003
71.03677,0.48529,0.01178,0.00003,0.98817,0.00003
71.13971,0.48529,0.01410,0.00002,0.98585,0.00003
71.24265,0.48530,0.01193,0.00003,0.98801,0.00003
71.34559,0.48529,0.01120,0.00006,0.98870,0.00004
71.44853,0.48529,0.01340,0.00005,0.98651,0.00004
71.55147,0.48530,0.01387,0.00004,0.98605,0.00004
71.65441,0.48530,0.01055,0.00005,0.98936,0.00004
71.75735,0.48529,0.01020,0.00004,0.98973,0.00003
71.86029,0.48530,0.01414,0.00003,0.98580,0.00003
71.96323,0.48530,0.01002,0.00002,0.98993,0.00002
72.06618,0.48529,0.01067,0.00003,0.98927,0.00004
72.16912,0.48529,0.01109,0.00004,0.98883,0.00005
72.27206,0.48530,0.01005,0.00004,0.98988,0.00003
72.37500,0.48529,0.01496,0.00004,0.98494,0.00005
72.47794,0.48529,0.01861,0.00006,0.98129,0.00005
72.58088,0.48530,0.02154,0.00004,0.97838,0.00004
72.68382,0.48530,0.01493,0.00004,0.98500,0.00003
72.78677,0.48529,0.01106,0.00002,0.98889,0.00002
72.88971,0.48529,0.01375,0.00003,0.98618,0.00004
72.99265,0.48530,0.01020,0.00004,0.98972,0.00004
73.09559,0.48529,0.01093,0.00005,0.98899,0.00004
73.19853,0.48529,0.01894,0.00004,0.98098,0.00004
73.30147,0.48530,0.02575,0.00006,0.97414,0.00005
73.40441,0.48530,0.01175,0.00004,0.98817,0.00003
73.50735,0.48529,0.02038,0.00004,0.97954,0.00004
73.61029,0.48530,0.01287,0.00002,0.98709,0.00002
73.71323,0.48530,0.01724,0.00002,0.98271,0.00003
73.81618,0.48529,0.01219,0.00004,0.98773,0.00004
73.91912,0.48529,0.01084,0.00004,0.98908,0.00004
74.02206,0.48530,0.01300,0.00003,0.98693,0.00004
74.12500,0.48529,0.01774,0.00005,0.98217,0.00004
74.22794,0.48529,0.00876,0.00004,0.99116,0.00003
74.33088,0.48530,0.01615,0.00003,0.98378,0.00004
74.43382,0.48530,0.01116,0.00002,0.98879,0.00002
74.53677,0.48529,0.01313,0.00002,0.98682,0.00003
74.63971,0.48529,0.01457,0.00002,0.98537,0.00003
74.74265,0.48530,0.00973,0.00003,0.99020,0.00004
74.84559,0.48529,0.01046,0.00004,0.98946,0.00004
74.94853,0.48529,0.01328,0.00006,0.98662,0.00005
75.05147,0.48530,0.01401,0.00005,0.98589,0.00004
75.15441,0.48530,0.01068,0.00004,0.98924,0.00004
75.25735,0.48529,0.01077,0.00003,0.98918,0.00003
75.36029,0.48530,0.01733,0.00002,0.98263,0.00002
75.46323,0.48530,0.01412,0.00003,0.98581,0.00004
75.56618,0.48529,0.01444,0.00003,0.98548,0.00004
75.66912,0.48529,0.01253,0.00004,0.98739,0.00003
75.77206,0.48530,0.01600,0.00006,0.98388,0.00005
75.87500,0.48529,0.01511,0.00004,0.98481,0.00004
75.97794,0.48529,0.01066,0.00004,0.98928,0.00002
76.08088,0.48530,0.01326,0.00003,0.98668,0.00003
76.18382,0.48530,0.01278,0.00003,0.98716,0.00003
76.28677,0.48529,0.01662,0.00002,0.98334,0.00002
76.38971,0.48529,0.01075,0.00003,0.98918,0.00004
76.49265,0.48530,0.01054,0.00003,0.98940,0.00003
76.59559,0.48529,0.01352,0.00006,0.98636,0.00006
76.69853,0.48529,0.02821,0.00005,0.97168,0.00006
76.80147,0.48530,0.01687,0.00004,0.98305,0.00004
76.90441,0.48530,0.01574,0.00004,0.98418,0.00004
77.00735,0.48529,0.01399,0.00004,0.98592,0.00004
77.11029,0.48530,0.01358,0.00003,0.98637,0.00003
77.21323,0.48530,0.00946,0.00002,0.99050,0.00002
77.31618,0.48529,0.01221,0.00004,0.98770,0.00005
77.41912,0.48529,0.01252,0.00006,0.98738,0.00004
77.52206,0.48530,0.01232,0.00004,0.98759,0.00004
77.62500,0.48529,0.01251,0.00004,0.98741,0.00004
77.72794,0.48529,0.01091,0.00004,0.98902,0.00003
77.83088,0.48530,0.01088,0.00003,0.98906,0.00003
77.93382,0.48530,0.01413,0.00002,0.98583,0.00002
78.03677,0.48529,0.01394,0.00002,0.98601,0.00003
78.13971,0.48529,0.01259,0.00004,0.98731,0.00006
78.24265,0.48530,0.01524,0.00003,0.98469,0.00004
78.34559,0.48529,0.01545,0.00007,0.98444,0.00005
78.44853,0.48529,0.01977,0.00004,0.98015,0.00004
78.55147,0.48530,0.01277,0.00004,0.98717,0.00003
78.65441,0.48530,0.01587,0.00002,0.98408,0.00003
78.75735,0.48529,0.01903,0.00003,0.98090,0.00004
78.86029,0.48530,0.02431,0.00002,0.97564,0.00002
78.96323,0.48530,0.01682,0.00002,0.98313,0.00003
79.06618,0.48529,0.01746,0.00006,0.98243,0.00005
79.16912,0.48529,0.01353,0.00006,0.98636,0.00004
79.27206,0.48530,0.01496,0.00004,0.98496,0.00004
79.37500,0.48529,0.01856,0.00004,0.98136,0.00004
79.47794,0.48529,0.01075,0.00005,0.98917,0.00004
79.58088,0.48530,0.01210,0.00004,0.98782,0.00004
79.68382,0.48530,0.01126,0.00002,0.98869,0.00002
79.78677,0.48529,0.01129,0.00003,0.98865,0.00004
79.88971,0.48529,0.01305,0.00004,0.98687,0.00004
79.99265,0.48530,0.01749,0.00004,0.98242,0.00004
80.09559,0.48529,0.01837,0.00005,0.98153,0.00005
80.19853,0.48529,0.01421,0.00003,0.98572,0.00004
80.30147,0.48530,0.01857,0.00005,0.98134,0.00004
80.40441,0.48530,0.01479,0.00003,0.98515,0.00003
80.50735,0.48529,0.01286,0.00002,0.98709,0.00003
80.61029,0.48530,0.01089,0.00003,0.98906,0.00003
80.71323,0.48530,0.01206,0.00004,0.98787,0.00004
80.81618,0.48529,0.01064,0.00005,0.98926,0.00005
80.91912,0.48529,0.01408,0.00004,0.98584,0.00004
81.02206,0.48530,0.01535,0.00005,0.98455,0.00005
81.12500,0.48529,0.01277,0.00004,0.98714,0.00004
81.22794,0.48529,0.01514,0.00006,0.98476,0.00005
81.33088,0.48530,0.01647,0.00003,0.98348,0.00002
81.43382,0.48530,0.01709,0.00003,0.98284,0.00003
81.53677,0.48529,0.01785,0.00003,0.98209,0.00003
81.63971,0.48529,0.02098,0.00005,0.97892,0.00006
81.74265,0.48530,0.01455,0.00005,0.98537,0.00004
81.84559,0.48529,0.02086,0.00004,0.97905,0.00005
81.94853,0.48529,0.02392,0.00004,0.97600,0.00004
82.05147,0.48530,0.01379,0.00006,0.98611,0.00004
82.15441,0.48530,0.01347,0.00003,0.98647,0.00004
82.25735,0.48529,0.00992,0.00002,0.99004,0.00002
82.36029,0.48530,0.01224,0.00003,0.98769,0.00004
82.46323,0.48530,0.01112,0.00003,0.98882,0.00003
82.56618,0.48529,0.01209,0.00008,0.98779,0.00005
82.66912,0.48529,0.01369,0.00003,0.98625,0.00003
82.77206,0.48530,0.01572,0.00004,0.98419,0.00005
82.87500,0.48529,0.01934,0.00006,0.98055,0.00005
82.97794,0.48529,0.01228,0.00003,0.98766,0.00003
83.08088,0.48530,0.01029,0.00003,0.98964,0.00004
83.18382,0.48530,0.00927,0.00002,0.99069,0.00002
83.28677,0.48529,0.01348,0.00003,0.98644,0.00004
83.38971,0.48529,0.01149,0.00005,0.98841,0.00005
83.49265,0.48530,0.01338,0.00005,0.98652,0.00004
83.59559,0.48529,0.01539,0.00005,0.98450,0.00005
83.69853,0.48529,0.01073,0.00003,0.98921,0.00003
83.80147,0.48530,0.01407,0.00004,0.98586,0.00004
83.90441,0.48530,0.01496,0.00004,0.98496,0.00004
84.00735,0.48529,0.01018,0.00003,0.98978,0.00002
84.11029,0.48530,0.01202,0.00002,0.98794,0.00003
84.21323,0.48530,0.01116,0.00005,0.98874,0.00005
84.31618,0.48529,0.00869,0.00003,0.99125,0.00003
84.41912,0.48529,0.00988,0.00003,0.99005,0.00004
84.52206,0.48530,0.01096,0.00004,0.98896,0.00004
84.62500,0.48529,0.01343,0.00004,0.98648,0.00005
84.72794,0.48529,0.01875,0.00002,0.98120,0.00003
84.83088,0.48530,0.01321,0.00002,0.98675,0.00002
84.93382,0.48530,0.01442,0.00002,0.98553,0.00003
85.03677,0.48529,0.01361,0.00003,0.98633,0.00004
85.13971,0.48529,0.01022,0.00004,0.98971,0.00003
85.24265,0.48530,0.01347,0.00005,0.98644,0.00004
85.34559,0.48529,0.01508,0.00003,0.98486,0.00004
85.44853,0.48529,0.00892,0.00004,0.99101,0.00003
85.55147,0.48530,0.01348,0.00003,0.98646,0.00003
85.65441,0.48530,0.01249,0.00002,0.98746,0.00003
85.75735,0.48529,0.01765,0.00002,0.98230,0.00003
85.86029,0.48530,0.01769,0.00003,0.98224,0.00004
85.96323,0.48530,0.01476,0.00005,0.98513,0.00006
86.06618,0.48529,0.01219,0.00005,0.98772,0.00004
86.16912,0.48529,0.01818,0.00004,0.98174,0.00004
86.27206,0.48530,0.01861,0.00005,0.98129,0.00005
86.37500,0.48529,0.01748,0.00004,0.98244,0.00004
86.47794,0.48529,0.01275,0.00003,0.98719,0.00003
86.58088,0.48530,0.01151,0.00002,0.98844,0.00002
86.68382,0.48530,0.01346,0.00004,0.98645,0.00005
86.78677,0.48529,0.01035,0.00004,0.98957,0.00004
86.88971,0.48529,0.01523,0.00003,0.98470,0.00004
86.99265,0.48530,0.01499,0.00005,0.98491,0.00004
87.09559,0.48529,0.01783,0.00004,0.98209,0.00004
87.19853,0.48529,0.01260,0.00004,0.98732,0.00004
87.30147,0.48530,0.01280,0.00003,0.98713,0.00003
87.40441,0.48530,0.01585,0.00002,0.98410,0.00002
87.50735,0.48529,0.01245,0.00002,0.98750,0.00003
87.61029,0.48530,0.01143,0.00003,0.98849,0.00005
87.71323,0.48530,0.01228,0.00003,0.98765,0.00003
87.81618,0.48529,0.01194,0.00003,0.98799,0.00003
87.91912,0.48529,0.01590,0.00003,0.98404,0.00003
88.02206,0.48530,0.01256,0.00005,0.98735,0.00004
88.12500,0.48529,0.01701,0.00004,0.98290,0.00004
88.22794,0.48529,0.01595,0.00004,0.98397,0.00004
88.33088,0.48530,0.01156,0.00002,0.98840,0.00002
88.43382,0.48530,0.01197,0.00003,0.98796,0.00003
88.53677,0.48529,0.01186,0.00005,0.98804,0.00005
88.63971,0.48529,0.01201,0.00003,0.98793,0.00004
88.74265,0.48530,0.01545,0.00004,0.98445,0.00005
88.84559,0.48529,0.01270,0.00004,0.98723,0.00004
88.94853,0.48529,0.01516,0.00006,0.98472,0.00006
89.05147,0.48530,0.01217,0.00004,0.98775,0.00004
89.15441,0.48530,0.01255,0.00003,0.98739,0.00003
89.25735,0.48529,0.01072,0.00003,0.98922,0.00003
89.36029,0.48530,0.01253,0.00004,0.98739,0.00005
89.46323,0.48530,0.01114,0.00004,0.98878,0.00004
89.56618,0.48529,0.01144,0.00004,0.98847,0.00004
89.66912,0.48529,0.01280,0.00005,0.98711,0.00004
89.77206,0.48530,0.01135,0.00003,0.98858,0.00004
89.87500,0.48529,0.01243,0.00004,0.98749,0.00004
89.97794,0.48529,0.01300,0.00003,0.98694,0.00003
90.08088,0.48530,0.01222,0.00003,0.98771,0.00004
90.18382,0.48530,0.01530,0.00003,0.98463,0.00004
90.28677,0.48529,0.01652,0.00005,0.98337,0.00006
90.38971,0.48529,0.01873,0.00008,0.98112,0.00007
90.49265,0.48530,0.01721,0.00007,0.98267,0.00005
90.59559,0.48529,0.01125,0.00004,0.98869,0.00003
90.69853,0.48529,0.01201,0.00004,0.98792,0.00003
90.80147,0.48530,0.01307,0.00002,0.98688,0.00002
90.90441,0.48530,0.01663,0.00002,0.98333,0.00002
91.00735,0.48529,0.01196,0.00003,0.98798,0.00003
91.11029,0.48530,0.01058,0.00003,0.98935,0.00003
91.21323,0.48530,0.01515,0.00005,0.98475,0.00005
91.31618,0.48529,0.01392,0.00004,0.98601,0.00004
91.41912,0.48529,0.01052,0.00004,0.98941,0.00004
91.52206,0.48530,0.01343,0.00004,0.98649,0.00003
91.62500,0.48529,0.01522,0.00003,0.98472,0.00003
91.72794,0.48529,0.00991,0.00003,0.99003,0.00003
91.83088,0.48530,0.01089,0.00003,0.98905,0.00003
91.93382,0.48530,0.01257,0.00003,0.98736,0.00004
92.03677,0.48529,0.01369,0.00004,0.98622,0.00004
92.13971,0.48529,0.01777,0.00008,0.98209,0.00006
92.24265,0.48530,0.01711,0.00003,0.98282,0.00004
92.34559,0.48529,0.01350,0.00005,0.98642,0.00003
92.44853,0.48529,0.01344,0.00005,0.98646,0.00005
92.55147,0.48530,0.01329,0.00003,0.98665,0.00002
92.65441,0.48530,0.00952,0.00002,0.99044,0.00002
92.75735,0.48529,0.01045,0.00003,0.98948,0.00004
92.86029,0.48530,0.01159,0.00004,0.98833,0.00004
92.96323,0.48530,0.01029,0.00005,0.98963,0.00003
93.06618,0.48529,0.01431,0.00004,0.98561,0.00004
93.16912,0.48529,0.01165,0.00003,0.98828,0.00004
93.27206,0.48530,0.01332,0.00004,0.98660,0.00004
93.37500,0.48529,0.01784,0.00005,0.98206,0.00005
93.47794,0.48529,0.01057,0.00002,0.98938,0.00002
93.58088,0.48530,0.01606,0.00003,0.98387,0.00004
93.68382,0.48530,0.01298,0.00004,0.98693,0.00005
93.78677,0.48529,0.01038,0.00004,0.98954,0.00004
93.88971,0.48529,0.01845,0.00006,0.98145,0.00005
93.99265,0.48530,0.01128,0.00004,0.98863,0.00005
94.09559,0.48529,0.00887,0.00003,0.99107,0.00003
94.19853,0.48529,0.01440,0.00002,0.98555,0.00003
94.30147,0.48530,0.01503,0.00002,0.98493,0.00002
94.40441,0.48530,0.01157,0.00003,0.98837,0.00003
94.50735,0.48529,0.01564,0.00004,0.98428,0.00004
94.61029,0.48530,0.01328,0.00006,0.98660,0.00005
94.71323,0.48530,0.01338,0.00003,0.98656,0.00003
94.81618,0.48529,0.01543,0.00003,0.98451,0.00003
94.91912,0.48529,0.01327,0.00004,0.98666,0.00003
95.02206,0.48530,0.01268,0.00002,0.98727,0.00002
95.12500,0.48529,0.01182,0.00003,0.98813,0.00003
95.22794,0.48529,0.01109,0.00002,0.98887,0.00002
95.33088,0.48530,0.01149,0.00003,0.98844,0.00004
95.43382,0.48530,0.01171,0.00005,0.98818,0.00005
95.53677,0.48529,0.01158,0.00003,0.98836,0.00003
95.63971,0.48529,0.01660,0.00005,0.98331,0.00005
95.74265,0.48530,0.01469,0.00005,0.98523,0.00004
95.84559,0.48529,0.01396,0.00004,0.98597,0.00003
95.94853,0.48529,0.01519,0.00002,0.98477,0.00002
96.05147,0.48530,0.01502,0.00002,0.98494,0.00002
96.15441,0.48530,0.01070,0.00003,0.98924,0.00003
96.25735,0.48529,0.01185,0.00004,0.98806,0.00005
96.36029,0.48530,0.01423,0.00006,0.98567,0.00004
96.46323,0.48530,0.01459,0.00004,0.98532,0.00005
96.56618,0.48529,0.01312,0.00004,0.98681,0.00004
96.66912,0.48529,0.01421,0.00004,0.98572,0.00003
96.77206,0.48530,0.01676,0.00004,0.98315,0.00004
96.87500,0.48529,0.00875,0.00002,0.99121,0.00002
96.97794,0.48529,0.00904,0.00002,0.99091,0.00003
97.08088,0.48530,0.00868,0.00004,0.99125,0.00004
97.18382,0.48530,0.01077,0.00003,0.98917,0.00003
97.28677,0.48529,0.01541,0.00005,0.98449,0.00004
97.38971,0.48529,0.01919,0.00003,0.98074,0.00004
97.49265,0.48530,0.01363,0.00004,0.98630,0.00004
97.59559,0.48529,0.01783,0.00004,0.98209,0.00004
97.69853,0.48529,0.01192,0.00003,0.98801,0.00003
97.80147,0.48530,0.01185,0.00002,0.98810,0.00003
97.90441,0.48530,0.01223,0.00003,0.98771,0.00003
98.00735,0.48529,0.01542,0.00007,0.98446,0.00006
98.11029,0.48530,0.01260,0.00003,0.98734,0.00003
98.21323,0.48530,0.01443,0.00004,0.98548,0.00005
98.31618,0.48529,0.01776,0.00004,0.98216,0.00003
98.41912,0.48529,0.01490,0.00004,0.98503,0.00004
98.52206,0.48530,0.01083,0.00002,0.98911,0.00003
98.62500,0.48529,0.01291,0.00002,0.98704,0.00002
98.72794,0.48529,0.01137,0.00003,0.98856,0.00004
98.83088,0.48530,0.01301,0.00003,0.98692,0.00004
98.93382,0.48530,0.01395,0.00004,0.98596,0.00004
99.03677,0.48529,0.01408,0.00005,0.98582,0.00005
99.13971,0.48529,0.01576,0.00004,0.98416,0.00004
99.24265,0.48530,0.01106,0.00004,0.98886,0.00004
99.34559,0.48529,0.01093,0.00003,0.98902,0.00003
99.44853,0.48529,0.01248,0.00002,0.98747,0.00003
99.55147,0.48530,0.01480,0.00002,0.98515,0.00003
99.65441,0.48530,0.01111,0.00003,0.98883,0.00004
99.75735,0.48529,0.01266,0.00004,0.98727,0.00004
99.86029,0.48530,0.01354,0.00005,0.98636,0.00005
99.96323,0.48530,0.01622,0.00004,0.98370,0.00004
100.06618,0.48529,0.01470,0.00005,0.98522,0.00003
100.16912,0.48529,0.01362,0.00004,0.98630,0.00004
100.27206,0.48530,0.01369,0.00003,0.98626,0.00003
100.37500,0.48529,0.01190,0.00002,0.98805,0.00002
100.47794,0.48529,0.00928,0.00003,0.99066,0.00003
100.58088,0.48530,0.01104,0.00004,0.98888,0.00004
100.68382,0.48530,0.01331,0.00004,0.98661,0.00004
100.78677,0.48529,0.01084,0.00004,0.98908,0.00004
100.88971,0.48529,0.01360,0.00003,0.98634,0.00003
100.99265,0.48530,0.01588,0.00006,0.98400,0.00005
101.09559,0.48529,0.01208,0.00004,0.98784,0.00004
101.19853,0.48529,0.01120,0.00002,0.98876,0.00002
101.30147,0.48530,0.01324,0.00003,0.98670,0.00003
101.40441,0.48530,0.01487,0.00004,0.98504,0.00005
101.50735,0.48529,0.01153,0.00004,0.98839,0.00004
101.61029,0.48530,0.01250,0.00004,0.98743,0.00003
101.71323,0.48530,0.01379,0.00003,0.98615,0.00003
101.81618,0.48529,0.01224,0.00004,0.98768,0.00004
101.91912,0.48529,0.01197,0.00004,0.98796,0.00004
102.02206,0.48530,0.01370,0.00002,0.98625,0.00002
102.12500,0.48529,0.01543,0.00002,0.98451,0.00003
102.22794,0.48529,0.01355,0.00003,0.98638,0.00004
102.33088,0.48530,0.01220,0.00004,0.98772,0.00004
102.43382,0.48530,0.01566,0.00005,0.98425,0.00004
102.53677,0.48529,0.01736,0.00004,0.98256,0.00004
102.63971,0.48529,0.01084,0.00003,0.98911,0.00003
102.74265,0.48530,0.00917,0.00003,0.99078,0.00003
102.84559,0.48529,0.01837,0.00003,0.98157,0.00003
102.94853,0.48529,0.01561,0.00002,0.98435,0.00002
103.05147,0.48530,0.01370,0.00003,0.98624,0.00003
103.15441,0.48530,0.01335,0.00004,0.98657,0.00004
103.25735,0.48529,0.01349,0.00006,0.98641,0.00004
103.36029,0.48530,0.01588,0.00004,0.98404,0.00004
103.46323,0.48530,0.01542,0.00005,0.98448,0.00006
103.56618,0.48529,0.01305,0.00005,0.98686,0.00004
103.66912,0.48529,0.00998,0.00004,0.98995,0.00003
103.77206,0.48530,0.01275,0.00003,0.98718,0.00004
103.87500,0.48529,0.01196,0.00002,0.98798,0.00003
103.97794,0.48529,0.01346,0.00003,0.98648,0.00004
104.08088,0.48530,0.01615,0.00006,0.98372,0.00007
104.18382,0.48530,0.01945,0.00006,0.98045,0.00004
104.28677,0.48529,0.01428,0.00003,0.98565,0.00004
104.38971,0.48529,0.01364,0.00006,0.98626,0.00005
104.49265,0.48530,0.01449,0.00004,0.98543,0.00004
104.59559,0.48529,0.01063,0.00003,0.98931,0.00003
104.69853,0.48529,0.01203,0.00002,0.98792,0.00003
104.80147,0.48530,0.01068,0.00003,0.98926,0.00003
104.90441,0.48530,0.01105,0.00005,0.98886,0.00005
105.00735,0.48529,0.01056,0.00004,0.98937,0.00003
105.11029,0.48530,0.01494,0.00004,0.98497,0.00005
105.21323,0.48530,0.01185,0.00004,0.98808,0.00003
105.31618,0.48529,0.01023,0.00004,0.98970,0.00004
105.41912,0.48529,0.01170,0.00003,0.98824,0.00003
105.52206,0.48530,0.01139,0.00002,0.98856,0.00002
105.62500,0.48529,0.00950,0.00002,0.99045,0.00003
105.72794,0.48529,0.01047,0.00003,0.98945,0.00004
105.83088,0.48530,0.01019,0.00005,0.98972,0.00005
105.93382,0.48530,0.01387,0.00004,0.98605,0.00004
106.03677,0.48529,0.01905,0.00003,0.98088,0.00004
106.13971,0.48529,0.02075,0.00005,0.97915,0.00004
106.24265,0.48530,0.01349,0.00004,0.98644,0.00004
106.34559,0.48529,0.01230,0.00002,0.98766,0.00002
106.44853,0.48529,0.01133,0.00003,0.98860,0.00004
106.55147,0.48530,0.00980,0.00003,0.99013,0.00004
106.65441,0.48530,0.00976,0.00004,0.99016,0.00004
106.75735,0.48529,0.01114,0.00003,0.98880,0.00003
106.86029,0.48530,0.01881,0.00005,0.98108,0.00005
106.96323,0.48530,0.01256,0.00005,0.98735,0.00004
107.06618,0.48529,0.01199,0.00003,0.98796,0.00003
107.16912,0.48529,0.01061,0.00003,0.98933,0.00003
107.27206,0.48530,0.01395,0.00002,0.98600,0.00002
107.37500,0.48529,0.01674,0.00002,0.98321,0.00003
107.47794,0.48529,0.01415,0.00004,0.98576,0.00005
107.58088,0.48530,0.01452,0.00006,0.98537,0.00005
107.68382,0.48530,0.01404,0.00003,0.98589,0.00004
107.78677,0.48529,0.01384,0.00005,0.98608,0.00004
107.88971,0.48529,0.01245,0.00004,0.98748,0.00003
107.99265,0.48530,0.01381,0.00003,0.98613,0.00003
108.09559,0.48529,0.01094,0.00002,0.98902,0.00002
108.19853,0.48529,0.01418,0.00002,0.98576,0.00003
108.30147,0.48530,0.01331,0.00003,0.98661,0.00004
108.40441,0.48530,0.01265,0.00004,0.98727,0.00004
108.50735,0.48529,0.01382,0.00004,0.98610,0.00005
108.61029,0.48530,0.01592,0.00005,0.98398,0.00005
108.71323,0.48530,0.01396,0.00007,0.98592,0.00005
108.81618,0.48529,0.01211,0.00004,0.98782,0.00004
108.91912,0.48529,0.01155,0.00002,0.98841,0.00002
109.02206,0.48530,0.01330,0.00002,0.98665,0.00003
109.12500,0.48529,0.01223,0.00003,0.98771,0.00003
109.22794,0.48529,0.01201,0.00005,0.98789,0.00005
109.33088,0.48530,0.01123,0.00004,0.98869,0.00003
109.43382,0.48530,0.01365,0.00005,0.98626,0.00004
109.53677,0.48529,0.01425,0.00005,0.98565,0.00005
109.63971,0.48529,0.01289,0.00003,0.98705,0.00003
109.74265,0.48530,0.01240,0.00002,0.98756,0.00002
109.84559,0.48529,0.01431,0.00002,0.98564,0.00003
109.94853,0.48529,0.01984,0.00003,0.98008,0.00005
110.05147,0.48530,0.01151,0.00004,0.98840,0.00005
110.15441,0.48530,0.01396,0.00005,0.98595,0.00004
110.25735,0.48529,0.01330,0.00004,0.98662,0.00004
110.36029,0.48530,0.01503,0.00003,0.98491,0.00003
110.46323,0.48530,0.01465,0.00005,0.98527,0.00004
110.56618,0.48529,0.01597,0.00003,0.98395,0.00004
110.66912,0.48529,0.01193,0.00002,0.98802,0.00002
110.77206,0.48530,0.01328,0.00002,0.98666,0.00003
110.87500,0.48529,0.01151,0.00004,0.98840,0.00005
110.97794,0.48529,0.01234,0.00004,0.98757,0.00005
111.08088,0.48530,0.01404,0.00004,0.98588,0.00004
111.18382,0.48530,0.01552,0.00005,0.98438,0.00005
111.28677,0.48529,0.01353,0.00004,0.98639,0.00004
111.38971,0.48529,0.01150,0.00003,0.98843,0.00003
111.49265,0.48530,0.01402,0.00003,0.98593,0.00002
111.59559,0.48529,0.01404,0.00002,0.98592,0.00002
111.69853,0.48529,0.01244,0.00003,0.98748,0.00004
111.80147,0.48530,0.01112,0.00003,0.98881,0.00004
111.90441,0.48530,0.01002,0.00004,0.98990,0.00004
112.00735,0.48529,0.01425,0.00005,0.98565,0.00005
112.11029,0.48530,0.01436,0.00006,0.98554,0.00005
112.21323,0.48530,0.01360,0.00004,0.98632,0.00004
112.31618,0.48529,0.01278,0.00003,0.98716,0.00003
112.41912,0.48529,0.01251,0.00002,0.98746,0.00002
112.52206,0.48530,0.01243,0.00002,0.98752,0.00003
112.62500,0.48529,0.01189,0.00005,0.98801,0.00005
112.72794,0.48529,0.01166,0.00005,0.98825,0.00004
112.83088,0.48530,0.01155,0.00003,0.98838,0.00004
112.93382,0.48530,0.01208,0.00004,0.98785,0.00004
113.03677,0.48529,0.01078,0.00004,0.98914,0.00003
113.13971,0.48529,0.00866,0.00003,0.99127,0.00003
113.24265,0.48530,0.01078,0.00003,0.98916,0.00002
113.34559,0.48529,0.01374,0.00002,0.98622,0.00002
113.44853,0.48529,0.01122,0.00003,0.98872,0.00003
113.55147,0.48530,0.01212,0.00004,0.98780,0.00005
113.65441,0.48530,0.01096,0.00004,0.98896,0.00004
113.75735,0.48529,0.01616,0.00004,0.98377,0.00004
113.86029,0.48530,0.01254,0.00005,0.98738,0.00004
113.96323,0.48530,0.00970,0.00004,0.99023,0.00003
114.06618,0.48529,0.01280,0.00002,0.98715,0.00002
114.16912,0.48529,0.01312,0.00002,0.98684,0.00002
114.27206,0.48530,0.01375,0.00003,0.98620,0.00003
114.37500,0.48529,0.01437,0.00003,0.98556,0.00003
114.47794,0.48529,0.01480,0.00006,0.98510,0.00005
114.58088,0.48530,0.01567,0.00003,0.98426,0.00004
114.68382,0.48530,0.01412,0.00004,0.98579,0.00005
114.78677,0.48529,0.01355,0.00005,0.98634,0.00005
114.88971,0.48529,0.01055,0.00003,0.98938,0.00004
114.99265,0.48530,0.00840,0.00002,0.99156,0.00002
115.09559,0.48529,0.01464,0.00002,0.98531,0.00003
115.19853,0.48529,0.01214,0.00003,0.98779,0.00004
115.30147,0.48530,0.01379,0.00007,0.98609,0.00005
115.40441,0.48530,0.01309,0.00005,0.98681,0.00004
115.50735,0.48529,0.01520,0.00004,0.98473,0.00004
115.61029,0.48530,0.01607,0.00005,0.98384,0.00004
115.71323,0.48530,0.01293,0.00004,0.98700,0.00003
115.81618,0.48529,0.01582,0.00003,0.98413,0.00003
115.91912,0.48529,0.00830,0.00002,0.99166,0.00002
116.02206,0.48530,0.00877,0.00003,0.99117,0.00003
116.12500,0.48529,0.00817,0.00003,0.99176,0.00004
116.22794,0.48529,0.01200,0.00005,0.98790,0.00005
116.33088,0.48530,0.01256,0.00003,0.98738,0.00003
116.43382,0.48530,0.01266,0.00004,0.98726,0.00004
116.53677,0.48529,0.01651,0.00004,0.98340,0.00004
116.63971,0.48529,0.01852,0.00003,0.98142,0.00003
116.74265,0.48530,0.01332,0.00002,0.98663,0.00002
116.84559,0.48529,0.01490,0.00002,0.98504,0.00004
116.94853,0.48529,0.01146,0.00004,0.98846,0.00004
117.05147,0.48530,0.01336,0.00005,0.98654,0.00005
117.15441,0.48530,0.01631,0.00007,0.98358,0.00005
117.25735,0.48529,0.01582,0.00003,0.98411,0.00004
117.36029,0.48530,0.01461,0.00003,0.98534,0.00003
117.46323,0.48530,0.02014,0.00003,0.97979,0.00004
117.56618,0.48529,0.01820,0.00002,0.98176,0.00002
117.66912,0.48529,0.01164,0.00002,0.98831,0.00003
117.77206,0.48530,0.01228,0.00003,0.98766,0.00003
117.87500,0.48529,0.01152,0.00005,0.98838,0.00005
117.97794,0.48529,0.01141,0.00003,0.98852,0.00003
118.08088,0.48530,0.01263,0.00004,0.98729,0.00004
118.18382,0.48530,0.01526,0.00005,0.98464,0.00005
118.28677,0.48529,0.01145,0.00003,0.98849,0.00002
118.38971,0.48529,0.01392,0.00002,0.98603,0.00002
118.49265,0.48530,0.01579,0.00002,0.98416,0.00003
118.59559,0.48529,0.01473,0.00003,0.98521,0.00003
118.69853,0.48529,0.01000,0.00003,0.98994,0.00003
118.80147,0.48530,0.01399,0.00003,0.98594,0.00003
118.90441,0.48530,0.01294,0.00004,0.98698,0.00004
119.00735,0.48529,0.01235,0.00005,0.98758,0.00003
119.11029,0.48530,0.01371,0.00004,0.98622,0.00003
119.21323,0.48530,0.01317,0.00003,0.98677,0.00003
119.31618,0.48529,0.01065,0.00002,0.98931,0.00002
119.41912,0.48529,0.01666,0.00003,0.98328,0.00003
119.52206,0.48530,0.01033,0.00003,0.98961,0.00003
119.62500,0.48529,0.01163,0.00005,0.98828,0.00004
119.72794,0.48529,0.01199,0.00004,0.98794,0.00004
119.83088,0.48530,0.01093,0.00004,0.98900,0.00003
119.93382,0.48530,0.00872,0.00003,0.99122,0.00003
120.03677,0.48529,0.01370,0.00004,0.98623,0.00003
120.13971,0.48529,0.01540,0.00002,0.98455,0.00002
120.24265,0.48530,0.01212,0.00002,0.98785,0.00002
120.34559,0.48529,0.00920,0.00003,0.99074,0.00003
120.44853,0.48529,0.01354,0.00005,0.98636,0.00005
120.55147,0.48530,0.01284,0.00003,0.98710,0.00003
120.65441,0.48530,0.01401,0.00005,0.98589,0.00005
