Time (seconds), Duration (seconds),pred_unlabelled,pred_Dry,pred_Wet,pred_Touch
0.00735,0.48529,0.05061,0.93516,0.01097,0.00326
0.11029,0.48529,0.05061,0.93516,0.01097,0.00326
0.21324,0.48529,0.05061,0.93516,0.01097,0.00326
0.31618,0.48529,0.05061,0.93516,0.01097,0.00326
0.41912,0.48529,0.05061,0.93516,0.01097,0.00326
0.52206,0.48529,0.05061,0.93516,0.01097,0.00326
0.62500,0.48529,0.05061,0.93516,0.01097,0.00326
0.72794,0.48529,0.05061,0.93516,0.01097,0.00326
0.83088,0.48529,0.05061,0.93516,0.01097,0.00326
0.93382,0.48529,0.05061,0.93516,0.01097,0.00326
1.03676,0.48529,0.05061,0.93516,0.01097,0.00326
1.13971,0.48529,0.05061,0.93516,0.01097,0.00326
1.24265,0.48529,0.05061,0.93516,0.01097,0.00326
1.34559,0.48529,0.05061,0.93516,0.01097,0.00326
1.44853,0.48529,0.72124,0.03095,0.24060,0.00721
1.55147,0.48529,0.91215,0.01146,0.07569,0.00069
1.65441,0.48529,0.93745,0.00400,0.05814,0.00041
1.75735,0.48529,0.80663,0.00271,0.19037,0.00030
1.86029,0.48529,0.98738,0.00074,0.01161,0.00026
1.96324,0.48529,0.99287,0.00019,0.00631,0.00062
2.06618,0.48529,0.99158,0.00094,0.00553,0.00195
2.16912,0.48529,0.96645,0.00540,0.00133,0.02681
2.27206,0.48529,0.05151,0.00017,0.00057,0.94775
2.37500,0.48529,0.98315,0.00083,0.00041,0.01561
2.47794,0.48529,0.99748,0.00071,0.00156,0.00024
2.58088,0.48529,0.96423,0.00047,0.03520,0.00011
2.68382,0.48529,0.97900,0.01677,0.00167,0.00255
2.78676,0.48529,0.97958,0.00642,0.01069,0.00330
2.88971,0.48529,0.53678,0.24672,0.19048,0.02603
2.99265,0.48529,0.05061,0.93516,0.01097,0.00326
3.09559,0.48529,0.05061,0.93516,0.01097,0.00326
3.19853,0.48529,0.05061,0.93516,0.01097,0.00326
3.30147,0.48529,0.05061,0.93516,0.01097,0.00326
3.40441,0.48529,0.05061,0.93516,0.01097,0.00326
3.50735,0.48529,0.75008,0.04021,0.20310,0.00662
3.61029,0.48529,0.87364,0.00586,0.12005,0.00045
3.71324,0.48529,0.99762,0.00036,0.00192,0.00011
3.81618,0.48529,0.98026,0.00523,0.00046,0.01404
3.91912,0.48529,0.99375,0.00190,0.00156,0.00278
4.02206,0.48529,0.69633,0.00272,0.00175,0.29921
4.12500,0.48529,0.08550,0.00047,0.00090,0.91312
4.22794,0.48529,0.99766,0.00008,0.00028,0.00198
4.33088,0.48529,0.99550,0.00059,0.00360,0.00031
4.43382,0.48529,0.98495,0.00014,0.01485,0.00006
4.53676,0.48529,0.99197,0.00684,0.00023,0.00096
4.63971,0.48529,0.96298,0.00930,0.02157,0.00615
4.74265,0.48529,0.41821,0.39503,0.16943,0.01733
4.84559,0.48529,0.05061,0.93516,0.01097,0.00326
4.94853,0.48529,0.05061,0.93516,0.01097,0.00326
5.05147,0.48529,0.05061,0.93516,0.01097,0.00326
5.15441,0.48529,0.05061,0.93516,0.01097,0.00326
5.25735,0.48529,0.05061,0.93516,0.01097,0.00326
5.36029,0.48529,0.24578,0.61274,0.12621,0.01527
5.46324,0.48529,0.82483,0.02990,0.14093,0.00434
5.56618,0.48529,0.86780,0.00692,0.12486,0.00041
5.66912,0.48529,0.89438,0.00647,0.09889,0.00025
5.77206,0.48529,0.97048,0.00255,0.02545,0.00153
5.87500,0.48529,0.99602,0.00096,0.00181,0.00121
5.97794,0.48529,0.98761,0.00320,0.00405,0.00514
6.08088,0.48529,0.29526,0.00308,0.00139,0.70027
6.18382,0.48529,0.42164,0.00551,0.00646,0.56639
6.28676,0.48529,0.99915,0.00002,0.00036,0.00047
6.38971,0.48529,0.98894,0.00030,0.01068,0.00008
6.49265,0.48529,0.99409,0.00073,0.00418,0.00100
6.59559,0.48529,0.99091,0.00394,0.00330,0.00185
6.69853,0.48529,0.90128,0.03214,0.05837,0.00821
6.80147,0.48529,0.58554,0.30441,0.08879,0.02126
6.90441,0.48529,0.05061,0.93516,0.01097,0.00326
7.00735,0.48529,0.05061,0.93516,0.01097,0.00326
7.11029,0.48529,0.05061,0.93516,0.01097,0.00326
7.21324,0.48529,0.05061,0.93516,0.01097,0.00326
7.31618,0.48529,0.61667,0.11759,0.25318,0.01256
7.41912,0.48529,0.87104,0.01151,0.11675,0.00070
7.52206,0.48529,0.94650,0.02271,0.03032,0.00046
7.62500,0.48529,0.99649,0.00037,0.00215,0.00099
7.72794,0.48529,0.99258,0.00457,0.00192,0.00094
7.83088,0.48529,0.99157,0.00148,0.00185,0.00510
7.93382,0.48529,0.80245,0.00220,0.00143,0.19393
8.03677,0.48529,0.06241,0.00146,0.00132,0.93481
8.13971,0.48529,0.07112,0.00380,0.00307,0.92201
8.24265,0.48529,0.06618,0.00093,0.00077,0.93212
8.34559,0.48529,0.99608,0.00010,0.00058,0.00324
8.44853,0.48529,0.99449,0.00067,0.00435,0.00049
8.55147,0.48529,0.98679,0.00015,0.01298,0.00008
8.65441,0.48529,0.98818,0.01045,0.00020,0.00117
8.75735,0.48529,0.96143,0.00953,0.02311,0.00594
8.86029,0.48529,0.31096,0.53573,0.13884,0.01448
8.96323,0.48529,0.05061,0.93516,0.01097,0.00326
9.06618,0.48529,0.05061,0.93516,0.01097,0.00326
9.16912,0.48529,0.05061,0.93516,0.01097,0.00326
9.27206,0.48529,0.70618,0.09504,0.18361,0.01516
9.37500,0.48529,0.94448,0.00749,0.04729,0.00075
9.47794,0.48529,0.99870,0.00054,0.00073,0.00003
9.58088,0.48529,0.99450,0.00253,0.00018,0.00278
9.68382,0.48529,0.99018,0.00328,0.00252,0.00402
9.78677,0.48529,0.88912,0.00662,0.00126,0.10300
9.88971,0.48529,0.10293,0.00157,0.00282,0.89267
9.99265,0.48529,0.06675,0.00141,0.00138,0.93046
10.09559,0.48529,0.99097,0.00016,0.00068,0.00819
10.19853,0.48529,0.99694,0.00006,0.00292,0.00008
10.30147,0.48529,0.98754,0.00009,0.01234,0.00003
10.40441,0.48529,0.99547,0.00361,0.00018,0.00073
10.50735,0.48529,0.99008,0.00309,0.00579,0.00105
10.61029,0.48529,0.80943,0.04957,0.11715,0.02386
10.71323,0.48529,0.05061,0.93516,0.01097,0.00326
10.81618,0.48529,0.05061,0.93516,0.01097,0.00326
10.91912,0.48529,0.05061,0.93516,0.01097,0.00326
11.02206,0.48529,0.51747,0.21206,0.25064,0.01983
11.12500,0.48529,0.71433,0.02073,0.26255,0.00239
11.22794,0.48529,0.90472,0.01274,0.08205,0.00048
11.33088,0.48529,0.97011,0.00443,0.02498,0.00048
11.43382,0.48529,0.97030,0.00055,0.02667,0.00248
11.53677,0.48529,0.96295,0.00641,0.02711,0.00354
11.63971,0.48529,0.94536,0.00680,0.01296,0.03488
11.74265,0.48529,0.06968,0.00123,0.00177,0.92732
11.84559,0.48529,0.41711,0.00380,0.00197,0.57712
11.94853,0.48529,0.99892,0.00007,0.00037,0.00064
12.05147,0.48529,0.99338,0.00036,0.00619,0.00006
12.15441,0.48529,0.99098,0.00141,0.00603,0.00157
12.25735,0.48529,0.99165,0.00353,0.00303,0.00180
12.36029,0.48529,0.85446,0.03840,0.09747,0.00967
12.46323,0.48529,0.35952,0.51712,0.10415,0.01921
12.56618,0.48529,0.05061,0.93516,0.01097,0.00326
12.66912,0.48529,0.05061,0.93516,0.01097,0.00326
12.77206,0.48529,0.05061,0.93516,0.01097,0.00326
12.87500,0.48529,0.05061,0.93516,0.01097,0.00326
12.97794,0.48529,0.80819,0.02629,0.16214,0.00337
13.08088,0.48529,0.92492,0.00801,0.06683,0.00025
13.18382,0.48529,0.97394,0.01043,0.01539,0.00024
13.28677,0.48529,0.98936,0.00027,0.00978,0.00059
13.38971,0.48529,0.99405,0.00077,0.00371,0.00148
13.49265,0.48529,0.98858,0.00242,0.00313,0.00587
13.59559,0.48529,0.36007,0.00451,0.00299,0.63244
13.69853,0.48529,0.42812,0.00345,0.00281,0.56562
13.80147,0.48529,0.99930,0.00011,0.00024,0.00036
13.90441,0.48529,0.99717,0.00063,0.00216,0.00004
14.00735,0.48529,0.99138,0.00041,0.00785,0.00035
14.11029,0.48529,0.99200,0.00361,0.00294,0.00144
14.21323,0.48529,0.95716,0.01440,0.02385,0.00459
14.31618,0.48529,0.55773,0.27610,0.14173,0.02444
14.41912,0.48529,0.05061,0.93516,0.01097,0.00326
14.52206,0.48529,0.05061,0.93516,0.01097,0.00326
14.62500,0.48529,0.05061,0.93516,0.01097,0.00326
14.72794,0.48529,0.05061,0.93516,0.01097,0.00326
14.83088,0.48529,0.81788,0.02185,0.15404,0.00624
14.93382,0.48529,0.94632,0.00864,0.04478,0.00026
15.03677,0.48529,0.97821,0.00209,0.01955,0.00015
15.13971,0.48529,0.99274,0.00030,0.00579,0.00117
15.24265,0.48529,0.99678,0.00030,0.00209,0.00084
15.34559,0.48529,0.98908,0.00268,0.00233,0.00592
15.44853,0.48529,0.74664,0.00225,0.00130,0.24980
15.55147,0.48529,0.04502,0.00282,0.00199,0.95017
15.65441,0.48529,0.76018,0.00464,0.00287,0.23231
15.75735,0.48529,0.99984,0.00005,0.00010,0.00002
15.86029,0.48529,0.99581,0.00054,0.00364,0.00001
15.96323,0.48530,0.98025,0.00717,0.00757,0.00501
16.06618,0.48529,0.98211,0.00307,0.01224,0.00257
16.16912,0.48529,0.84730,0.03910,0.10018,0.01342
16.27206,0.48529,0.28634,0.56493,0.13353,0.01520
16.37500,0.48529,0.05061,0.93516,0.01097,0.00326
16.47794,0.48529,0.05061,0.93516,0.01097,0.00326
16.58088,0.48529,0.05061,0.93516,0.01097,0.00326
16.68382,0.48529,0.70906,0.03028,0.25688,0.00377
16.78676,0.48529,0.92083,0.01278,0.06566,0.00073
16.88971,0.48529,0.96091,0.01655,0.02219,0.00036
16.99265,0.48529,0.97743,0.00373,0.01861,0.00023
17.09559,0.48529,0.99753,0.00044,0.00149,0.00054
17.19853,0.48529,0.99001,0.00221,0.00481,0.00297
17.30147,0.48529,0.76388,0.00376,0.00235,0.23000
17.40441,0.48529,0.06910,0.00128,0.00208,0.92754
17.50735,0.48529,0.98148,0.00103,0.00094,0.01655
17.61029,0.48529,0.99887,0.00019,0.00090,0.00003
17.71324,0.48529,0.99438,0.00023,0.00538,0.00001
17.81618,0.48529,0.99074,0.00392,0.00336,0.00198
17.91912,0.48529,0.98514,0.00320,0.01014,0.00151
18.02206,0.48529,0.76425,0.07118,0.13330,0.03127
18.12500,0.48529,0.29717,0.54762,0.13860,0.01661
18.22794,0.48529,0.05061,0.93516,0.01097,0.00326
18.33088,0.48529,0.05061,0.93516,0.01097,0.00326
18.43382,0.48529,0.54375,0.18239,0.25361,0.02026
18.53676,0.48529,0.85318,0.01253,0.13309,0.00120
18.63971,0.48529,0.95058,0.01224,0.03683,0.00035
18.74265,0.48529,0.99432,0.00047,0.00445,0.00077
18.84559,0.48529,0.99736,0.00123,0.00053,0.00087
18.94853,0.48529,0.98021,0.00450,0.00075,0.01454
19.05147,0.48529,0.71262,0.00148,0.00352,0.28238
19.15441,0.48529,0.05753,0.00303,0.00220,0.93724
19.25735,0.48529,0.92638,0.00434,0.00100,0.06828
19.36029,0.48529,0.99921,0.00050,0.00022,0.00007
19.46324,0.48529,0.98628,0.00062,0.01305,0.00005
19.56618,0.48529,0.99247,0.00514,0.00106,0.00134
19.66912,0.48529,0.99396,0.00243,0.00263,0.00098
19.77206,0.48529,0.73262,0.18383,0.06967,0.01388
19.87500,0.48529,0.05061,0.93516,0.01097,0.00326
19.97794,0.48529,0.05061,0.93516,0.01097,0.00326
20.08088,0.48529,0.05061,0.93516,0.01097,0.00326
20.18382,0.48529,0.70028,0.04820,0.24224,0.00928
20.28676,0.48529,0.90514,0.01673,0.07624,0.00189
20.38971,0.48529,0.99579,0.00089,0.00266,0.00066
20.49265,0.48529,0.98146,0.00865,0.00898,0.00091
20.59559,0.48529,0.98456,0.00647,0.00154,0.00744
20.69853,0.48529,0.28913,0.00119,0.00079,0.70889
20.80147,0.48529,0.04908,0.00156,0.00080,0.94856
20.90441,0.48529,0.98942,0.00058,0.00057,0.00942
21.00735,0.48529,0.99853,0.00043,0.00101,0.00003
21.11029,0.48529,0.98161,0.00020,0.01814,0.00006
21.21324,0.48529,0.98683,0.01024,0.00144,0.00149
21.31618,0.48529,0.97766,0.00684,0.01208,0.00342
21.41912,0.48529,0.61638,0.23372,0.12360,0.02630
21.52206,0.48529,0.05061,0.93516,0.01097,0.00326
21.62500,0.48529,0.05061,0.93516,0.01097,0.00326
21.72794,0.48529,0.05061,0.93516,0.01097,0.00326
21.83088,0.48529,0.05061,0.93516,0.01097,0.00326
21.93382,0.48529,0.64147,0.06685,0.28092,0.01076
22.03676,0.48529,0.89345,0.00989,0.09582,0.00084
22.13971,0.48529,0.99241,0.00236,0.00483,0.00040
22.24265,0.48529,0.99658,0.00023,0.00239,0.00081
22.34559,0.48529,0.99671,0.00059,0.00190,0.00080
22.44853,0.48529,0.92519,0.00660,0.00480,0.06341
22.55147,0.48529,0.04319,0.00027,0.00044,0.95609
22.65441,0.48529,0.98123,0.00325,0.00043,0.01508
22.75735,0.48529,0.99769,0.00094,0.00124,0.00014
22.86029,0.48529,0.98868,0.00021,0.01106,0.00004
22.96324,0.48529,0.97943,0.01771,0.00081,0.00205
23.06618,0.48529,0.98143,0.00854,0.00823,0.00181
23.16912,0.48529,0.66238,0.25192,0.06689,0.01882
23.27206,0.48529,0.05061,0.93516,0.01097,0.00326
23.37500,0.48529,0.05061,0.93516,0.01097,0.00326
23.47794,0.48529,0.05061,0.93516,0.01097,0.00326
23.58088,0.48529,0.84169,0.01714,0.13425,0.00692
23.68382,0.48529,0.95364,0.00683,0.03914,0.00039
23.78676,0.48529,0.99018,0.00139,0.00831,0.00012
23.88971,0.48529,0.99710,0.00025,0.00205,0.00059
23.99265,0.48529,0.99865,0.00017,0.00081,0.00037
24.09559,0.48529,0.98276,0.00565,0.00204,0.00955
24.19853,0.48529,0.26879,0.00185,0.00213,0.72724
24.30147,0.48529,0.58590,0.00287,0.00342,0.40781
24.40441,0.48529,0.99968,0.00006,0.00016,0.00010
24.50735,0.48529,0.99295,0.00024,0.00677,0.00003
24.61029,0.48529,0.99132,0.00156,0.00584,0.00129
24.71324,0.48529,0.99423,0.00208,0.00250,0.00119
24.81618,0.48529,0.91254,0.02389,0.05725,0.00631
24.91912,0.48529,0.56718,0.32328,0.08980,0.01974
25.02206,0.48529,0.05061,0.93516,0.01097,0.00326
25.12500,0.48529,0.25356,0.59818,0.13262,0.01564
25.22794,0.48529,0.83233,0.03026,0.13210,0.00531
25.33088,0.48529,0.94251,0.00514,0.05203,0.00032
25.43382,0.48529,0.92070,0.00789,0.07103,0.00038
25.53676,0.48529,0.99497,0.00052,0.00416,0.00034
25.63971,0.48529,0.99817,0.00106,0.00015,0.00061
25.74265,0.48529,0.97478,0.00404,0.01259,0.00858
25.84559,0.48529,0.74102,0.00210,0.00216,0.25472
25.94853,0.48529,0.07203,0.00083,0.00094,0.92619
26.05147,0.48529,0.94889,0.00042,0.00209,0.04861
26.15441,0.48529,0.99939,0.00004,0.00051,0.00006
26.25735,0.48529,0.99132,0.00003,0.00864,0.00001
26.36029,0.48529,0.99148,0.00181,0.00520,0.00151
26.46324,0.48529,0.98695,0.00122,0.01050,0.00133
26.56618,0.48529,0.92819,0.01531,0.04824,0.00827
26.66912,0.48529,0.77203,0.08052,0.12725,0.02020
26.77206,0.48529,0.74677,0.05750,0.19054,0.00519
26.87500,0.48529,0.86926,0.00709,0.12341,0.00024
26.97794,0.48529,0.92099,0.00790,0.07071,0.00040
27.08088,0.48529,0.97665,0.00060,0.01927,0.00348
27.18382,0.48529,0.99040,0.00061,0.00766,0.00134
27.28676,0.48529,0.98651,0.00155,0.00674,0.00519
27.38971,0.48529,0.60497,0.00238,0.00077,0.39188
27.49265,0.48529,0.04334,0.00083,0.00038,0.95544
27.59559,0.48529,0.94676,0.00108,0.00273,0.04943
27.69853,0.48529,0.99938,0.00010,0.00045,0.00006
27.80147,0.48529,0.99493,0.00003,0.00504,0.00000
27.90441,0.48529,0.98230,0.00056,0.01638,0.00076
28.00735,0.48529,0.99247,0.00022,0.00669,0.00061
28.11029,0.48529,0.99666,0.00021,0.00289,0.00024
28.21324,0.48529,0.98766,0.00519,0.00665,0.00050
28.31618,0.48529,0.99203,0.00259,0.00393,0.00145
28.41912,0.48529,0.92083,0.00531,0.07330,0.00055
28.52206,0.48529,0.97073,0.00180,0.02736,0.00011
28.62500,0.48529,0.74409,0.00608,0.24945,0.00038
28.72794,0.48529,0.95951,0.00010,0.03979,0.00060
28.83088,0.48529,0.99782,0.00009,0.00143,0.00066
28.93382,0.48529,0.98639,0.00118,0.00662,0.00581
29.03676,0.48529,0.27348,0.00308,0.00199,0.72144
29.13971,0.48529,0.23571,0.00326,0.00338,0.75765
29.24265,0.48529,0.99729,0.00026,0.00048,0.00197
29.34559,0.48529,0.99793,0.00030,0.00174,0.00003
29.44853,0.48529,0.98738,0.00166,0.01071,0.00026
29.55147,0.48529,0.99039,0.00236,0.00516,0.00209
29.65441,0.48529,0.98061,0.00499,0.01066,0.00373
29.75735,0.48529,0.79092,0.10446,0.09173,0.01288
29.86029,0.48529,0.05061,0.93516,0.01097,0.00326
29.96324,0.48529,0.05061,0.93516,0.01097,0.00326
30.06618,0.48529,0.05061,0.93516,0.01097,0.00326
30.16912,0.48529,0.80629,0.01732,0.17215,0.00424
30.27206,0.48529,0.95924,0.00625,0.03435,0.00017
30.37500,0.48529,0.99859,0.00019,0.00119,0.00003
30.47794,0.48529,0.99382,0.00125,0.00242,0.00251
30.58088,0.48529,0.99575,0.00093,0.00221,0.00111
30.68382,0.48529,0.92096,0.00704,0.00173,0.07027
30.78676,0.48529,0.11275,0.00075,0.00391,0.88259
30.88971,0.48529,0.11981,0.00518,0.00203,0.87298
30.99265,0.48529,0.99616,0.00050,0.00025,0.00308
31.09559,0.48529,0.99708,0.00072,0.00214,0.00006
31.19853,0.48529,0.98598,0.00079,0.01277,0.00046
31.30147,0.48529,0.99350,0.00425,0.00134,0.00091
31.40441,0.48529,0.97031,0.00719,0.01855,0.00394
31.50735,0.48529,0.58534,0.30871,0.08594,0.02001
31.61029,0.48529,0.05061,0.93516,0.01097,0.00326
31.71324,0.48529,0.38114,0.51106,0.09250,0.01529
31.81618,0.48529,0.90952,0.01406,0.07536,0.00106
31.91912,0.48529,0.98155,0.00557,0.01249,0.00039
32.02206,0.48529,0.99649,0.00037,0.00231,0.00083
32.12500,0.48529,0.99702,0.00154,0.00082,0.00062
32.22794,0.48529,0.93440,0.01426,0.00523,0.04610
32.33088,0.48529,0.33840,0.00105,0.00406,0.65650
32.43382,0.48529,0.05289,0.00846,0.00333,0.93533
32.53677,0.48529,0.78133,0.00595,0.00213,0.21059
32.63971,0.48529,0.99963,0.00022,0.00012,0.00003
32.74265,0.48529,0.99622,0.00047,0.00329,0.00002
32.84559,0.48529,0.99049,0.00383,0.00423,0.00145
32.94853,0.48529,0.98738,0.00348,0.00609,0.00305
33.05147,0.48529,0.85611,0.04079,0.08886,0.01425
33.15441,0.48529,0.05061,0.93516,0.01097,0.00326
33.25735,0.48529,0.05061,0.93516,0.01097,0.00326
33.36029,0.48529,0.67396,0.15948,0.15210,0.01445
33.46323,0.48529,0.93029,0.00494,0.06425,0.00051
33.56618,0.48529,0.98959,0.00612,0.00352,0.00078
33.66912,0.48529,0.99530,0.00029,0.00396,0.00045
33.77206,0.48529,0.98937,0.00260,0.00111,0.00692
33.87500,0.48529,0.77094,0.00362,0.00104,0.22440
33.97794,0.48529,0.15026,0.00241,0.02048,0.82684
34.08088,0.48529,0.19357,0.01108,0.00662,0.78873
34.18382,0.48529,0.99701,0.00133,0.00015,0.00152
34.28677,0.48529,0.99811,0.00129,0.00057,0.00003
34.38971,0.48529,0.98777,0.00144,0.01021,0.00058
34.49265,0.48529,0.98975,0.00622,0.00206,0.00197
34.59559,0.48529,0.93385,0.01853,0.04273,0.00489
34.69853,0.48529,0.54139,0.35010,0.08817,0.02033
34.80147,0.48529,0.05061,0.93516,0.01097,0.00326
34.90441,0.48529,0.05061,0.93516,0.01097,0.00326
35.00735,0.48529,0.35650,0.40798,0.21211,0.02340
35.11029,0.48529,0.90127,0.01555,0.08135,0.00182
35.21323,0.48529,0.99111,0.00194,0.00688,0.00007
35.31618,0.48529,0.99644,0.00016,0.00302,0.00038
35.41912,0.48529,0.98964,0.00124,0.00693,0.00219
35.52206,0.48529,0.95053,0.01735,0.00320,0.02893
35.62500,0.48529,0.25286,0.00080,0.00236,0.74398
35.72794,0.48529,0.07012,0.00502,0.00192,0.92294
35.83088,0.48529,0.99147,0.00124,0.00029,0.00700
35.93382,0.48529,0.99859,0.00078,0.00060,0.00003
36.03677,0.48529,0.99001,0.00029,0.00963,0.00007
36.13971,0.48529,0.98189,0.01298,0.00345,0.00168
36.24265,0.48529,0.98731,0.00439,0.00598,0.00232
36.34559,0.48529,0.66524,0.18732,0.12124,0.02620
36.44853,0.48529,0.05061,0.93516,0.01097,0.00326
36.55147,0.48529,0.05061,0.93516,0.01097,0.00326
36.65441,0.48529,0.05061,0.93516,0.01097,0.00326
36.75735,0.48529,0.84514,0.02208,0.12852,0.00426
36.86029,0.48529,0.93539,0.00630,0.05794,0.00037
36.96323,0.48529,0.98465,0.00522,0.00929,0.00084
37.06618,0.48529,0.99492,0.00021,0.00398,0.00089
37.16912,0.48529,0.98510,0.00262,0.00148,0.01080
37.27206,0.48529,0.71957,0.00186,0.00178,0.27679
37.37500,0.48529,0.11970,0.00315,0.01371,0.86344
37.47794,0.48529,0.21396,0.00837,0.00305,0.77463
37.58088,0.48529,0.99748,0.00112,0.00014,0.00126
37.68382,0.48529,0.99872,0.00070,0.00055,0.00003
37.78677,0.48529,0.98912,0.00122,0.00845,0.00122
37.88971,0.48529,0.99004,0.00499,0.00313,0.00184
37.99265,0.48529,0.90554,0.01679,0.06873,0.00894
38.09559,0.48529,0.37078,0.50309,0.10651,0.01962
38.19853,0.48529,0.05061,0.93516,0.01097,0.00326
38.30147,0.48529,0.50203,0.23296,0.24493,0.02007
38.40441,0.48529,0.78302,0.01844,0.19660,0.00194
38.50735,0.48529,0.95753,0.01335,0.02843,0.00068
38.61029,0.48529,0.98892,0.00028,0.01023,0.00057
38.71323,0.48529,0.99435,0.00287,0.00197,0.00080
38.81618,0.48529,0.93435,0.01766,0.00714,0.04085
38.91912,0.48529,0.21336,0.00139,0.00286,0.78238
39.02206,0.48529,0.22709,0.00560,0.00341,0.76390
39.12500,0.48529,0.99811,0.00075,0.00025,0.00090
39.22794,0.48529,0.99948,0.00014,0.00037,0.00001
39.33088,0.48529,0.98848,0.00056,0.01062,0.00035
39.43382,0.48529,0.99015,0.00415,0.00418,0.00153
39.53677,0.48529,0.97638,0.00502,0.01678,0.00183
39.63971,0.48529,0.78850,0.06462,0.12124,0.02563
39.74265,0.48529,0.05061,0.93516,0.01097,0.00326
39.84559,0.48529,0.05061,0.93516,0.01097,0.00326
39.94853,0.48529,0.61962,0.15349,0.21325,0.01364
40.05147,0.48529,0.88373,0.01107,0.10438,0.00082
40.15441,0.48529,0.99666,0.00089,0.00238,0.00006
40.25735,0.48529,0.99698,0.00117,0.00037,0.00148
40.36029,0.48529,0.99434,0.00338,0.00077,0.00152
40.46323,0.48529,0.92116,0.00870,0.00095,0.06919
40.56618,0.48529,0.08452,0.00128,0.00332,0.91088
40.66912,0.48529,0.13801,0.00393,0.00260,0.85546
40.77206,0.48529,0.98974,0.00043,0.00097,0.00885
40.87500,0.48529,0.99895,0.00019,0.00081,0.00004
40.97794,0.48529,0.98553,0.00030,0.01411,0.00005
41.08088,0.48529,0.99244,0.00245,0.00356,0.00156
41.18382,0.48529,0.98200,0.00373,0.01271,0.00156
41.28677,0.48529,0.76971,0.10181,0.10744,0.02105
41.38971,0.48529,0.36563,0.46208,0.15712,0.01517
41.49265,0.48529,0.66361,0.18361,0.13774,0.01504
41.59559,0.48529,0.90106,0.00795,0.09041,0.00057
41.69853,0.48529,0.99450,0.00203,0.00322,0.00025
41.80147,0.48529,0.99805,0.00017,0.00103,0.00075
41.90441,0.48529,0.99940,0.00015,0.00023,0.00022
42.00735,0.48529,0.96662,0.00840,0.00073,0.02425
42.11029,0.48529,0.20751,0.00065,0.00112,0.79072
42.21323,0.48529,0.04522,0.00698,0.00206,0.94574
42.31618,0.48529,0.86520,0.00292,0.00305,0.12882
42.41912,0.48529,0.99969,0.00007,0.00021,0.00003
42.52206,0.48529,0.99746,0.00039,0.00214,0.00001
42.62500,0.48529,0.97691,0.00913,0.01124,0.00272
42.72794,0.48529,0.99501,0.00127,0.00319,0.00052
42.83088,0.48529,0.96993,0.00433,0.01937,0.00637
42.93382,0.48529,0.71726,0.15825,0.10744,0.01705
43.03677,0.48529,0.05061,0.93516,0.01097,0.00326
43.13971,0.48529,0.74757,0.12224,0.11913,0.01106
43.24265,0.48529,0.91564,0.00349,0.08064,0.00024
43.34559,0.48529,0.99807,0.00051,0.00140,0.00003
43.44853,0.48529,0.99613,0.00053,0.00173,0.00161
43.55147,0.48529,0.99826,0.00053,0.00027,0.00094
43.65441,0.48529,0.93148,0.00817,0.00129,0.05907
43.75735,0.48529,0.18824,0.00042,0.00863,0.80271
43.86029,0.48529,0.05661,0.00441,0.00229,0.93669
43.96323,0.48529,0.95665,0.00264,0.00153,0.03919
44.06618,0.48529,0.99977,0.00010,0.00011,0.00002
44.16912,0.48529,0.99511,0.00057,0.00431,0.00001
44.27206,0.48529,0.98947,0.00390,0.00506,0.00157
44.37500,0.48529,0.99097,0.00191,0.00579,0.00133
44.47794,0.48529,0.95789,0.01373,0.02353,0.00485
44.58088,0.48529,0.63499,0.21266,0.13336,0.01899
44.68382,0.48529,0.05061,0.93516,0.01097,0.00326
44.78677,0.48529,0.26134,0.58343,0.13923,0.01601
44.88971,0.48529,0.74600,0.02755,0.22247,0.00398
44.99265,0.48529,0.94902,0.00854,0.04212,0.00031
45.09559,0.48529,0.96005,0.00404,0.03095,0.00496
45.19853,0.48529,0.99206,0.00165,0.00431,0.00199
45.30147,0.48529,0.98074,0.00399,0.00390,0.01136
45.40441,0.48529,0.73505,0.00148,0.00102,0.26246
45.50735,0.48529,0.06228,0.00474,0.00224,0.93074
45.61029,0.48529,0.30587,0.00789,0.00371,0.68253
45.71323,0.48529,0.99854,0.00041,0.00028,0.00077
45.81618,0.48529,0.99781,0.00040,0.00176,0.00003
45.91912,0.48529,0.99595,0.00052,0.00327,0.00026
46.02206,0.48529,0.99569,0.00116,0.00234,0.00081
46.12500,0.48529,0.99215,0.00318,0.00387,0.00079
46.22794,0.48529,0.87786,0.04223,0.06612,0.01379
46.33088,0.48529,0.33677,0.54598,0.09888,0.01837
46.43382,0.48529,0.05061,0.93516,0.01097,0.00326
46.53677,0.48529,0.53850,0.19316,0.24833,0.02002
46.63971,0.48529,0.82969,0.01890,0.14972,0.00169
46.74265,0.48529,0.98865,0.00474,0.00618,0.00043
46.84559,0.48529,0.98737,0.00004,0.01252,0.00006
46.94853,0.48529,0.99905,0.00004,0.00075,0.00016
47.05147,0.48529,0.96850,0.00188,0.00923,0.02039
47.15441,0.48529,0.63186,0.00010,0.36127,0.00678
47.25735,0.48529,0.28740,0.00048,0.70895,0.00316
47.36029,0.48529,0.92767,0.00208,0.05410,0.01615
47.46323,0.48529,0.99814,0.00072,0.00109,0.00005
47.56618,0.48529,0.99620,0.00075,0.00302,0.00003
47.66912,0.48529,0.98295,0.00267,0.01247,0.00192
47.77206,0.48529,0.98737,0.00676,0.00317,0.00270
47.87500,0.48529,0.88510,0.03570,0.06760,0.01161
47.97794,0.48529,0.05061,0.93516,0.01097,0.00326
48.08088,0.48529,0.05061,0.93516,0.01097,0.00326
48.18382,0.48529,0.75838,0.02986,0.20741,0.00434
48.28677,0.48529,0.97258,0.00425,0.02286,0.00030
48.38971,0.48529,0.98470,0.00057,0.01439,0.00034
48.49265,0.48529,0.99754,0.00040,0.00155,0.00052
48.59559,0.48529,0.92792,0.00782,0.01364,0.05062
48.69853,0.48529,0.46320,0.00112,0.00299,0.53269
48.80147,0.48529,0.06109,0.00834,0.00378,0.92678
48.90441,0.48529,0.67759,0.00549,0.00268,0.31424
49.00735,0.48529,0.99955,0.00024,0.00014,0.00007
49.11029,0.48529,0.99779,0.00008,0.00213,0.00000
49.21323,0.48529,0.97182,0.00341,0.02339,0.00138
49.31618,0.48529,0.99246,0.00188,0.00459,0.00108
49.41912,0.48529,0.97627,0.00483,0.01656,0.00234
49.52206,0.48529,0.77342,0.06941,0.13901,0.01817
49.62500,0.48529,0.38152,0.48979,0.10868,0.02000
49.72794,0.48529,0.05061,0.93516,0.01097,0.00326
49.83088,0.48529,0.75877,0.03605,0.19747,0.00771
49.93382,0.48529,0.98723,0.00705,0.00497,0.00074
50.03677,0.48529,0.99926,0.00004,0.00065,0.00005
50.13971,0.48529,0.99461,0.00225,0.00209,0.00105
50.24265,0.48529,0.96731,0.00942,0.00109,0.02218
50.34559,0.48529,0.13190,0.00055,0.00077,0.86677
50.44853,0.48529,0.03107,0.00502,0.00195,0.96196
50.55147,0.48529,0.66838,0.00491,0.00392,0.32279
50.65441,0.48529,0.99965,0.00007,0.00024,0.00004
50.75735,0.48529,0.99094,0.00006,0.00899,0.00001
50.86029,0.48529,0.98429,0.00475,0.00712,0.00385
50.96323,0.48529,0.99525,0.00089,0.00333,0.00053
51.06618,0.48529,0.97450,0.00608,0.01726,0.00216
51.16912,0.48529,0.79288,0.07112,0.11318,0.02283
51.27206,0.48529,0.38152,0.48979,0.10868,0.02000
51.37500,0.48529,0.75939,0.02245,0.21531,0.00285
51.47794,0.48529,0.94513,0.01271,0.04162,0.00053
51.58088,0.48529,0.98369,0.00352,0.01227,0.00052
51.68382,0.48529,0.99750,0.00031,0.00161,0.00057
51.78677,0.48529,0.99117,0.00175,0.00495,0.00213
51.88971,0.48529,0.88134,0.00228,0.00080,0.11557
51.99265,0.48529,0.07031,0.00306,0.00350,0.92313
52.09559,0.48529,0.70052,0.00509,0.00242,0.29198
52.19853,0.48529,0.99959,0.00014,0.00021,0.00005
52.30147,0.48529,0.99674,0.00010,0.00315,0.00001
52.40441,0.48529,0.98401,0.00210,0.01187,0.00202
52.50735,0.48529,0.99508,0.00244,0.00219,0.00029
52.61029,0.48529,0.94488,0.01570,0.03355,0.00587
52.71323,0.48529,0.81842,0.06853,0.08257,0.03048
52.81618,0.48529,0.05061,0.93516,0.01097,0.00326
52.91912,0.48529,0.74445,0.04065,0.20749,0.00740
53.02206,0.48529,0.95094,0.00957,0.03883,0.00066
53.12500,0.48529,0.99201,0.00192,0.00591,0.00016
53.22794,0.48529,0.99074,0.00017,0.00737,0.00172
53.33088,0.48529,0.97728,0.00437,0.01587,0.00248
53.43382,0.48529,0.91215,0.01748,0.00898,0.06139
53.53677,0.48529,0.04284,0.00026,0.00059,0.95631
53.63971,0.48529,0.83428,0.00203,0.00411,0.15958
53.74265,0.48529,0.99952,0.00013,0.00028,0.00007
53.84559,0.48529,0.99831,0.00003,0.00166,0.00000
53.94853,0.48529,0.98447,0.00160,0.01309,0.00085
54.05147,0.48529,0.99189,0.00178,0.00573,0.00060
54.15441,0.48529,0.96456,0.00504,0.02483,0.00557
54.25735,0.48529,0.79635,0.07192,0.11259,0.01914
54.36029,0.48529,0.53424,0.12876,0.32221,0.01479
54.46323,0.48529,0.83713,0.01732,0.14311,0.00244
54.56618,0.48529,0.95519,0.00664,0.03788,0.00028
54.66912,0.48529,0.99443,0.00017,0.00534,0.00007
54.77206,0.48529,0.99040,0.00065,0.00775,0.00121
54.87500,0.48529,0.98961,0.00124,0.00608,0.00307
54.97794,0.48529,0.93121,0.00808,0.00234,0.05836
55.08088,0.48529,0.06026,0.00030,0.00179,0.93765
55.18382,0.48529,0.95727,0.00197,0.00210,0.03866
55.28677,0.48529,0.99956,0.00014,0.00027,0.00003
55.38971,0.48529,0.99775,0.00004,0.00220,0.00000
55.49265,0.48529,0.95066,0.00025,0.04890,0.00018
55.59559,0.48529,0.42585,0.00072,0.57252,0.00091
55.69853,0.48529,0.47583,0.00311,0.51928,0.00178
55.80147,0.48529,0.44728,0.00058,0.55092,0.00123
55.90441,0.48529,0.65658,0.00137,0.34161,0.00045
56.00735,0.48529,0.57664,0.00340,0.41940,0.00056
56.11029,0.48529,0.98357,0.00018,0.01613,0.00011
56.21323,0.48529,0.99523,0.00018,0.00407,0.00052
56.31618,0.48529,0.98927,0.00060,0.00742,0.00272
56.41912,0.48529,0.88495,0.00147,0.00108,0.11249
56.52206,0.48529,0.13659,0.00079,0.00839,0.85424
56.62500,0.48529,0.06446,0.01445,0.00386,0.91723
56.72794,0.48529,0.58203,0.00615,0.00388,0.40794
56.83088,0.48529,0.99950,0.00023,0.00010,0.00017
56.93382,0.48529,0.99732,0.00083,0.00181,0.00003
57.03677,0.48529,0.99458,0.00082,0.00370,0.00090
57.13971,0.48529,0.99351,0.00208,0.00270,0.00170
57.24265,0.48529,0.98660,0.00455,0.00669,0.00217
57.34559,0.48529,0.69056,0.23010,0.06589,0.01345
57.44853,0.48529,0.82460,0.03029,0.13987,0.00523
57.55147,0.48529,0.91847,0.00674,0.07440,0.00040
57.65441,0.48529,0.99486,0.00154,0.00351,0.00009
57.75735,0.48529,0.99631,0.00060,0.00120,0.00189
57.86029,0.48529,0.99384,0.00159,0.00168,0.00289
57.96323,0.48529,0.88523,0.00561,0.00096,0.10819
58.06618,0.48529,0.09257,0.00071,0.00274,0.90399
58.16912,0.48529,0.09513,0.00470,0.00246,0.89771
58.27206,0.48529,0.99229,0.00048,0.00071,0.00653
58.37500,0.48529,0.99903,0.00051,0.00044,0.00003
58.47794,0.48529,0.99071,0.00106,0.00815,0.00008
58.58088,0.48529,0.99474,0.00272,0.00143,0.00110
58.68382,0.48529,0.99057,0.00226,0.00500,0.00217
58.78677,0.48529,0.82991,0.08240,0.07494,0.01275
58.88971,0.48529,0.05061,0.93516,0.01097,0.00326
58.99265,0.48529,0.05061,0.93516,0.01097,0.00326
59.09559,0.48529,0.79984,0.02777,0.16830,0.00409
59.19853,0.48529,0.94900,0.00644,0.04415,0.00041
59.30147,0.48529,0.99231,0.00162,0.00470,0.00136
59.40441,0.48529,0.99260,0.00317,0.00270,0.00153
59.50735,0.48529,0.97104,0.00635,0.00235,0.02027
59.61029,0.48529,0.62759,0.00129,0.00176,0.36935
59.71323,0.48529,0.04930,0.00287,0.00122,0.94661
59.81618,0.48529,0.98307,0.00209,0.00072,0.01412
59.91912,0.48529,0.99901,0.00051,0.00041,0.00007
60.02206,0.48529,0.97708,0.00040,0.02244,0.00008
60.12500,0.48529,0.98094,0.01561,0.00112,0.00233
60.22794,0.48529,0.96789,0.01076,0.01878,0.00257
60.33088,0.48529,0.67630,0.22590,0.07807,0.01973
60.43382,0.48529,0.65373,0.18877,0.14270,0.01480
60.53677,0.48529,0.83929,0.00935,0.15023,0.00114
60.63971,0.48529,0.99547,0.00241,0.00192,0.00021
60.74265,0.48529,0.99902,0.00011,0.00057,0.00030
60.84559,0.48529,0.99886,0.00028,0.00044,0.00042
60.94853,0.48529,0.92308,0.00942,0.00208,0.06542
61.05147,0.48529,0.24639,0.00105,0.00181,0.75076
61.15441,0.48529,0.05354,0.00767,0.00250,0.93628
61.25735,0.48529,0.96693,0.00240,0.00079,0.02988
61.36029,0.48529,0.99968,0.00007,0.00023,0.00001
61.46323,0.48529,0.99169,0.00032,0.00798,0.00002
61.56618,0.48529,0.97362,0.01721,0.00454,0.00463
61.66912,0.48529,0.99233,0.00047,0.00655,0.00066
61.77206,0.48529,0.91321,0.01446,0.06597,0.00637
61.87500,0.48529,0.99021,0.00029,0.00947,0.00004
61.97794,0.48529,0.96428,0.00260,0.03277,0.00034
62.08088,0.48529,0.93501,0.00662,0.05631,0.00205
62.18382,0.48529,0.97616,0.00007,0.02326,0.00050
62.28677,0.48529,0.99333,0.00061,0.00533,0.00073
62.38971,0.48529,0.95229,0.01055,0.00271,0.03446
62.49265,0.48529,0.28406,0.00093,0.00319,0.71182
62.59559,0.48529,0.09267,0.00853,0.01014,0.88867
62.69853,0.48529,0.07269,0.00393,0.00150,0.92188
62.80147,0.48529,0.99452,0.00083,0.00038,0.00427
62.90441,0.48529,0.99944,0.00019,0.00036,0.00001
63.00735,0.48529,0.99203,0.00071,0.00716,0.00010
63.11029,0.48529,0.99551,0.00189,0.00181,0.00079
63.21323,0.48529,0.95172,0.00277,0.04439,0.00112
63.31618,0.48529,0.83374,0.00628,0.15867,0.00131
63.41912,0.48529,0.93932,0.00500,0.05520,0.00048
63.52206,0.48529,0.99671,0.00114,0.00121,0.00094
63.62500,0.48529,0.99349,0.00098,0.00498,0.00055
63.72794,0.48529,0.99509,0.00063,0.00081,0.00347
63.83088,0.48529,0.84271,0.00295,0.00078,0.15356
63.93382,0.48530,0.05035,0.00181,0.00058,0.94726
64.03677,0.48529,0.04503,0.00531,0.00183,0.94782
64.13971,0.48529,0.67322,0.00224,0.00307,0.32147
64.24265,0.48530,0.99826,0.00001,0.00120,0.00053
64.34559,0.48529,0.99079,0.00010,0.00908,0.00003
64.44853,0.48529,0.98357,0.00060,0.01517,0.00065
64.55147,0.48530,0.96535,0.00029,0.03401,0.00036
64.65441,0.48530,0.81956,0.00200,0.17744,0.00100
64.75735,0.48529,0.66616,0.00600,0.32720,0.00064
64.86029,0.48530,0.96581,0.00406,0.02975,0.00038
64.96323,0.48530,0.99564,0.00066,0.00228,0.00143
65.06618,0.48529,0.99279,0.00055,0.00429,0.00237
65.16912,0.48529,0.98809,0.00270,0.00268,0.00653
65.27206,0.48530,0.45231,0.00105,0.00093,0.54571
65.37500,0.48529,0.03753,0.00454,0.00049,0.95744
65.47794,0.48529,0.34876,0.00220,0.00266,0.64638
65.58088,0.48530,0.98735,0.00006,0.00360,0.00899
65.68382,0.48530,0.99831,0.00001,0.00164,0.00004
65.78677,0.48529,0.99580,0.00012,0.00406,0.00003
65.88971,0.48529,0.99435,0.00212,0.00184,0.00169
65.99265,0.48530,0.98879,0.00343,0.00513,0.00265
66.09559,0.48529,0.84427,0.06351,0.07891,0.01331
66.19853,0.48529,0.85323,0.01961,0.12456,0.00260
66.30147,0.48530,0.95847,0.00792,0.03324,0.00038
66.40441,0.48530,0.99937,0.00006,0.00045,0.00012
66.50735,0.48529,0.99848,0.00064,0.00012,0.00076
66.61029,0.48530,0.99589,0.00109,0.00073,0.00229
66.71323,0.48530,0.93095,0.00064,0.00185,0.06655
66.81618,0.48529,0.09679,0.00051,0.00082,0.90189
66.91912,0.48529,0.04845,0.00219,0.00082,0.94854
67.02206,0.48530,0.69027,0.00115,0.00292,0.30566
67.12500,0.48529,0.98835,0.00007,0.00626,0.00531
67.22794,0.48529,0.99726,0.00001,0.00272,0.00002
67.33088,0.48530,0.98201,0.00023,0.01760,0.00016
67.43382,0.48530,0.99158,0.00254,0.00418,0.00171
67.53677,0.48529,0.99613,0.00021,0.00345,0.00021
67.63971,0.48529,0.95214,0.00100,0.04568,0.00118
67.74265,0.48530,0.95991,0.00664,0.03320,0.00025
67.84559,0.48529,0.98247,0.00171,0.01550,0.00033
67.94853,0.48529,0.99582,0.00008,0.00321,0.00088
68.05147,0.48530,0.99146,0.00123,0.00493,0.00238
68.15441,0.48530,0.99021,0.00222,0.00149,0.00609
68.25735,0.48529,0.38480,0.00128,0.00133,0.61259
68.36029,0.48530,0.05418,0.00403,0.00099,0.94079
68.46323,0.48530,0.07961,0.00241,0.00075,0.91722
68.56618,0.48529,0.97614,0.00021,0.00175,0.02191
68.66912,0.48529,0.99860,0.00025,0.00091,0.00024
68.77206,0.48530,0.97362,0.00017,0.02613,0.00008
68.87500,0.48529,0.99287,0.00423,0.00108,0.00183
68.97794,0.48529,0.98523,0.00533,0.00724,0.00219
69.08088,0.48530,0.79440,0.04407,0.14757,0.01397
69.18382,0.48530,0.83130,0.01421,0.15361,0.00087
69.28677,0.48529,0.98419,0.00409,0.01151,0.00021
69.38971,0.48529,0.99817,0.00011,0.00057,0.00114
69.49265,0.48530,0.99164,0.00486,0.00194,0.00156
69.59559,0.48529,0.99081,0.00504,0.00079,0.00336
69.69853,0.48529,0.51972,0.00118,0.00065,0.47845
69.80147,0.48530,0.03890,0.00263,0.00040,0.95807
69.90441,0.48530,0.15845,0.00249,0.00092,0.83814
70.00735,0.48529,0.98199,0.00005,0.00181,0.01616
70.11029,0.48530,0.99896,0.00001,0.00099,0.00004
70.21323,0.48530,0.99360,0.00003,0.00636,0.00001
70.31618,0.48529,0.99520,0.00251,0.00112,0.00117
70.41912,0.48529,0.97343,0.00324,0.02110,0.00223
70.52206,0.48530,0.96797,0.00274,0.02661,0.00268
70.62500,0.48529,0.96315,0.00103,0.03574,0.00009
70.72794,0.48529,0.94125,0.00098,0.05769,0.00008
70.83088,0.48530,0.99699,0.00055,0.00221,0.00024
70.93382,0.48530,0.99357,0.00077,0.00377,0.00189
71.03677,0.48529,0.98856,0.00162,0.00650,0.00331
71.13971,0.48529,0.85991,0.00451,0.00091,0.13467
71.24265,0.48530,0.11035,0.00061,0.00233,0.88671
71.34559,0.48529,0.03453,0.00346,0.00215,0.95985
71.44853,0.48529,0.83065,0.00763,0.00223,0.15949
71.55147,0.48530,0.99822,0.00119,0.00041,0.00019
71.65441,0.48530,0.98886,0.00014,0.01096,0.00004
71.75735,0.48529,0.96955,0.02288,0.00338,0.00419
71.86029,0.48530,0.97743,0.00924,0.01094,0.00239
71.96323,0.48530,0.78450,0.13806,0.05812,0.01932
72.06618,0.48529,0.22197,0.65508,0.10877,0.01418
72.16912,0.48529,0.74963,0.06658,0.17839,0.00541
72.27206,0.48530,0.85816,0.00592,0.13565,0.00027
72.37500,0.48529,0.95614,0.00984,0.03367,0.00034
72.47794,0.48529,0.99455,0.00144,0.00174,0.00227
72.58088,0.48530,0.98717,0.00171,0.01046,0.00066
72.68382,0.48530,0.99101,0.00042,0.00251,0.00606
72.78677,0.48529,0.84578,0.00351,0.00061,0.15010
72.88971,0.48529,0.03781,0.00623,0.00042,0.95554
72.99265,0.48530,0.37833,0.00208,0.00203,0.61756
73.09559,0.48529,0.99837,0.00005,0.00057,0.00101
73.19853,0.48529,0.99493,0.00022,0.00479,0.00006
73.30147,0.48530,0.99749,0.00026,0.00194,0.00031
73.40441,0.48530,0.99707,0.00124,0.00109,0.00060
73.50735,0.48529,0.88200,0.04722,0.06071,0.01006
73.61029,0.48530,0.42643,0.43816,0.11371,0.02170
73.71323,0.48530,0.30515,0.50120,0.17604,0.01761
73.81618,0.48529,0.85620,0.01651,0.12526,0.00203
73.91912,0.48529,0.96006,0.00736,0.03246,0.00011
74.02206,0.48530,0.99861,0.00065,0.00050,0.00024
74.12500,0.48529,0.99771,0.00063,0.00012,0.00153
74.22794,0.48529,0.99803,0.00010,0.00127,0.00060
74.33088,0.48530,0.93316,0.00137,0.00037,0.06511
74.43382,0.48530,0.05636,0.00067,0.00020,0.94277
74.53677,0.48529,0.18348,0.00202,0.00053,0.81398
74.63971,0.48529,0.99597,0.00003,0.00064,0.00337
74.74265,0.48530,0.99638,0.00009,0.00349,0.00004
74.84559,0.48529,0.96727,0.00030,0.03189,0.00054
74.94853,0.48529,0.99197,0.00551,0.00095,0.00157
75.05147,0.48530,0.89670,0.02824,0.06806,0.00700
75.15441,0.48530,0.69325,0.21738,0.06899,0.02038
75.25735,0.48529,0.05061,0.93516,0.01097,0.00326
75.36029,0.48530,0.65967,0.05803,0.27267,0.00963
75.46323,0.48530,0.85273,0.01448,0.13126,0.00152
75.56618,0.48529,0.95026,0.00630,0.04318,0.00026
75.66912,0.48529,0.99316,0.00052,0.00610,0.00021
75.77206,0.48530,0.99887,0.00013,0.00014,0.00086
75.87500,0.48529,0.99792,0.00054,0.00102,0.00052
75.97794,0.48529,0.67473,0.00167,0.00270,0.32089
76.08088,0.48530,0.04875,0.00036,0.00015,0.95073
76.18382,0.48530,0.98444,0.00020,0.00155,0.01382
76.28677,0.48529,0.99696,0.00017,0.00258,0.00029
76.38971,0.48529,0.98818,0.00002,0.01178,0.00002
76.49265,0.48530,0.96821,0.02617,0.00144,0.00418
76.59559,0.48529,0.98974,0.00388,0.00464,0.00174
76.69853,0.48529,0.74634,0.12270,0.10350,0.02745
76.80147,0.48530,0.05061,0.93516,0.01097,0.00326
76.90441,0.48530,0.05061,0.93516,0.01097,0.00326
77.00735,0.48529,0.78436,0.02825,0.18148,0.00590
77.11029,0.48530,0.94937,0.01202,0.03820,0.00041
77.21323,0.48530,0.99632,0.00095,0.00122,0.00151
77.31618,0.48529,0.99421,0.00298,0.00197,0.00084
77.41912,0.48529,0.99219,0.00225,0.00127,0.00428
77.52206,0.48530,0.84005,0.01256,0.00038,0.14701
77.62500,0.48529,0.04830,0.00250,0.00086,0.94834
77.72794,0.48529,0.12365,0.00351,0.00105,0.87180
77.83088,0.48530,0.99174,0.00015,0.00095,0.00716
77.93382,0.48530,0.99644,0.00016,0.00335,0.00005
78.03677,0.48529,0.98738,0.00027,0.01207,0.00028
78.13971,0.48529,0.98470,0.01223,0.00117,0.00190
78.24265,0.48530,0.94572,0.00947,0.03780,0.00701
78.34559,0.48529,0.47174,0.38567,0.11906,0.02353
78.44853,0.48529,0.65805,0.09105,0.24467,0.00622
78.55147,0.48530,0.87206,0.00470,0.12278,0.00047
78.65441,0.48530,0.96278,0.00692,0.03010,0.00020
78.75735,0.48529,0.99905,0.00016,0.00042,0.00037
78.86029,0.48530,0.99286,0.00009,0.00611,0.00095
78.96323,0.48530,0.99358,0.00024,0.00459,0.00159
79.06618,0.48529,0.95510,0.00082,0.00081,0.04327
79.16912,0.48529,0.07793,0.00063,0.00038,0.92106
79.27206,0.48530,0.31353,0.00153,0.00113,0.68381
79.37500,0.48529,0.99576,0.00003,0.00077,0.00343
79.47794,0.48529,0.99862,0.00006,0.00123,0.00010
79.58088,0.48530,0.98927,0.00006,0.01034,0.00033
79.68382,0.48530,0.99224,0.00650,0.00056,0.00070
79.78677,0.48529,0.94706,0.01137,0.03276,0.00881
79.88971,0.48529,0.05061,0.93516,0.01097,0.00326
79.99265,0.48530,0.05061,0.93516,0.01097,0.00326
80.09559,0.48529,0.05061,0.93516,0.01097,0.00326
80.19853,0.48529,0.54578,0.18199,0.25202,0.02021
80.30147,0.48530,0.88046,0.00878,0.10978,0.00098
80.40441,0.48530,0.99821,0.00061,0.00110,0.00008
80.50735,0.48529,0.99208,0.00167,0.00350,0.00275
80.61029,0.48530,0.99581,0.00150,0.00092,0.00176
80.71323,0.48530,0.86457,0.01342,0.00280,0.11921
80.81618,0.48529,0.10980,0.00043,0.00304,0.88672
80.91912,0.48529,0.14807,0.00594,0.00248,0.84351
81.02206,0.48530,0.99794,0.00035,0.00018,0.00154
81.12500,0.48529,0.99788,0.00089,0.00117,0.00006
81.22794,0.48529,0.99401,0.00056,0.00512,0.00031
81.33088,0.48530,0.98998,0.00587,0.00143,0.00272
81.43382,0.48530,0.94543,0.01447,0.03347,0.00662
81.53677,0.48529,0.05061,0.93516,0.01097,0.00326
81.63971,0.48529,0.05061,0.93516,0.01097,0.00326
81.74265,0.48530,0.57768,0.16579,0.23627,0.02026
81.84559,0.48529,0.87010,0.00869,0.12039,0.00082
81.94853,0.48529,0.95267,0.00845,0.03861,0.00027
82.05147,0.48530,0.99795,0.00021,0.00133,0.00051
82.15441,0.48530,0.99698,0.00190,0.00049,0.00064
82.25735,0.48529,0.99430,0.00163,0.00079,0.00328
82.36029,0.48530,0.81869,0.00125,0.00088,0.17918
82.46323,0.48530,0.03828,0.00259,0.00047,0.95866
82.56618,0.48529,0.15614,0.00224,0.00095,0.84067
82.66912,0.48529,0.99047,0.00012,0.00116,0.00825
82.77206,0.48530,0.99873,0.00010,0.00095,0.00022
82.87500,0.48529,0.98742,0.00004,0.01250,0.00005
82.97794,0.48529,0.98280,0.01402,0.00065,0.00254
83.08088,0.48530,0.97799,0.00765,0.01158,0.00278
83.18382,0.48530,0.05061,0.93516,0.01097,0.00326
83.28677,0.48529,0.05061,0.93516,0.01097,0.00326
83.38971,0.48529,0.26134,0.58343,0.13923,0.01601
83.49265,0.48530,0.85801,0.03598,0.10240,0.00361
83.59559,0.48529,0.99911,0.00048,0.00031,0.00010
83.69853,0.48529,0.99581,0.00066,0.00171,0.00182
83.80147,0.48530,0.99276,0.00189,0.00198,0.00337
83.90441,0.48530,0.90290,0.01195,0.00159,0.08356
84.00735,0.48529,0.03548,0.00020,0.00076,0.96355
84.11029,0.48530,0.55739,0.00785,0.00358,0.43118
84.21323,0.48530,0.99942,0.00023,0.00015,0.00020
84.31618,0.48529,0.99657,0.00034,0.00307,0.00002
84.41912,0.48529,0.98887,0.00218,0.00672,0.00222
84.52206,0.48530,0.98666,0.00789,0.00292,0.00253
84.62500,0.48529,0.91321,0.02651,0.04993,0.01034
84.72794,0.48529,0.05061,0.93516,0.01097,0.00326
84.83088,0.48530,0.05061,0.93516,0.01097,0.00326
84.93382,0.48530,0.58033,0.11545,0.28662,0.01760
85.03677,0.48529,0.95858,0.00514,0.03572,0.00056
85.13971,0.48529,0.99875,0.00036,0.00088,0.00001
85.24265,0.48530,0.99050,0.00281,0.00068,0.00601
85.34559,0.48529,0.98906,0.00227,0.00156,0.00711
85.44853,0.48529,0.79753,0.00689,0.00251,0.19308
85.55147,0.48530,0.06505,0.00027,0.00126,0.93342
85.65441,0.48530,0.98691,0.00069,0.00047,0.01192
85.75735,0.48529,0.99806,0.00086,0.00092,0.00015
85.86029,0.48530,0.99003,0.00011,0.00982,0.00004
85.96323,0.48530,0.97998,0.01618,0.00063,0.00320
86.06618,0.48529,0.98337,0.00592,0.00821,0.00251
86.16912,0.48529,0.05061,0.93516,0.01097,0.00326
86.27206,0.48530,0.05061,0.93516,0.01097,0.00326
86.37500,0.48529,0.05061,0.93516,0.01097,0.00326
86.47794,0.48529,0.05061,0.93516,0.01097,0.00326
86.58088,0.48530,0.84162,0.03830,0.11544,0.00464
86.68382,0.48530,0.99463,0.00135,0.00373,0.00029
86.78677,0.48529,0.99656,0.00109,0.00108,0.00127
86.88971,0.48529,0.99602,0.00205,0.00076,0.00117
86.99265,0.48530,0.93707,0.02199,0.00108,0.03986
87.09559,0.48529,0.05192,0.00037,0.00054,0.94717
87.19853,0.48529,0.98829,0.00088,0.00039,0.01044
87.30147,0.48530,0.99704,0.00073,0.00216,0.00007
87.40441,0.48530,0.99062,0.00064,0.00845,0.00029
87.50735,0.48529,0.98423,0.01167,0.00185,0.00225
87.61029,0.48530,0.94571,0.01098,0.03631,0.00700
87.71323,0.48530,0.37078,0.50309,0.10651,0.01962
87.81618,0.48529,0.05061,0.93516,0.01097,0.00326
87.91912,0.48529,0.05061,0.93516,0.01097,0.00326
88.02206,0.48530,0.26871,0.56952,0.14545,0.01633
88.12500,0.48529,0.78823,0.02482,0.18357,0.00338
88.22794,0.48529,0.95006,0.00782,0.04169,0.00043
88.33088,0.48530,0.97228,0.00110,0.02441,0.00220
88.43382,0.48530,0.99122,0.00383,0.00393,0.00102
88.53677,0.48529,0.96064,0.00547,0.00725,0.02664
88.63971,0.48529,0.03310,0.00020,0.00065,0.96605
88.74265,0.48530,0.99237,0.00076,0.00040,0.00647
88.84559,0.48529,0.99760,0.00120,0.00115,0.00006
88.94853,0.48529,0.99402,0.00076,0.00509,0.00013
89.05147,0.48530,0.99080,0.00702,0.00068,0.00150
89.15441,0.48530,0.96384,0.00989,0.02104,0.00523
89.25735,0.48529,0.33193,0.50778,0.14565,0.01464
89.36029,0.48530,0.05061,0.93516,0.01097,0.00326
89.46323,0.48530,0.05061,0.93516,0.01097,0.00326
89.56618,0.48529,0.75899,0.04980,0.17984,0.01137
89.66912,0.48529,0.95529,0.00631,0.03805,0.00034
89.77206,0.48530,0.99886,0.00046,0.00067,0.00002
89.87500,0.48529,0.99684,0.00022,0.00106,0.00188
89.97794,0.48529,0.99040,0.00120,0.00577,0.00263
90.08088,0.48530,0.94645,0.00069,0.00064,0.05223
90.18382,0.48530,0.06967,0.00068,0.00051,0.92913
90.28677,0.48529,0.26865,0.00194,0.00123,0.72818
90.38971,0.48529,0.99042,0.00008,0.00202,0.00748
90.49265,0.48530,0.99818,0.00004,0.00168,0.00010
90.59559,0.48529,0.98777,0.00008,0.01204,0.00011
90.69853,0.48529,0.98548,0.00979,0.00232,0.00241
90.80147,0.48530,0.98405,0.00629,0.00704,0.00262
90.90441,0.48530,0.64654,0.16911,0.15314,0.03122
91.00735,0.48529,0.05061,0.93516,0.01097,0.00326
91.11029,0.48530,0.72774,0.04724,0.21912,0.00590
91.21323,0.48530,0.90464,0.00414,0.09089,0.00033
91.31618,0.48529,0.98684,0.00412,0.00878,0.00026
91.41912,0.48529,0.99731,0.00017,0.00110,0.00141
91.52206,0.48530,0.98213,0.00364,0.01219,0.00204
91.62500,0.48529,0.98311,0.00332,0.00178,0.01179
91.72794,0.48529,0.28419,0.00040,0.00029,0.71512
91.83088,0.48530,0.07595,0.00084,0.00035,0.92286
91.93382,0.48530,0.97956,0.00008,0.00131,0.01905
92.03677,0.48529,0.99808,0.00002,0.00168,0.00021
92.13971,0.48529,0.99359,0.00002,0.00636,0.00002
92.24265,0.48530,0.98791,0.00660,0.00122,0.00427
92.34559,0.48529,0.99553,0.00233,0.00166,0.00048
92.44853,0.48529,0.89966,0.03587,0.04930,0.01517
92.55147,0.48530,0.05061,0.93516,0.01097,0.00326
92.65441,0.48530,0.63928,0.05916,0.29041,0.01115
92.75735,0.48529,0.91512,0.01014,0.07378,0.00097
92.86029,0.48530,0.99048,0.00344,0.00600,0.00009
92.96323,0.48530,0.98520,0.00067,0.01250,0.00163
93.06618,0.48529,0.99397,0.00100,0.00277,0.00227
93.16912,0.48529,0.93434,0.00964,0.00163,0.05439
93.27206,0.48530,0.06857,0.00073,0.00348,0.92722
93.37500,0.48529,0.85611,0.00616,0.00166,0.13607
93.47794,0.48529,0.99779,0.00204,0.00010,0.00006
93.58088,0.48530,0.99503,0.00016,0.00480,0.00002
93.68382,0.48530,0.97784,0.01389,0.00615,0.00212
93.78677,0.48529,0.98911,0.00485,0.00443,0.00161
93.88971,0.48529,0.79104,0.09779,0.08503,0.02614
93.99265,0.48530,0.05061,0.93516,0.01097,0.00326
94.09559,0.48529,0.54606,0.18648,0.24745,0.02001
94.19853,0.48529,0.78759,0.02206,0.18820,0.00216
94.30147,0.48530,0.96020,0.01133,0.02775,0.00072
94.40441,0.48530,0.98829,0.00016,0.01096,0.00059
94.50735,0.48529,0.99239,0.00213,0.00488,0.00060
94.61029,0.48530,0.94565,0.01195,0.00522,0.03718
94.71323,0.48530,0.03380,0.00016,0.00062,0.96542
94.81618,0.48529,0.99118,0.00089,0.00039,0.00753
94.91912,0.48529,0.99919,0.00022,0.00056,0.00003
95.02206,0.48530,0.99284,0.00016,0.00697,0.00002
95.12500,0.48529,0.99552,0.00380,0.00037,0.00030
95.22794,0.48529,0.98356,0.00559,0.00833,0.00252
95.33088,0.48530,0.88491,0.04368,0.04818,0.02322
95.43382,0.48530,0.05061,0.93516,0.01097,0.00326
95.53677,0.48529,0.05061,0.93516,0.01097,0.00326
95.63971,0.48529,0.66711,0.17361,0.14428,0.01501
95.74265,0.48530,0.86011,0.00812,0.13111,0.00066
95.84559,0.48529,0.99156,0.00313,0.00510,0.00021
95.94853,0.48529,0.99660,0.00015,0.00271,0.00053
96.05147,0.48530,0.99616,0.00200,0.00129,0.00055
96.15441,0.48530,0.89206,0.01224,0.00731,0.08839
96.25735,0.48529,0.05531,0.00033,0.00127,0.94308
96.36029,0.48530,0.99210,0.00082,0.00053,0.00655
96.46323,0.48530,0.99965,0.00007,0.00028,0.00001
96.56618,0.48529,0.97875,0.00034,0.02085,0.00006
96.66912,0.48529,0.99201,0.00472,0.00199,0.00128
96.77206,0.48530,0.99274,0.00132,0.00495,0.00100
96.87500,0.48529,0.87288,0.05126,0.06276,0.01310
96.97794,0.48529,0.33542,0.57289,0.08040,0.01129
97.08088,0.48530,0.50753,0.22547,0.24700,0.02000
97.18382,0.48530,0.76253,0.01675,0.21861,0.00211
97.28677,0.48529,0.95562,0.00628,0.03755,0.00055
97.38971,0.48529,0.98645,0.00020,0.01242,0.00093
97.49265,0.48530,0.99430,0.00192,0.00352,0.00026
97.59559,0.48529,0.96091,0.00340,0.00570,0.02998
97.69853,0.48529,0.03376,0.00010,0.00037,0.96578
97.80147,0.48530,0.97865,0.00115,0.00088,0.01932
97.90441,0.48530,0.99967,0.00007,0.00024,0.00002
98.00735,0.48529,0.98746,0.00037,0.01213,0.00004
98.11029,0.48530,0.99338,0.00384,0.00150,0.00128
98.21323,0.48530,0.97272,0.00382,0.01942,0.00405
98.31618,0.48529,0.72215,0.11638,0.14255,0.01892
98.41912,0.48529,0.35311,0.40718,0.21693,0.02278
98.52206,0.48530,0.87431,0.02113,0.10210,0.00246
98.62500,0.48529,0.98062,0.00147,0.01785,0.00005
98.72794,0.48529,0.99616,0.00062,0.00312,0.00010
98.83088,0.48530,0.98762,0.00221,0.00702,0.00314
98.93382,0.48530,0.98908,0.00273,0.00456,0.00363
99.03677,0.48529,0.85757,0.00459,0.00075,0.13709
99.13971,0.48529,0.05446,0.00120,0.00208,0.94226
99.24265,0.48530,0.44284,0.00446,0.00264,0.55006
99.34559,0.48529,0.99926,0.00006,0.00040,0.00027
99.44853,0.48529,0.99709,0.00007,0.00283,0.00001
99.55147,0.48530,0.92406,0.00125,0.07411,0.00058
99.65441,0.48530,0.90851,0.00307,0.08712,0.00131
99.75735,0.48529,0.99028,0.00012,0.00943,0.00017
99.86029,0.48530,0.92673,0.00047,0.07247,0.00033
99.96323,0.48530,0.91273,0.00579,0.08127,0.00021
100.06618,0.48529,0.80608,0.00160,0.19194,0.00039
100.16912,0.48529,0.98188,0.00028,0.01765,0.00020
100.27206,0.48530,0.99315,0.00122,0.00422,0.00141
100.37500,0.48529,0.97707,0.00139,0.01227,0.00927
100.47794,0.48529,0.88305,0.00453,0.00278,0.10964
100.58088,0.48530,0.06865,0.00090,0.00277,0.92767
100.68382,0.48530,0.67724,0.00425,0.00362,0.31488
100.78677,0.48529,0.99950,0.00010,0.00034,0.00006
100.88971,0.48529,0.99374,0.00004,0.00622,0.00000
100.99265,0.48530,0.98584,0.00228,0.00924,0.00264
101.09559,0.48529,0.99115,0.00129,0.00685,0.00070
101.19853,0.48529,0.99589,0.00028,0.00369,0.00014
101.30147,0.48530,0.87102,0.01297,0.11327,0.00274
101.40441,0.48530,0.94594,0.00165,0.05196,0.00046
101.50735,0.48529,0.84935,0.00598,0.14431,0.00037
101.61029,0.48530,0.97529,0.00110,0.02309,0.00052
101.71323,0.48530,0.99404,0.00070,0.00415,0.00111
101.81618,0.48529,0.98488,0.00189,0.00753,0.00570
101.91912,0.48529,0.17043,0.00139,0.00317,0.82502
102.02206,0.48530,0.70137,0.00290,0.00563,0.29010
102.12500,0.48529,0.99907,0.00015,0.00044,0.00034
102.22794,0.48529,0.99828,0.00026,0.00145,0.00001
102.33088,0.48530,0.98206,0.00561,0.01053,0.00180
102.43382,0.48530,0.99615,0.00205,0.00150,0.00030
102.53677,0.48529,0.96910,0.00757,0.01747,0.00586
102.63971,0.48529,0.79665,0.08013,0.10179,0.02143
102.74265,0.48530,0.75581,0.03845,0.20109,0.00465
102.84559,0.48529,0.96739,0.00562,0.02680,0.00019
102.94853,0.48529,0.99184,0.00131,0.00672,0.00014
103.05147,0.48530,0.99905,0.00004,0.00050,0.00040
103.15441,0.48530,0.99464,0.00183,0.00283,0.00070
103.25735,0.48529,0.96250,0.00489,0.00724,0.02538
103.36029,0.48530,0.04862,0.00016,0.00007,0.95116
103.46323,0.48530,0.84796,0.00050,0.00341,0.14813
103.56618,0.48529,0.99416,0.00002,0.00356,0.00226
103.66912,0.48529,0.99501,0.00003,0.00493,0.00002
103.77206,0.48530,0.99819,0.00030,0.00129,0.00023
103.87500,0.48529,0.99685,0.00205,0.00088,0.00022
103.97794,0.48529,0.97859,0.00706,0.00946,0.00490
104.08088,0.48530,0.70536,0.14274,0.12801,0.02390
104.18382,0.48530,0.05061,0.93516,0.01097,0.00326
104.28677,0.48529,0.65105,0.08103,0.25714,0.01078
104.38971,0.48529,0.94767,0.01258,0.03844,0.00130
104.49265,0.48530,0.98909,0.00136,0.00804,0.00151
104.59559,0.48529,0.99526,0.00160,0.00259,0.00055
104.69853,0.48529,0.94745,0.02997,0.00182,0.02076
104.80147,0.48530,0.03655,0.00022,0.00074,0.96250
104.90441,0.48530,0.93223,0.00168,0.00182,0.06427
105.00735,0.48529,0.99975,0.00006,0.00017,0.00002
105.11029,0.48530,0.99548,0.00005,0.00446,0.00000
105.21323,0.48530,0.99017,0.00294,0.00536,0.00153
105.31618,0.48529,0.98381,0.00263,0.01235,0.00122
105.41912,0.48529,0.95042,0.01313,0.03254,0.00391
105.52206,0.48530,0.69615,0.11793,0.16555,0.02037
105.62500,0.48529,0.80886,0.01682,0.16980,0.00451
105.72794,0.48529,0.95942,0.00946,0.03087,0.00024
105.83088,0.48530,0.99861,0.00039,0.00087,0.00013
105.93382,0.48530,0.99790,0.00070,0.00004,0.00136
106.03677,0.48529,0.99662,0.00163,0.00070,0.00105
106.13971,0.48529,0.59581,0.00289,0.00281,0.39849
106.24265,0.48530,0.10459,0.00203,0.00139,0.89199
106.34559,0.48529,0.97068,0.00018,0.00208,0.02705
106.44853,0.48529,0.99879,0.00026,0.00073,0.00022
106.55147,0.48530,0.99528,0.00002,0.00468,0.00002
106.65441,0.48530,0.98860,0.00821,0.00165,0.00155
106.75735,0.48529,0.99005,0.00381,0.00446,0.00169
106.86029,0.48530,0.76625,0.10618,0.10173,0.02584
106.96323,0.48530,0.05061,0.93516,0.01097,0.00326
107.06618,0.48529,0.05061,0.93516,0.01097,0.00326
107.16912,0.48529,0.57038,0.16940,0.23994,0.02028
107.27206,0.48530,0.91692,0.01257,0.06903,0.00147
107.37500,0.48529,0.98131,0.00597,0.00772,0.00500
107.47794,0.48529,0.98812,0.00274,0.00663,0.00252
107.58088,0.48530,0.98441,0.00553,0.00171,0.00835
107.68382,0.48530,0.07772,0.00078,0.00042,0.92107
107.78677,0.48529,0.97247,0.00061,0.00080,0.02613
107.88971,0.48529,0.99951,0.00010,0.00036,0.00003
107.99265,0.48530,0.99679,0.00026,0.00295,0.00001
108.09559,0.48529,0.98960,0.00429,0.00418,0.00193
108.19853,0.48529,0.98670,0.00361,0.00831,0.00138
108.30147,0.48530,0.82397,0.04152,0.11604,0.01848
108.40441,0.48530,0.32199,0.51556,0.14645,0.01599
108.50735,0.48529,0.61449,0.08683,0.28586,0.01282
108.61029,0.48530,0.73947,0.02926,0.22821,0.00306
108.71323,0.48530,0.96546,0.00514,0.02874,0.00066
108.81618,0.48529,0.97876,0.00068,0.01810,0.00247
108.91912,0.48529,0.98333,0.00343,0.01236,0.00088
109.02206,0.48530,0.96584,0.00341,0.00381,0.02694
109.12500,0.48529,0.02969,0.00012,0.00031,0.96988
109.22794,0.48529,0.96424,0.00110,0.00111,0.03355
109.33088,0.48530,0.99955,0.00004,0.00038,0.00003
109.43382,0.48530,0.98604,0.00038,0.01356,0.00002
109.53677,0.48529,0.99186,0.00378,0.00258,0.00178
109.63971,0.48529,0.98702,0.00228,0.00963,0.00107
109.74265,0.48530,0.86337,0.03351,0.08589,0.01723
109.84559,0.48529,0.70859,0.05156,0.22875,0.01109
109.94853,0.48529,0.82617,0.01499,0.15733,0.00152
110.05147,0.48530,0.99884,0.00042,0.00059,0.00015
110.15441,0.48530,0.99346,0.00329,0.00111,0.00214
110.25735,0.48529,0.99360,0.00443,0.00096,0.00100
110.36029,0.48530,0.85938,0.01772,0.00445,0.11846
110.46323,0.48530,0.04406,0.00028,0.00076,0.95490
110.56618,0.48529,0.57676,0.00317,0.00399,0.41608
110.66912,0.48529,0.99923,0.00011,0.00046,0.00021
110.77206,0.48530,0.99256,0.00002,0.00741,0.00001
110.87500,0.48529,0.94623,0.00049,0.05278,0.00050
110.97794,0.48529,0.65129,0.00084,0.34677,0.00110
111.08088,0.48530,0.29316,0.00153,0.70418,0.00112
111.18382,0.48530,0.18729,0.00180,0.81015,0.00075
111.28677,0.48529,0.96489,0.00020,0.03466,0.00026
111.38971,0.48529,0.99591,0.00072,0.00232,0.00105
111.49265,0.48530,0.99264,0.00185,0.00305,0.00246
111.59559,0.48529,0.91698,0.00842,0.00169,0.07291
111.69853,0.48529,0.11990,0.00096,0.00387,0.87527
111.80147,0.48530,0.04901,0.00379,0.00260,0.94461
111.90441,0.48530,0.86514,0.00141,0.00337,0.13008
112.00735,0.48529,0.99919,0.00008,0.00066,0.00007
112.11029,0.48530,0.99675,0.00002,0.00322,0.00000
112.21323,0.48530,0.84381,0.00054,0.15554,0.00011
112.31618,0.48529,0.04227,0.00005,0.95765,0.00003
112.41912,0.48529,0.57917,0.00046,0.41979,0.00058
112.52206,0.48530,0.97695,0.00002,0.02276,0.00028
112.62500,0.48529,0.97978,0.00077,0.01750,0.00195
112.72794,0.48529,0.96932,0.00287,0.00644,0.02137
112.83088,0.48530,0.29843,0.00110,0.00222,0.69824
112.93382,0.48530,0.06270,0.00592,0.00297,0.92841
113.03677,0.48529,0.07065,0.00177,0.00106,0.92652
113.13971,0.48529,0.96544,0.00023,0.00279,0.03153
113.24265,0.48530,0.99926,0.00007,0.00062,0.00005
113.34559,0.48529,0.99218,0.00001,0.00780,0.00000
113.44853,0.48529,0.84403,0.00016,0.15570,0.00010
113.55147,0.48530,0.02055,0.00003,0.97937,0.00004
113.65441,0.48530,0.01970,0.00004,0.98022,0.00004
113.75735,0.48529,0.96851,0.00005,0.03139,0.00005
113.86029,0.48530,0.99178,0.00033,0.00694,0.00096
113.96323,0.48530,0.98387,0.00084,0.00998,0.00531
114.06618,0.48529,0.80752,0.00585,0.00226,0.18437
114.16912,0.48529,0.09861,0.00081,0.00196,0.89862
114.27206,0.48530,0.04407,0.00644,0.00335,0.94614
114.37500,0.48529,0.23542,0.00319,0.00239,0.75900
114.47794,0.48529,0.99632,0.00018,0.00098,0.00252
114.58088,0.48530,0.99819,0.00023,0.00155,0.00003
114.68382,0.48530,0.97777,0.00011,0.02210,0.00002
114.78677,0.48529,0.16391,0.00010,0.83592,0.00006
114.88971,0.48529,0.01973,0.00004,0.98019,0.00004
114.99265,0.48530,0.79983,0.00008,0.19999,0.00010
115.09559,0.48529,0.99671,0.00003,0.00303,0.00024
115.19853,0.48529,0.99457,0.00013,0.00363,0.00167
115.30147,0.48530,0.89650,0.00146,0.00141,0.10063
115.40441,0.48530,0.16801,0.00069,0.00775,0.82355
115.50735,0.48529,0.08578,0.01183,0.00707,0.89532
115.61029,0.48530,0.51088,0.00866,0.00531,0.47515
115.71323,0.48530,0.99915,0.00035,0.00019,0.00030
115.81618,0.48529,0.99900,0.00016,0.00083,0.00001
115.91912,0.48529,0.96641,0.00025,0.03332,0.00002
116.02206,0.48530,0.08038,0.00010,0.91945,0.00007
116.12500,0.48529,0.02725,0.00004,0.97266,0.00005
116.22794,0.48529,0.99552,0.00002,0.00428,0.00018
116.33088,0.48530,0.99338,0.00011,0.00589,0.00062
116.43382,0.48530,0.99354,0.00026,0.00469,0.00151
116.53677,0.48529,0.96177,0.00351,0.00160,0.03312
116.63971,0.48529,0.10163,0.00031,0.00169,0.89638
116.74265,0.48530,0.07471,0.00470,0.00422,0.91637
116.84559,0.48529,0.04324,0.00354,0.00203,0.95118
116.94853,0.48529,0.84067,0.00175,0.00681,0.15078
117.05147,0.48530,0.99620,0.00059,0.00134,0.00187
117.15441,0.48530,0.99759,0.00031,0.00205,0.00005
117.25735,0.48529,0.96293,0.00110,0.03591,0.00006
117.36029,0.48530,0.04904,0.00007,0.95083,0.00005
117.46323,0.48530,0.02042,0.00007,0.97943,0.00008
117.56618,0.48529,0.82240,0.00010,0.17730,0.00019
117.66912,0.48529,0.99141,0.00028,0.00697,0.00134
117.77206,0.48530,0.99090,0.00119,0.00502,0.00289
117.87500,0.48529,0.85420,0.00649,0.00223,0.13707
117.97794,0.48529,0.10977,0.00111,0.00307,0.88605
118.08088,0.48530,0.05540,0.00311,0.00107,0.94041
118.18382,0.48530,0.98467,0.00024,0.00139,0.01371
118.28677,0.48529,0.99908,0.00006,0.00083,0.00002
118.38971,0.48529,0.99473,0.00002,0.00525,0.00000
118.49265,0.48530,0.85880,0.00076,0.13996,0.00047
118.59559,0.48529,0.23643,0.00057,0.76235,0.00066
118.69853,0.48529,0.07337,0.00049,0.92574,0.00040
118.80147,0.48530,0.08639,0.00076,0.91235,0.00049
118.90441,0.48530,0.13392,0.00067,0.86518,0.00023
119.00735,0.48529,0.98384,0.00027,0.01465,0.00124
119.11029,0.48530,0.99294,0.00037,0.00573,0.00096
119.21323,0.48530,0.98802,0.00041,0.00611,0.00546
119.31618,0.48529,0.76565,0.00405,0.00030,0.23000
119.41912,0.48529,0.05141,0.00478,0.00075,0.94306
119.52206,0.48530,0.29011,0.00458,0.00221,0.70310
119.62500,0.48529,0.99873,0.00005,0.00046,0.00076
119.72794,0.48529,0.99550,0.00030,0.00416,0.00004
119.83088,0.48530,0.94759,0.00078,0.05099,0.00064
119.93382,0.48530,0.99717,0.00142,0.00107,0.00035
120.03677,0.48529,0.98973,0.00188,0.00676,0.00163
120.13971,0.48529,0.95035,0.03841,0.00728,0.00396
120.24265,0.48530,0.89217,0.02243,0.08102,0.00438
120.34559,0.48529,0.93015,0.00913,0.06022,0.00050
120.44853,0.48529,0.96974,0.00521,0.02451,0.00054
120.55147,0.48530,0.99515,0.00032,0.00355,0.00098
120.65441,0.48530,0.96883,0.01041,0.01889,0.00187
120.75735,0.48529,0.97853,0.00428,0.00515,0.01204
120.86029,0.48530,0.50506,0.00122,0.00065,0.49307
120.96323,0.48530,0.03830,0.00279,0.00132,0.95758
121.06618,0.48529,0.63217,0.00474,0.00394,0.35915
121.16912,0.48529,0.99950,0.00002,0.00037,0.00011
121.27206,0.48530,0.99298,0.00021,0.00679,0.00002
121.37500,0.48529,0.98537,0.00508,0.00721,0.00235
121.47794,0.48529,0.98776,0.00476,0.00577,0.00171
121.58088,0.48530,0.86836,0.02581,0.09241,0.01342
121.68382,0.48530,0.32199,0.51556,0.14645,0.01599
121.78677,0.48529,0.05061,0.93516,0.01097,0.00326
121.88971,0.48529,0.05061,0.93516,0.01097,0.00326
121.99265,0.48530,0.28837,0.53233,0.16218,0.01712
122.09559,0.48529,0.90543,0.00824,0.08353,0.00280
122.19853,0.48529,0.96730,0.00340,0.02902,0.00027
122.30147,0.48530,0.99606,0.00129,0.00252,0.00013
122.40441,0.48530,0.99959,0.00001,0.00034,0.00006
122.50735,0.48529,0.98739,0.00049,0.01119,0.00094
122.61029,0.48530,0.93736,0.00059,0.00470,0.05736
122.71323,0.48530,0.14098,0.00021,0.00028,0.85852
122.81618,0.48529,0.04653,0.00135,0.00052,0.95160
122.91912,0.48529,0.95904,0.00112,0.00236,0.03748
123.02206,0.48530,0.99824,0.00004,0.00164,0.00007
123.12500,0.48529,0.98832,0.00009,0.01156,0.00003
123.22794,0.48529,0.99070,0.00666,0.00082,0.00181
123.33088,0.48530,0.99262,0.00258,0.00398,0.00082
123.43382,0.48530,0.89323,0.02995,0.06177,0.01506
123.53677,0.48529,0.34832,0.53111,0.10176,0.01881
123.63971,0.48529,0.05061,0.93516,0.01097,0.00326
123.74265,0.48530,0.05061,0.93516,0.01097,0.00326
123.84559,0.48529,0.05061,0.93516,0.01097,0.00326
123.94853,0.48529,0.05061,0.93516,0.01097,0.00326
124.05147,0.48530,0.71626,0.06819,0.20944,0.00611
124.15441,0.48530,0.87349,0.00520,0.12089,0.00042
124.25735,0.48529,0.99989,0.00001,0.00003,0.00006
124.36029,0.48530,0.99688,0.00114,0.00040,0.00158
124.46323,0.48530,0.99431,0.00022,0.00411,0.00136
124.56618,0.48529,0.88882,0.00193,0.00205,0.10720
124.66912,0.48529,0.03662,0.00017,0.00037,0.96284
124.77206,0.48530,0.36070,0.00148,0.00147,0.63634
124.87500,0.48529,0.99692,0.00003,0.00122,0.00183
124.97794,0.48529,0.99718,0.00022,0.00254,0.00006
125.08088,0.48530,0.97800,0.00079,0.01989,0.00133
125.18382,0.48530,0.99313,0.00575,0.00057,0.00055
125.28677,0.48529,0.90011,0.02380,0.06416,0.01193
125.38971,0.48529,0.05061,0.93516,0.01097,0.00326
125.49265,0.48530,0.05061,0.93516,0.01097,0.00326
125.59559,0.48529,0.05061,0.93516,0.01097,0.00326
125.69853,0.48529,0.05061,0.93516,0.01097,0.00326
125.80147,0.48530,0.05061,0.93516,0.01097,0.00326
125.90441,0.48530,0.05061,0.93516,0.01097,0.00326
126.00735,0.48529,0.05061,0.93516,0.01097,0.00326
126.11029,0.48530,0.26336,0.64411,0.07905,0.01347
126.21323,0.48530,0.84889,0.03379,0.11423,0.00308
126.31618,0.48529,0.99942,0.00040,0.00012,0.00006
126.41912,0.48529,0.99849,0.00055,0.00009,0.00088
126.52206,0.48530,0.99777,0.00068,0.00034,0.00122
126.62500,0.48529,0.92129,0.01064,0.00039,0.06768
126.72794,0.48529,0.04658,0.00149,0.00041,0.95152
126.83088,0.48530,0.33116,0.00125,0.00127,0.66632
126.93382,0.48530,0.99631,0.00003,0.00141,0.00226
127.03677,0.48529,0.99844,0.00016,0.00131,0.00009
127.13971,0.48529,0.98443,0.00013,0.01517,0.00027
127.24265,0.48530,0.99689,0.00260,0.00030,0.00020
127.34559,0.48529,0.95662,0.00967,0.02297,0.01075
127.44853,0.48529,0.31096,0.53573,0.13884,0.01448
127.55147,0.48529,0.05061,0.93516,0.01097,0.00326
127.65441,0.48530,0.05061,0.93516,0.01097,0.00326
127.75735,0.48529,0.05061,0.93516,0.01097,0.00326
127.86029,0.48529,0.05061,0.93516,0.01097,0.00326
127.96323,0.48530,0.05061,0.93516,0.01097,0.00326
128.06618,0.48529,0.54418,0.19132,0.24442,0.02007
128.16911,0.48531,0.83848,0.01473,0.14533,0.00146
128.27206,0.48529,0.99799,0.00080,0.00110,0.00011
128.37500,0.48529,0.99874,0.00027,0.00003,0.00096
128.47794,0.48531,0.99832,0.00095,0.00020,0.00054
128.58089,0.48529,0.69428,0.00218,0.00169,0.30184
128.68382,0.48529,0.04539,0.00156,0.00056,0.95249
128.78676,0.48531,0.16755,0.00286,0.00077,0.82882
128.88971,0.48529,0.98870,0.00009,0.00194,0.00927
128.99265,0.48529,0.99918,0.00013,0.00060,0.00010
129.09558,0.48531,0.98700,0.00007,0.01285,0.00009
129.19853,0.48529,0.98976,0.00887,0.00044,0.00094
129.30147,0.48529,0.97859,0.00502,0.01182,0.00457
129.40442,0.48529,0.48117,0.32484,0.17705,0.01694
129.50735,0.48529,0.05061,0.93516,0.01097,0.00326
129.61029,0.48529,0.05061,0.93516,0.01097,0.00326
129.71324,0.48529,0.05061,0.93516,0.01097,0.00326
129.81618,0.48529,0.61462,0.07517,0.29832,0.01189
129.91911,0.48531,0.90839,0.01683,0.07363,0.00115
130.02206,0.48529,0.98347,0.00529,0.01103,0.00021
130.12500,0.48529,0.99206,0.00080,0.00495,0.00218
130.22794,0.48531,0.96930,0.01167,0.01458,0.00445
130.33089,0.48529,0.98395,0.00535,0.00227,0.00843
130.43382,0.48529,0.47564,0.00119,0.00157,0.52160
130.53676,0.48531,0.03625,0.00351,0.00130,0.95894
130.63971,0.48529,0.38319,0.00340,0.00212,0.61129
130.74265,0.48529,0.99745,0.00004,0.00117,0.00133
130.84558,0.48531,0.99533,0.00006,0.00457,0.00005
130.94853,0.48529,0.99462,0.00026,0.00440,0.00072
131.05147,0.48529,0.99758,0.00141,0.00073,0.00027
131.15442,0.48529,0.95142,0.02199,0.02440,0.00218
131.25735,0.48529,0.82844,0.10421,0.04490,0.02244
131.36029,0.48529,0.32527,0.56084,0.09596,0.01793
131.46324,0.48529,0.05061,0.93516,0.01097,0.00326
131.56618,0.48529,0.27122,0.63333,0.08169,0.01376
131.66911,0.48531,0.77658,0.07350,0.14634,0.00358
131.77206,0.48529,0.93002,0.01189,0.05739,0.00070
131.87500,0.48529,0.99076,0.00263,0.00646,0.00015
131.97794,0.48531,0.99958,0.00006,0.00023,0.00012
132.08089,0.48529,0.99321,0.00266,0.00325,0.00088
132.18382,0.48529,0.98515,0.00071,0.00911,0.00503
132.28676,0.48531,0.91509,0.00189,0.00253,0.08049
132.38971,0.48529,0.09796,0.00023,0.00169,0.90012
132.49265,0.48529,0.04133,0.00232,0.00144,0.95491
132.59558,0.48531,0.97551,0.00076,0.00141,0.02232
132.69853,0.48529,0.99968,0.00005,0.00025,0.00002
132.80147,0.48529,0.99140,0.00003,0.00856,0.00000
132.90442,0.48529,0.92587,0.00071,0.07303,0.00040
133.00735,0.48529,0.07230,0.00016,0.92737,0.00017
133.11029,0.48529,0.03419,0.00018,0.96549,0.00014
133.21324,0.48529,0.03131,0.00031,0.96827,0.00011
133.31618,0.48529,0.06020,0.00040,0.93929,0.00011
133.41911,0.48531,0.03058,0.00004,0.96934,0.00003
133.52206,0.48529,0.01550,0.00003,0.98442,0.00004
133.62500,0.48529,0.01450,0.00005,0.98539,0.00006
133.72794,0.48531,0.01225,0.00004,0.98767,0.00004
133.83089,0.48529,0.03797,0.00018,0.96169,0.00016
133.93382,0.48529,0.99596,0.00003,0.00382,0.00019
134.03676,0.48531,0.98505,0.00107,0.01309,0.00079
134.13971,0.48529,0.99320,0.00120,0.00240,0.00320
134.24265,0.48529,0.27636,0.00250,0.00061,0.72053
134.34558,0.48531,0.52728,0.00413,0.00092,0.46768
134.44853,0.48529,0.99923,0.00006,0.00045,0.00026
134.55147,0.48529,0.99633,0.00009,0.00356,0.00002
134.65442,0.48529,0.98743,0.00115,0.01067,0.00076
134.75735,0.48529,0.99817,0.00059,0.00113,0.00011
134.86029,0.48529,0.97877,0.00459,0.01205,0.00459
134.96324,0.48529,0.85392,0.06699,0.05997,0.01913
135.06618,0.48529,0.05061,0.93516,0.01097,0.00326
135.16911,0.48531,0.05061,0.93516,0.01097,0.00326
135.27206,0.48529,0.61292,0.16380,0.20962,0.01366
135.37500,0.48529,0.90192,0.04528,0.05076,0.00204
135.47794,0.48531,0.81617,0.00747,0.17554,0.00082
135.58089,0.48529,0.84166,0.00608,0.15152,0.00074
135.68382,0.48529,0.74283,0.00774,0.24798,0.00145
135.78676,0.48531,0.65147,0.01114,0.33603,0.00136
135.88971,0.48529,0.87963,0.00699,0.11039,0.00299
135.99265,0.48529,0.85569,0.00231,0.14002,0.00199
136.09558,0.48531,0.06811,0.00026,0.93119,0.00043
136.19853,0.48529,0.08327,0.00023,0.91632,0.00019
136.30147,0.48529,0.68025,0.00340,0.31553,0.00083
136.40442,0.48529,0.98153,0.00033,0.01780,0.00033
136.50735,0.48529,0.99206,0.00248,0.00446,0.00100
136.61029,0.48529,0.97102,0.00690,0.01818,0.00390
136.71324,0.48529,0.71842,0.13683,0.12068,0.02407
136.81618,0.48529,0.05061,0.93516,0.01097,0.00326
136.91911,0.48531,0.05061,0.93516,0.01097,0.00326
137.02206,0.48529,0.05061,0.93516,0.01097,0.00326
137.12500,0.48529,0.05061,0.93516,0.01097,0.00326
137.22794,0.48531,0.05061,0.93516,0.01097,0.00326
137.33089,0.48529,0.05061,0.93516,0.01097,0.00326
137.43382,0.48529,0.05061,0.93516,0.01097,0.00326
137.53676,0.48531,0.05061,0.93516,0.01097,0.00326
137.63971,0.48529,0.05061,0.93516,0.01097,0.00326
137.74265,0.48529,0.05061,0.93516,0.01097,0.00326
137.84558,0.48531,0.05061,0.93516,0.01097,0.00326
137.94853,0.48529,0.05061,0.93516,0.01097,0.00326
138.05147,0.48529,0.05061,0.93516,0.01097,0.00326
138.15442,0.48529,0.05061,0.93516,0.01097,0.00326
138.25735,0.48529,0.67069,0.16220,0.15242,0.01470
138.36029,0.48529,0.91137,0.00716,0.08092,0.00055
138.46324,0.48529,0.99696,0.00090,0.00202,0.00012
138.56618,0.48529,0.99671,0.00045,0.00177,0.00107
138.66911,0.48531,0.99898,0.00031,0.00029,0.00042
138.77206,0.48529,0.95075,0.00763,0.00098,0.04065
138.87500,0.48529,0.05826,0.00053,0.00136,0.93985
138.97794,0.48531,0.66315,0.01356,0.00509,0.31819
139.08089,0.48529,0.99933,0.00049,0.00009,0.00008
139.18382,0.48529,0.98870,0.00049,0.01076,0.00005
139.28676,0.48531,0.99694,0.00162,0.00101,0.00044
139.38971,0.48529,0.99140,0.00169,0.00494,0.00197
139.49265,0.48529,0.79637,0.10754,0.08179,0.01429
139.59558,0.48531,0.05061,0.93516,0.01097,0.00326
139.69853,0.48529,0.05061,0.93516,0.01097,0.00326
139.80147,0.48529,0.05061,0.93516,0.01097,0.00326
139.90442,0.48529,0.05061,0.93516,0.01097,0.00326
140.00735,0.48529,0.05061,0.93516,0.01097,0.00326
140.11029,0.48529,0.05061,0.93516,0.01097,0.00326
140.21324,0.48529,0.05061,0.93516,0.01097,0.00326
140.31618,0.48529,0.49179,0.20696,0.28136,0.01989
140.41911,0.48531,0.90906,0.00818,0.08154,0.00122
140.52206,0.48529,0.96817,0.00337,0.02828,0.00018
140.62500,0.48529,0.97604,0.00401,0.01215,0.00780
140.72794,0.48531,0.99374,0.00102,0.00379,0.00145
140.83089,0.48529,0.98885,0.00136,0.00410,0.00569
140.93382,0.48529,0.71510,0.00424,0.00032,0.28034
141.03676,0.48531,0.08684,0.00156,0.00049,0.91110
141.13971,0.48529,0.98785,0.00120,0.00034,0.01060
141.24265,0.48529,0.99478,0.00126,0.00387,0.00009
141.34558,0.48531,0.98346,0.00128,0.01453,0.00073
141.44853,0.48529,0.98860,0.00918,0.00065,0.00157
141.55147,0.48529,0.90163,0.03826,0.04606,0.01405
141.65442,0.48529,0.05061,0.93516,0.01097,0.00326
141.75735,0.48529,0.05061,0.93516,0.01097,0.00326
141.86029,0.48529,0.05061,0.93516,0.01097,0.00326
141.96324,0.48529,0.05061,0.93516,0.01097,0.00326
142.06618,0.48529,0.05061,0.93516,0.01097,0.00326
142.16911,0.48531,0.69614,0.03772,0.25728,0.00886
142.27206,0.48529,0.95402,0.00882,0.03637,0.00079
142.37500,0.48529,0.98910,0.00445,0.00483,0.00162
142.47794,0.48531,0.97995,0.00689,0.01135,0.00182
142.58089,0.48529,0.97714,0.00417,0.00629,0.01240
142.68382,0.48529,0.79407,0.00522,0.00050,0.20021
142.78676,0.48531,0.11301,0.00179,0.00073,0.88447
142.88971,0.48529,0.99223,0.00060,0.00025,0.00692
142.99265,0.48529,0.99639,0.00040,0.00312,0.00008
143.09558,0.48531,0.98086,0.00245,0.01491,0.00179
143.19853,0.48529,0.98760,0.00866,0.00221,0.00154
143.30147,0.48529,0.76884,0.13543,0.07378,0.02195
143.40442,0.48529,0.05061,0.93516,0.01097,0.00326
143.50735,0.48529,0.05061,0.93516,0.01097,0.00326
143.61029,0.48529,0.05061,0.93516,0.01097,0.00326
143.71324,0.48529,0.05061,0.93516,0.01097,0.00326
143.81618,0.48529,0.05061,0.93516,0.01097,0.00326
143.91911,0.48531,0.05061,0.93516,0.01097,0.00326
144.02206,0.48529,0.05061,0.93516,0.01097,0.00326
144.12500,0.48529,0.05061,0.93516,0.01097,0.00326
144.22794,0.48531,0.05061,0.93516,0.01097,0.00326
144.33089,0.48529,0.05061,0.93516,0.01097,0.00326
144.43382,0.48529,0.05061,0.93516,0.01097,0.00326
144.53676,0.48531,0.05061,0.93516,0.01097,0.00326
144.63971,0.48529,0.05061,0.93516,0.01097,0.00326
144.74265,0.48529,0.05061,0.93516,0.01097,0.00326
144.84558,0.48531,0.05061,0.93516,0.01097,0.00326
144.94853,0.48529,0.05061,0.93516,0.01097,0.00326
145.05147,0.48529,0.05061,0.93516,0.01097,0.00326
145.15442,0.48529,0.05061,0.93516,0.01097,0.00326
145.25735,0.48529,0.05061,0.93516,0.01097,0.00326
145.36029,0.48529,0.05061,0.93516,0.01097,0.00326
