Time (seconds), Duration (seconds),pred_unlabelled,pred_Dry,pred_Wet,pred_Touch
0.00735,0.48529,0.05061,0.93516,0.01097,0.00326
0.11029,0.48529,0.05061,0.93516,0.01097,0.00326
0.21324,0.48529,0.05061,0.93516,0.01097,0.00326
0.31618,0.48529,0.05061,0.93516,0.01097,0.00326
0.41912,0.48529,0.05061,0.93516,0.01097,0.00326
0.52206,0.48529,0.05061,0.93516,0.01097,0.00326
0.62500,0.48529,0.05061,0.93516,0.01097,0.00326
0.72794,0.48529,0.05061,0.93516,0.01097,0.00326
0.83088,0.48529,0.05061,0.93516,0.01097,0.00326
0.93382,0.48529,0.05061,0.93516,0.01097,0.00326
1.03676,0.48529,0.05061,0.93516,0.01097,0.00326
1.13971,0.48529,0.05061,0.93516,0.01097,0.00326
1.24265,0.48529,0.05061,0.93516,0.01097,0.00326
1.34559,0.48529,0.05061,0.93516,0.01097,0.00326
1.44853,0.48529,0.05061,0.93516,0.01097,0.00326
1.55147,0.48529,0.05061,0.93516,0.01097,0.00326
1.65441,0.48529,0.05061,0.93516,0.01097,0.00326
1.75735,0.48529,0.05061,0.93516,0.01097,0.00326
1.86029,0.48529,0.05061,0.93516,0.01097,0.00326
1.96324,0.48529,0.05061,0.93516,0.01097,0.00326
2.06618,0.48529,0.05061,0.93516,0.01097,0.00326
2.16912,0.48529,0.05061,0.93516,0.01097,0.00326
2.27206,0.48529,0.05061,0.93516,0.01097,0.00326
2.37500,0.48529,0.05061,0.93516,0.01097,0.00326
2.47794,0.48529,0.05061,0.93516,0.01097,0.00326
2.58088,0.48529,0.05061,0.93516,0.01097,0.00326
2.68382,0.48529,0.05061,0.93516,0.01097,0.00326
2.78676,0.48529,0.05061,0.93516,0.01097,0.00326
2.88971,0.48529,0.05061,0.93516,0.01097,0.00326
2.99265,0.48529,0.05061,0.93516,0.01097,0.00326
3.09559,0.48529,0.05061,0.93516,0.01097,0.00326
3.19853,0.48529,0.85283,0.01800,0.12657,0.00260
3.30147,0.48529,0.94936,0.01601,0.03432,0.00031
3.40441,0.48529,0.96687,0.02643,0.00625,0.00045
3.50735,0.48529,0.97841,0.00866,0.01216,0.00077
3.61029,0.48529,0.74255,0.00061,0.25660,0.00024
3.71324,0.48529,0.93766,0.00054,0.06139,0.00041
3.81618,0.48529,0.98358,0.00173,0.01355,0.00114
3.91912,0.48529,0.99222,0.00194,0.00556,0.00027
4.02206,0.48529,0.82581,0.09636,0.05356,0.02426
4.12500,0.48529,0.65645,0.19800,0.12311,0.02244
4.22794,0.48529,0.05061,0.93516,0.01097,0.00326
4.33088,0.48529,0.05061,0.93516,0.01097,0.00326
4.43382,0.48529,0.05061,0.93516,0.01097,0.00326
4.53676,0.48529,0.05061,0.93516,0.01097,0.00326
4.63971,0.48529,0.67958,0.04168,0.27398,0.00476
4.74265,0.48529,0.86509,0.01760,0.11615,0.00117
4.84559,0.48529,0.95740,0.01191,0.03031,0.00037
4.94853,0.48529,0.90316,0.02771,0.06828,0.00085
5.05147,0.48529,0.89143,0.00731,0.09971,0.00154
5.15441,0.48529,0.82562,0.00397,0.16896,0.00144
5.25735,0.48529,0.10200,0.00022,0.89746,0.00032
5.36029,0.48529,0.03869,0.00009,0.96115,0.00007
5.46324,0.48529,0.04567,0.00005,0.95420,0.00009
5.56618,0.48529,0.06604,0.00005,0.93379,0.00012
5.66912,0.48529,0.08465,0.00009,0.91504,0.00023
5.77206,0.48529,0.09925,0.00015,0.90038,0.00022
5.87500,0.48529,0.14032,0.00034,0.85862,0.00071
5.97794,0.48529,0.08590,0.00056,0.91298,0.00056
6.08088,0.48529,0.03450,0.00043,0.96478,0.00029
6.18382,0.48529,0.07308,0.00099,0.92533,0.00060
6.28676,0.48529,0.04849,0.00052,0.95072,0.00027
6.38971,0.48529,0.06062,0.00056,0.93858,0.00023
6.49265,0.48529,0.02861,0.00021,0.97108,0.00009
6.59559,0.48529,0.03009,0.00013,0.96973,0.00005
6.69853,0.48529,0.03062,0.00006,0.96922,0.00010
6.80147,0.48529,0.04765,0.00014,0.95208,0.00013
6.90441,0.48529,0.19775,0.00126,0.79989,0.00110
7.00735,0.48529,0.75478,0.00424,0.23922,0.00177
7.11029,0.48529,0.96662,0.00772,0.02333,0.00233
7.21324,0.48529,0.90084,0.02125,0.07176,0.00615
7.31618,0.48529,0.57557,0.25319,0.15087,0.02037
7.41912,0.48529,0.37078,0.50309,0.10651,0.01962
7.52206,0.48529,0.05061,0.93516,0.01097,0.00326
7.62500,0.48529,0.05061,0.93516,0.01097,0.00326
7.72794,0.48529,0.05061,0.93516,0.01097,0.00326
7.83088,0.48529,0.05061,0.93516,0.01097,0.00326
7.93382,0.48529,0.05061,0.93516,0.01097,0.00326
8.03677,0.48529,0.05061,0.93516,0.01097,0.00326
8.13971,0.48529,0.05061,0.93516,0.01097,0.00326
8.24265,0.48529,0.05061,0.93516,0.01097,0.00326
8.34559,0.48529,0.05061,0.93516,0.01097,0.00326
8.44853,0.48529,0.47127,0.23853,0.26979,0.02041
8.55147,0.48529,0.89583,0.00964,0.09312,0.00141
8.65441,0.48529,0.93337,0.00340,0.06286,0.00037
8.75735,0.48529,0.85891,0.00637,0.13358,0.00115
8.86029,0.48529,0.40775,0.00335,0.58829,0.00061
8.96323,0.48529,0.09284,0.00078,0.90624,0.00015
9.06618,0.48529,0.03987,0.00026,0.95978,0.00009
9.16912,0.48529,0.03436,0.00007,0.96548,0.00010
9.27206,0.48529,0.04482,0.00012,0.95494,0.00012
9.37500,0.48529,0.06689,0.00022,0.93258,0.00032
9.47794,0.48529,0.05229,0.00049,0.94672,0.00051
9.58088,0.48529,0.04155,0.00038,0.95771,0.00035
9.68382,0.48529,0.04118,0.00072,0.95772,0.00038
9.78677,0.48529,0.06685,0.00268,0.92930,0.00117
9.88971,0.48529,0.41698,0.02207,0.55845,0.00250
9.99265,0.48529,0.83372,0.05307,0.10851,0.00470
10.09559,0.48529,0.90106,0.05528,0.04086,0.00280
10.19853,0.48529,0.75775,0.12428,0.08682,0.03115
10.30147,0.48529,0.56097,0.33375,0.08949,0.01579
10.40441,0.48529,0.05061,0.93516,0.01097,0.00326
10.50735,0.48529,0.05061,0.93516,0.01097,0.00326
10.61029,0.48529,0.05061,0.93516,0.01097,0.00326
10.71323,0.48529,0.05061,0.93516,0.01097,0.00326
10.81618,0.48529,0.05061,0.93516,0.01097,0.00326
10.91912,0.48529,0.05061,0.93516,0.01097,0.00326
11.02206,0.48529,0.05061,0.93516,0.01097,0.00326
11.12500,0.48529,0.05061,0.93516,0.01097,0.00326
11.22794,0.48529,0.05061,0.93516,0.01097,0.00326
11.33088,0.48529,0.05061,0.93516,0.01097,0.00326
11.43382,0.48529,0.05061,0.93516,0.01097,0.00326
11.53677,0.48529,0.05061,0.93516,0.01097,0.00326
11.63971,0.48529,0.05061,0.93516,0.01097,0.00326
11.74265,0.48529,0.05061,0.93516,0.01097,0.00326
11.84559,0.48529,0.05061,0.93516,0.01097,0.00326
11.94853,0.48529,0.40144,0.39417,0.18709,0.01730
12.05147,0.48529,0.88483,0.02082,0.08975,0.00460
12.15441,0.48529,0.98475,0.00345,0.01162,0.00018
12.25735,0.48529,0.82886,0.00641,0.16233,0.00240
12.36029,0.48529,0.53031,0.00492,0.46227,0.00250
12.46323,0.48529,0.27282,0.00305,0.72298,0.00115
12.56618,0.48529,0.10725,0.00258,0.88913,0.00104
12.66912,0.48529,0.11490,0.00251,0.88100,0.00160
12.77206,0.48529,0.12155,0.00189,0.87498,0.00158
12.87500,0.48529,0.06591,0.00145,0.93174,0.00090
12.97794,0.48529,0.09817,0.00077,0.90036,0.00070
13.08088,0.48529,0.11115,0.00097,0.88726,0.00062
13.18382,0.48529,0.11932,0.00087,0.87927,0.00054
13.28677,0.48529,0.07980,0.00133,0.91744,0.00143
13.38971,0.48529,0.06054,0.00094,0.93793,0.00060
13.49265,0.48529,0.08440,0.00075,0.91437,0.00048
13.59559,0.48529,0.14257,0.00203,0.85378,0.00162
13.69853,0.48529,0.31566,0.00139,0.68234,0.00060
13.80147,0.48529,0.34796,0.00202,0.64905,0.00098
13.90441,0.48529,0.54051,0.01199,0.44177,0.00573
14.00735,0.48529,0.17347,0.00265,0.82274,0.00113
14.11029,0.48529,0.10647,0.00307,0.88912,0.00133
14.21323,0.48529,0.12687,0.00553,0.86621,0.00138
14.31618,0.48529,0.11299,0.00258,0.88335,0.00108
14.41912,0.48529,0.08185,0.00422,0.91201,0.00192
14.52206,0.48529,0.17976,0.00697,0.81080,0.00246
14.62500,0.48529,0.94238,0.00663,0.04756,0.00342
14.72794,0.48529,0.86838,0.05428,0.07133,0.00600
14.83088,0.48529,0.91202,0.07044,0.01440,0.00315
14.93382,0.48529,0.79155,0.12513,0.06478,0.01854
15.03677,0.48529,0.05061,0.93516,0.01097,0.00326
15.13971,0.48529,0.05061,0.93516,0.01097,0.00326
15.24265,0.48529,0.05061,0.93516,0.01097,0.00326
15.34559,0.48529,0.05061,0.93516,0.01097,0.00326
15.44853,0.48529,0.05061,0.93516,0.01097,0.00326
15.55147,0.48529,0.05061,0.93516,0.01097,0.00326
15.65441,0.48529,0.05061,0.93516,0.01097,0.00326
15.75735,0.48529,0.05061,0.93516,0.01097,0.00326
15.86029,0.48529,0.05061,0.93516,0.01097,0.00326
15.96323,0.48530,0.05061,0.93516,0.01097,0.00326
16.06618,0.48529,0.05061,0.93516,0.01097,0.00326
16.16912,0.48529,0.05061,0.93516,0.01097,0.00326
16.27206,0.48529,0.05061,0.93516,0.01097,0.00326
16.37500,0.48529,0.05061,0.93516,0.01097,0.00326
16.47794,0.48529,0.05061,0.93516,0.01097,0.00326
16.58088,0.48529,0.47795,0.39828,0.10055,0.02322
16.68382,0.48529,0.79797,0.08039,0.11729,0.00436
16.78676,0.48529,0.97472,0.00203,0.02314,0.00012
16.88971,0.48529,0.75982,0.01431,0.22138,0.00449
16.99265,0.48529,0.65428,0.07822,0.26252,0.00498
17.09559,0.48529,0.85823,0.07449,0.06405,0.00322
17.19853,0.48529,0.87773,0.05926,0.05559,0.00742
17.30147,0.48529,0.64302,0.17746,0.14492,0.03460
17.40441,0.48529,0.37867,0.44457,0.16125,0.01551
17.50735,0.48529,0.05061,0.93516,0.01097,0.00326
17.61029,0.48529,0.05061,0.93516,0.01097,0.00326
17.71324,0.48529,0.68336,0.10602,0.19896,0.01167
17.81618,0.48529,0.93720,0.02549,0.03590,0.00141
17.91912,0.48529,0.87742,0.00307,0.11908,0.00043
18.02206,0.48529,0.81072,0.00913,0.17843,0.00172
18.12500,0.48529,0.45771,0.03495,0.49470,0.01264
18.22794,0.48529,0.66570,0.14696,0.18329,0.00404
18.33088,0.48529,0.77205,0.06267,0.15854,0.00675
18.43382,0.48529,0.74641,0.17669,0.06432,0.01257
18.53676,0.48529,0.67889,0.15270,0.14522,0.02320
18.63971,0.48529,0.05061,0.93516,0.01097,0.00326
18.74265,0.48529,0.05061,0.93516,0.01097,0.00326
18.84559,0.48529,0.05061,0.93516,0.01097,0.00326
18.94853,0.48529,0.05061,0.93516,0.01097,0.00326
19.05147,0.48529,0.05061,0.93516,0.01097,0.00326
19.15441,0.48529,0.05061,0.93516,0.01097,0.00326
19.25735,0.48529,0.05061,0.93516,0.01097,0.00326
19.36029,0.48529,0.05061,0.93516,0.01097,0.00326
19.46324,0.48529,0.05061,0.93516,0.01097,0.00326
19.56618,0.48529,0.05061,0.93516,0.01097,0.00326
19.66912,0.48529,0.05061,0.93516,0.01097,0.00326
19.77206,0.48529,0.05061,0.93516,0.01097,0.00326
19.87500,0.48529,0.05061,0.93516,0.01097,0.00326
19.97794,0.48529,0.05061,0.93516,0.01097,0.00326
20.08088,0.48529,0.77711,0.02534,0.19231,0.00524
20.18382,0.48529,0.96098,0.00198,0.03682,0.00023
20.28676,0.48529,0.97173,0.00292,0.02526,0.00009
20.38971,0.48529,0.86808,0.00475,0.12577,0.00140
20.49265,0.48529,0.28890,0.00155,0.70938,0.00018
20.59559,0.48529,0.09499,0.00064,0.90426,0.00011
20.69853,0.48529,0.02929,0.00012,0.97053,0.00006
20.80147,0.48529,0.03210,0.00003,0.96784,0.00004
20.90441,0.48529,0.05787,0.00004,0.94202,0.00007
21.00735,0.48529,0.07489,0.00010,0.92485,0.00016
21.11029,0.48529,0.07376,0.00039,0.92546,0.00040
21.21324,0.48529,0.06001,0.00082,0.93863,0.00054
21.31618,0.48529,0.09174,0.00097,0.90616,0.00112
21.41912,0.48529,0.07315,0.00248,0.92310,0.00127
21.52206,0.48529,0.13827,0.00290,0.85776,0.00108
21.62500,0.48529,0.18156,0.00343,0.81305,0.00195
21.72794,0.48529,0.10108,0.00418,0.89230,0.00244
21.83088,0.48529,0.10045,0.00154,0.89686,0.00116
21.93382,0.48529,0.07425,0.00124,0.92399,0.00053
22.03676,0.48529,0.08008,0.00160,0.91756,0.00076
22.13971,0.48529,0.09050,0.00110,0.90790,0.00051
22.24265,0.48529,0.10238,0.00178,0.89469,0.00115
22.34559,0.48529,0.07989,0.00107,0.91821,0.00083
22.44853,0.48529,0.07402,0.00145,0.92378,0.00075
22.55147,0.48529,0.07875,0.00271,0.91687,0.00166
22.65441,0.48529,0.05188,0.00117,0.94614,0.00082
22.75735,0.48529,0.16435,0.00454,0.82900,0.00210
22.86029,0.48529,0.38086,0.00866,0.60721,0.00326
22.96324,0.48529,0.25665,0.00193,0.74019,0.00124
23.06618,0.48529,0.55417,0.00519,0.43953,0.00111
23.16912,0.48529,0.43492,0.00569,0.55767,0.00172
23.27206,0.48529,0.43794,0.00172,0.55949,0.00085
23.37500,0.48529,0.14064,0.00202,0.85651,0.00083
23.47794,0.48529,0.09765,0.00168,0.90018,0.00049
23.58088,0.48529,0.09655,0.00061,0.90258,0.00025
23.68382,0.48529,0.05934,0.00025,0.94032,0.00009
23.78676,0.48529,0.05352,0.00025,0.94616,0.00007
23.88971,0.48529,0.11861,0.00117,0.87995,0.00027
23.99265,0.48529,0.26575,0.00107,0.73248,0.00071
24.09559,0.48529,0.34013,0.00184,0.65623,0.00179
24.19853,0.48529,0.10545,0.00068,0.89280,0.00106
24.30147,0.48529,0.06482,0.00027,0.93450,0.00041
24.40441,0.48529,0.06540,0.00010,0.93442,0.00009
24.50735,0.48529,0.17215,0.00005,0.82766,0.00015
24.61029,0.48529,0.33951,0.00019,0.65977,0.00053
24.71324,0.48529,0.53231,0.00057,0.46600,0.00112
24.81618,0.48529,0.89284,0.00189,0.10394,0.00132
24.91912,0.48529,0.94089,0.00886,0.04897,0.00128
25.02206,0.48529,0.95675,0.01029,0.02987,0.00309
25.12500,0.48529,0.98986,0.00034,0.00952,0.00028
25.22794,0.48529,0.89081,0.01174,0.09646,0.00100
25.33088,0.48529,0.88663,0.00328,0.10969,0.00041
25.43382,0.48529,0.67443,0.00585,0.31874,0.00098
25.53676,0.48529,0.48481,0.00446,0.50980,0.00093
25.63971,0.48529,0.14053,0.00085,0.85846,0.00017
25.74265,0.48529,0.26723,0.00012,0.73245,0.00020
25.84559,0.48529,0.94743,0.00271,0.04875,0.00111
25.94853,0.48529,0.98888,0.00256,0.00770,0.00086
26.05147,0.48529,0.95536,0.01081,0.03039,0.00344
26.15441,0.48529,0.74855,0.07834,0.14927,0.02384
26.25735,0.48529,0.05061,0.93516,0.01097,0.00326
26.36029,0.48529,0.05061,0.93516,0.01097,0.00326
26.46324,0.48529,0.05061,0.93516,0.01097,0.00326
26.56618,0.48529,0.05061,0.93516,0.01097,0.00326
26.66912,0.48529,0.05061,0.93516,0.01097,0.00326
26.77206,0.48529,0.05061,0.93516,0.01097,0.00326
26.87500,0.48529,0.05061,0.93516,0.01097,0.00326
26.97794,0.48529,0.05061,0.93516,0.01097,0.00326
27.08088,0.48529,0.05061,0.93516,0.01097,0.00326
27.18382,0.48529,0.05061,0.93516,0.01097,0.00326
27.28676,0.48529,0.05061,0.93516,0.01097,0.00326
27.38971,0.48529,0.05061,0.93516,0.01097,0.00326
27.49265,0.48529,0.05061,0.93516,0.01097,0.00326
27.59559,0.48529,0.05061,0.93516,0.01097,0.00326
27.69853,0.48529,0.05061,0.93516,0.01097,0.00326
27.80147,0.48529,0.05061,0.93516,0.01097,0.00326
27.90441,0.48529,0.05061,0.93516,0.01097,0.00326
28.00735,0.48529,0.05061,0.93516,0.01097,0.00326
28.11029,0.48529,0.05061,0.93516,0.01097,0.00326
28.21324,0.48529,0.05061,0.93516,0.01097,0.00326
28.31618,0.48529,0.05061,0.93516,0.01097,0.00326
28.41912,0.48529,0.05061,0.93516,0.01097,0.00326
28.52206,0.48529,0.05061,0.93516,0.01097,0.00326
28.62500,0.48529,0.05061,0.93516,0.01097,0.00326
28.72794,0.48529,0.77379,0.06574,0.15313,0.00735
28.83088,0.48529,0.90801,0.00701,0.08458,0.00039
28.93382,0.48529,0.97458,0.00279,0.02251,0.00012
29.03676,0.48529,0.91176,0.00555,0.08240,0.00029
29.13971,0.48529,0.63966,0.00438,0.35494,0.00102
29.24265,0.48529,0.29882,0.00753,0.69264,0.00101
29.34559,0.48529,0.03926,0.00042,0.96008,0.00024
29.44853,0.48529,0.02414,0.00018,0.97551,0.00017
29.55147,0.48529,0.02013,0.00009,0.97970,0.00009
29.65441,0.48529,0.01216,0.00004,0.98775,0.00005
29.75735,0.48529,0.01489,0.00006,0.98499,0.00006
29.86029,0.48529,0.01361,0.00004,0.98630,0.00004
29.96324,0.48529,0.01315,0.00005,0.98674,0.00005
30.06618,0.48529,0.01367,0.00005,0.98623,0.00005
30.16912,0.48529,0.02510,0.00007,0.97475,0.00008
30.27206,0.48529,0.10136,0.00012,0.89830,0.00022
30.37500,0.48529,0.97723,0.00030,0.02181,0.00066
30.47794,0.48529,0.98683,0.00284,0.00888,0.00144
30.58088,0.48529,0.98387,0.00736,0.00759,0.00118
30.68382,0.48529,0.87692,0.03847,0.06697,0.01765
30.78676,0.48529,0.05061,0.93516,0.01097,0.00326
30.88971,0.48529,0.05061,0.93516,0.01097,0.00326
30.99265,0.48529,0.05061,0.93516,0.01097,0.00326
31.09559,0.48529,0.05061,0.93516,0.01097,0.00326
31.19853,0.48529,0.05061,0.93516,0.01097,0.00326
31.30147,0.48529,0.05061,0.93516,0.01097,0.00326
31.40441,0.48529,0.05061,0.93516,0.01097,0.00326
31.50735,0.48529,0.05061,0.93516,0.01097,0.00326
31.61029,0.48529,0.05061,0.93516,0.01097,0.00326
31.71324,0.48529,0.05061,0.93516,0.01097,0.00326
31.81618,0.48529,0.05061,0.93516,0.01097,0.00326
31.91912,0.48529,0.05061,0.93516,0.01097,0.00326
32.02206,0.48529,0.05061,0.93516,0.01097,0.00326
32.12500,0.48529,0.05061,0.93516,0.01097,0.00326
32.22794,0.48529,0.05061,0.93516,0.01097,0.00326
32.33088,0.48529,0.05061,0.93516,0.01097,0.00326
32.43382,0.48529,0.05061,0.93516,0.01097,0.00326
32.53677,0.48529,0.05061,0.93516,0.01097,0.00326
32.63971,0.48529,0.05061,0.93516,0.01097,0.00326
32.74265,0.48529,0.05061,0.93516,0.01097,0.00326
32.84559,0.48529,0.05061,0.93516,0.01097,0.00326
32.94853,0.48529,0.05061,0.93516,0.01097,0.00326
33.05147,0.48529,0.05061,0.93516,0.01097,0.00326
33.15441,0.48529,0.05061,0.93516,0.01097,0.00326
33.25735,0.48529,0.05061,0.93516,0.01097,0.00326
33.36029,0.48529,0.05061,0.93516,0.01097,0.00326
33.46323,0.48529,0.05061,0.93516,0.01097,0.00326
33.56618,0.48529,0.05061,0.93516,0.01097,0.00326
33.66912,0.48529,0.05061,0.93516,0.01097,0.00326
33.77206,0.48529,0.05061,0.93516,0.01097,0.00326
33.87500,0.48529,0.05061,0.93516,0.01097,0.00326
33.97794,0.48529,0.05061,0.93516,0.01097,0.00326
34.08088,0.48529,0.05061,0.93516,0.01097,0.00326
34.18382,0.48529,0.05061,0.93516,0.01097,0.00326
34.28677,0.48529,0.46016,0.25568,0.26354,0.02062
34.38971,0.48529,0.87444,0.02894,0.09241,0.00421
34.49265,0.48529,0.94318,0.00189,0.05472,0.00021
34.59559,0.48529,0.85556,0.00409,0.13984,0.00051
34.69853,0.48529,0.68160,0.01064,0.30682,0.00094
34.80147,0.48529,0.17263,0.00080,0.82638,0.00018
34.90441,0.48529,0.08139,0.00038,0.91816,0.00008
35.00735,0.48529,0.03261,0.00029,0.96703,0.00007
35.11029,0.48529,0.02607,0.00014,0.97372,0.00007
35.21323,0.48529,0.02163,0.00004,0.97828,0.00005
35.31618,0.48529,0.04747,0.00002,0.95247,0.00005
35.41912,0.48529,0.20067,0.00011,0.79895,0.00028
35.52206,0.48529,0.51821,0.00137,0.47878,0.00163
35.62500,0.48529,0.94855,0.00222,0.04732,0.00191
35.72794,0.48529,0.93468,0.01489,0.04512,0.00531
35.83088,0.48529,0.57087,0.31427,0.10400,0.01087
35.93382,0.48529,0.58045,0.32830,0.07213,0.01912
36.03677,0.48529,0.05061,0.93516,0.01097,0.00326
36.13971,0.48529,0.05061,0.93516,0.01097,0.00326
36.24265,0.48529,0.05061,0.93516,0.01097,0.00326
36.34559,0.48529,0.05061,0.93516,0.01097,0.00326
36.44853,0.48529,0.05061,0.93516,0.01097,0.00326
36.55147,0.48529,0.05061,0.93516,0.01097,0.00326
36.65441,0.48529,0.05061,0.93516,0.01097,0.00326
36.75735,0.48529,0.05061,0.93516,0.01097,0.00326
36.86029,0.48529,0.05061,0.93516,0.01097,0.00326
36.96323,0.48529,0.05061,0.93516,0.01097,0.00326
37.06618,0.48529,0.05061,0.93516,0.01097,0.00326
37.16912,0.48529,0.05061,0.93516,0.01097,0.00326
37.27206,0.48529,0.57835,0.16563,0.23574,0.02028
37.37500,0.48529,0.85873,0.01077,0.12951,0.00099
37.47794,0.48529,0.95509,0.01181,0.03292,0.00018
37.58088,0.48529,0.98057,0.00872,0.01009,0.00063
37.68382,0.48529,0.97390,0.01304,0.01173,0.00134
37.78677,0.48529,0.68079,0.00586,0.30927,0.00408
37.88971,0.48529,0.07604,0.00054,0.92260,0.00082
37.99265,0.48529,0.04595,0.00034,0.95336,0.00035
38.09559,0.48529,0.04571,0.00033,0.95362,0.00034
38.19853,0.48529,0.03775,0.00018,0.96189,0.00018
38.30147,0.48529,0.11374,0.00013,0.88601,0.00013
38.40441,0.48529,0.56203,0.00042,0.43701,0.00053
38.50735,0.48529,0.98825,0.00058,0.01073,0.00044
38.61029,0.48529,0.99415,0.00213,0.00340,0.00032
38.71323,0.48529,0.94376,0.01555,0.03527,0.00542
38.81618,0.48529,0.86166,0.05077,0.06295,0.02462
38.91912,0.48529,0.05061,0.93516,0.01097,0.00326
39.02206,0.48529,0.05061,0.93516,0.01097,0.00326
39.12500,0.48529,0.05061,0.93516,0.01097,0.00326
39.22794,0.48529,0.05061,0.93516,0.01097,0.00326
39.33088,0.48529,0.28837,0.53233,0.16218,0.01712
39.43382,0.48529,0.87376,0.01317,0.11138,0.00169
39.53677,0.48529,0.96071,0.01618,0.02295,0.00016
39.63971,0.48529,0.97076,0.01871,0.00948,0.00104
39.74265,0.48529,0.98404,0.00764,0.00770,0.00063
39.84559,0.48529,0.41430,0.00067,0.58482,0.00021
39.94853,0.48529,0.67068,0.00044,0.32838,0.00050
40.05147,0.48529,0.97955,0.00028,0.01971,0.00046
40.15441,0.48529,0.99586,0.00091,0.00305,0.00019
40.25735,0.48529,0.97562,0.00514,0.01485,0.00438
40.36029,0.48529,0.83847,0.07437,0.06581,0.02135
40.46323,0.48529,0.05061,0.93516,0.01097,0.00326
40.56618,0.48529,0.05061,0.93516,0.01097,0.00326
40.66912,0.48529,0.05061,0.93516,0.01097,0.00326
40.77206,0.48529,0.05061,0.93516,0.01097,0.00326
40.87500,0.48529,0.05061,0.93516,0.01097,0.00326
40.97794,0.48529,0.05061,0.93516,0.01097,0.00326
41.08088,0.48529,0.05061,0.93516,0.01097,0.00326
41.18382,0.48529,0.76346,0.03243,0.19910,0.00501
41.28677,0.48529,0.91314,0.00352,0.08316,0.00018
41.38971,0.48529,0.96480,0.02115,0.01392,0.00014
41.49265,0.48529,0.97524,0.00584,0.01814,0.00079
41.59559,0.48529,0.83694,0.00835,0.15066,0.00405
41.69853,0.48529,0.19164,0.00033,0.80752,0.00051
41.80147,0.48529,0.16484,0.00005,0.83496,0.00014
41.90441,0.48529,0.31984,0.00016,0.67948,0.00051
42.00735,0.48529,0.42651,0.00041,0.57209,0.00099
42.11029,0.48529,0.19558,0.00041,0.80330,0.00071
42.21323,0.48529,0.07796,0.00051,0.92123,0.00031
42.31618,0.48529,0.18303,0.00080,0.81567,0.00050
42.41912,0.48529,0.36805,0.00417,0.62738,0.00040
42.52206,0.48529,0.57601,0.01087,0.41199,0.00113
42.62500,0.48529,0.30589,0.00176,0.69186,0.00049
42.72794,0.48529,0.07520,0.00015,0.92457,0.00008
42.83088,0.48529,0.43067,0.00017,0.56881,0.00035
42.93382,0.48529,0.94958,0.00105,0.04871,0.00066
43.03677,0.48529,0.98702,0.00150,0.01071,0.00077
43.13971,0.48529,0.95061,0.00837,0.03271,0.00830
43.24265,0.48529,0.75825,0.08714,0.13378,0.02083
43.34559,0.48529,0.05061,0.93516,0.01097,0.00326
43.44853,0.48529,0.05061,0.93516,0.01097,0.00326
43.55147,0.48529,0.05061,0.93516,0.01097,0.00326
43.65441,0.48529,0.05061,0.93516,0.01097,0.00326
43.75735,0.48529,0.05061,0.93516,0.01097,0.00326
43.86029,0.48529,0.05061,0.93516,0.01097,0.00326
43.96323,0.48529,0.05061,0.93516,0.01097,0.00326
44.06618,0.48529,0.05061,0.93516,0.01097,0.00326
44.16912,0.48529,0.05061,0.93516,0.01097,0.00326
44.27206,0.48529,0.05061,0.93516,0.01097,0.00326
44.37500,0.48529,0.05061,0.93516,0.01097,0.00326
44.47794,0.48529,0.05061,0.93516,0.01097,0.00326
44.58088,0.48529,0.05061,0.93516,0.01097,0.00326
44.68382,0.48529,0.05061,0.93516,0.01097,0.00326
44.78677,0.48529,0.05061,0.93516,0.01097,0.00326
44.88971,0.48529,0.05061,0.93516,0.01097,0.00326
44.99265,0.48529,0.05061,0.93516,0.01097,0.00326
45.09559,0.48529,0.05061,0.93516,0.01097,0.00326
45.19853,0.48529,0.05061,0.93516,0.01097,0.00326
45.30147,0.48529,0.05061,0.93516,0.01097,0.00326
45.40441,0.48529,0.05061,0.93516,0.01097,0.00326
45.50735,0.48529,0.05061,0.93516,0.01097,0.00326
45.61029,0.48529,0.75202,0.02562,0.21644,0.00592
45.71323,0.48529,0.94585,0.00743,0.04644,0.00027
45.81618,0.48529,0.97178,0.00210,0.02598,0.00014
45.91912,0.48529,0.96629,0.00888,0.02429,0.00054
46.02206,0.48529,0.88977,0.00733,0.10182,0.00108
46.12500,0.48529,0.38012,0.00117,0.61802,0.00070
46.22794,0.48529,0.02582,0.00007,0.97402,0.00008
46.33088,0.48529,0.01713,0.00004,0.98280,0.00003
46.43382,0.48529,0.01203,0.00003,0.98790,0.00004
46.53677,0.48529,0.01359,0.00001,0.98637,0.00002
46.63971,0.48529,0.01431,0.00004,0.98560,0.00004
46.74265,0.48529,0.00981,0.00002,0.99014,0.00003
46.84559,0.48529,0.00946,0.00003,0.99049,0.00002
46.94853,0.48529,0.00996,0.00002,0.99000,0.00002
47.05147,0.48529,0.01540,0.00002,0.98457,0.00002
47.15441,0.48529,0.01795,0.00002,0.98200,0.00003
47.25735,0.48529,0.03196,0.00007,0.96786,0.00010
47.36029,0.48529,0.09227,0.00025,0.90725,0.00024
47.46323,0.48529,0.70376,0.00234,0.29192,0.00198
47.56618,0.48529,0.94725,0.00564,0.04412,0.00299
47.66912,0.48529,0.85495,0.03489,0.10351,0.00665
47.77206,0.48529,0.71486,0.12904,0.13670,0.01940
47.87500,0.48529,0.83366,0.06342,0.09177,0.01116
47.97794,0.48529,0.74142,0.01883,0.23825,0.00150
48.08088,0.48529,0.88035,0.01207,0.10688,0.00070
48.18382,0.48529,0.70258,0.00699,0.28913,0.00129
48.28677,0.48529,0.60068,0.00445,0.39311,0.00176
48.38971,0.48529,0.33623,0.00575,0.65731,0.00071
48.49265,0.48529,0.48992,0.00418,0.50496,0.00094
48.59559,0.48529,0.88167,0.00323,0.11368,0.00142
48.69853,0.48529,0.91863,0.00026,0.08056,0.00055
48.80147,0.48529,0.97635,0.00002,0.02301,0.00061
48.90441,0.48529,0.97434,0.00020,0.02394,0.00152
49.00735,0.48529,0.80215,0.00135,0.18826,0.00824
49.11029,0.48529,0.41097,0.00059,0.58318,0.00527
49.21323,0.48529,0.27108,0.00022,0.72671,0.00200
49.31618,0.48529,0.27972,0.00018,0.71819,0.00190
49.41912,0.48529,0.30162,0.00031,0.69535,0.00272
49.52206,0.48529,0.38012,0.00072,0.61403,0.00513
49.62500,0.48529,0.70280,0.00244,0.28081,0.01395
49.72794,0.48529,0.96895,0.00335,0.02351,0.00418
49.83088,0.48529,0.99537,0.00171,0.00269,0.00023
49.93382,0.48529,0.99753,0.00038,0.00207,0.00001
50.03677,0.48529,0.96814,0.00103,0.03073,0.00010
50.13971,0.48529,0.98016,0.00100,0.01788,0.00096
50.24265,0.48529,0.99775,0.00084,0.00095,0.00047
50.34559,0.48529,0.99257,0.00213,0.00421,0.00109
50.44853,0.48529,0.75841,0.14657,0.08492,0.01009
50.55147,0.48529,0.30426,0.64084,0.04220,0.01270
50.65441,0.48529,0.05061,0.93516,0.01097,0.00326
50.75735,0.48529,0.05061,0.93516,0.01097,0.00326
50.86029,0.48529,0.05061,0.93516,0.01097,0.00326
50.96323,0.48529,0.05061,0.93516,0.01097,0.00326
51.06618,0.48529,0.05061,0.93516,0.01097,0.00326
51.16912,0.48529,0.05061,0.93516,0.01097,0.00326
51.27206,0.48529,0.05061,0.93516,0.01097,0.00326
51.37500,0.48529,0.05061,0.93516,0.01097,0.00326
51.47794,0.48529,0.05061,0.93516,0.01097,0.00326
51.58088,0.48529,0.36105,0.49546,0.12478,0.01871
51.68382,0.48529,0.60873,0.28096,0.09455,0.01575
51.78677,0.48529,0.78481,0.16010,0.04546,0.00962
51.88971,0.48529,0.96077,0.02652,0.00378,0.00893
51.99265,0.48529,0.98193,0.00052,0.01734,0.00021
52.09559,0.48529,0.98930,0.00087,0.00976,0.00007
52.19853,0.48529,0.95159,0.00271,0.04561,0.00010
52.30147,0.48529,0.91884,0.00663,0.07343,0.00110
52.40441,0.48529,0.84609,0.01677,0.13477,0.00237
52.50735,0.48529,0.75984,0.00270,0.23394,0.00352
52.61029,0.48529,0.66277,0.00028,0.33545,0.00150
52.71323,0.48529,0.83724,0.00030,0.16114,0.00132
52.81618,0.48529,0.85160,0.00051,0.14557,0.00232
52.91912,0.48529,0.59605,0.00056,0.39950,0.00389
53.02206,0.48529,0.40240,0.00102,0.59146,0.00512
53.12500,0.48529,0.27136,0.00084,0.72383,0.00396
53.22794,0.48529,0.19383,0.00042,0.80384,0.00192
53.33088,0.48529,0.19899,0.00028,0.79933,0.00140
53.43382,0.48529,0.19782,0.00032,0.80029,0.00157
53.53677,0.48529,0.24248,0.00067,0.75410,0.00275
53.63971,0.48529,0.49640,0.00198,0.49459,0.00703
53.74265,0.48529,0.93177,0.00450,0.05983,0.00390
53.84559,0.48529,0.98792,0.00160,0.01025,0.00024
53.94853,0.48529,0.97844,0.00039,0.02114,0.00003
54.05147,0.48529,0.67057,0.00016,0.32924,0.00003
54.15441,0.48529,0.46667,0.00158,0.53041,0.00134
54.25735,0.48529,0.98188,0.00235,0.01491,0.00086
54.36029,0.48529,0.98900,0.00226,0.00790,0.00084
54.46323,0.48529,0.95133,0.01451,0.02638,0.00778
54.56618,0.48529,0.63519,0.17116,0.16941,0.02424
54.66912,0.48529,0.05061,0.93516,0.01097,0.00326
54.77206,0.48529,0.05061,0.93516,0.01097,0.00326
54.87500,0.48529,0.05061,0.93516,0.01097,0.00326
54.97794,0.48529,0.05061,0.93516,0.01097,0.00326
55.08088,0.48529,0.86176,0.01040,0.12385,0.00399
55.18382,0.48529,0.96952,0.00614,0.02422,0.00012
55.28677,0.48529,0.98423,0.00925,0.00622,0.00030
55.38971,0.48529,0.99040,0.00360,0.00379,0.00221
55.49265,0.48529,0.97106,0.00111,0.02733,0.00050
55.59559,0.48529,0.85374,0.00249,0.14294,0.00083
55.69853,0.48529,0.99672,0.00056,0.00221,0.00052
55.80147,0.48529,0.99107,0.00407,0.00342,0.00144
55.90441,0.48529,0.96890,0.00737,0.01811,0.00562
56.00735,0.48529,0.45037,0.35942,0.17077,0.01943
56.11029,0.48529,0.05061,0.93516,0.01097,0.00326
56.21323,0.48529,0.05061,0.93516,0.01097,0.00326
56.31618,0.48529,0.05061,0.93516,0.01097,0.00326
56.41912,0.48529,0.05061,0.93516,0.01097,0.00326
56.52206,0.48529,0.05061,0.93516,0.01097,0.00326
56.62500,0.48529,0.05061,0.93516,0.01097,0.00326
56.72794,0.48529,0.05061,0.93516,0.01097,0.00326
56.83088,0.48529,0.05061,0.93516,0.01097,0.00326
56.93382,0.48529,0.05061,0.93516,0.01097,0.00326
57.03677,0.48529,0.05061,0.93516,0.01097,0.00326
57.13971,0.48529,0.05061,0.93516,0.01097,0.00326
57.24265,0.48529,0.05061,0.93516,0.01097,0.00326
57.34559,0.48529,0.54642,0.11352,0.32488,0.01518
57.44853,0.48529,0.83947,0.01825,0.13953,0.00275
57.55147,0.48529,0.93321,0.00567,0.06084,0.00028
57.65441,0.48529,0.84834,0.00325,0.14805,0.00035
57.75735,0.48529,0.52859,0.00281,0.46831,0.00029
57.86029,0.48529,0.35561,0.00279,0.64123,0.00037
57.96323,0.48529,0.11639,0.00062,0.88281,0.00017
58.06618,0.48529,0.02332,0.00011,0.97652,0.00006
58.16912,0.48529,0.00978,0.00002,0.99017,0.00002
58.27206,0.48529,0.01160,0.00002,0.98834,0.00003
58.37500,0.48529,0.01470,0.00004,0.98521,0.00005
58.47794,0.48529,0.01495,0.00005,0.98494,0.00005
58.58088,0.48529,0.01663,0.00008,0.98324,0.00005
58.68382,0.48529,0.02900,0.00027,0.97063,0.00010
58.78677,0.48529,0.03928,0.00034,0.96020,0.00018
58.88971,0.48529,0.03185,0.00016,0.96788,0.00011
58.99265,0.48529,0.01869,0.00005,0.98120,0.00005
59.09559,0.48529,0.02202,0.00005,0.97787,0.00006
59.19853,0.48529,0.04090,0.00004,0.95900,0.00007
59.30147,0.48529,0.10845,0.00006,0.89130,0.00019
59.40441,0.48529,0.15866,0.00017,0.84086,0.00031
59.50735,0.48529,0.19860,0.00036,0.80003,0.00101
59.61029,0.48529,0.15254,0.00109,0.84505,0.00131
59.71323,0.48529,0.12285,0.00190,0.87414,0.00111
59.81618,0.48529,0.17459,0.00994,0.81268,0.00279
59.91912,0.48529,0.24256,0.00825,0.74422,0.00497
60.02206,0.48529,0.69858,0.00161,0.29825,0.00156
60.12500,0.48529,0.47527,0.00868,0.51355,0.00250
60.22794,0.48529,0.95454,0.00057,0.04470,0.00018
60.33088,0.48529,0.97887,0.00189,0.01854,0.00069
60.43382,0.48529,0.98235,0.00409,0.01280,0.00076
60.53677,0.48529,0.97637,0.00038,0.02286,0.00039
60.63971,0.48529,0.92688,0.00828,0.06349,0.00135
60.74265,0.48529,0.54547,0.03100,0.41948,0.00404
60.84559,0.48529,0.83037,0.00537,0.16185,0.00241
60.94853,0.48529,0.96438,0.00527,0.02934,0.00101
61.05147,0.48529,0.97739,0.00873,0.01308,0.00080
61.15441,0.48529,0.94855,0.00582,0.04302,0.00260
61.25735,0.48529,0.98998,0.00380,0.00492,0.00130
61.36029,0.48529,0.98020,0.01312,0.00539,0.00128
61.46323,0.48529,0.79843,0.16650,0.02605,0.00902
61.56618,0.48529,0.83360,0.11452,0.02727,0.02461
61.66912,0.48529,0.05061,0.93516,0.01097,0.00326
61.77206,0.48529,0.05061,0.93516,0.01097,0.00326
61.87500,0.48529,0.05061,0.93516,0.01097,0.00326
61.97794,0.48529,0.05061,0.93516,0.01097,0.00326
62.08088,0.48529,0.67873,0.05621,0.25923,0.00583
62.18382,0.48529,0.90374,0.00425,0.09169,0.00032
62.28677,0.48529,0.96575,0.01576,0.01835,0.00015
62.38971,0.48529,0.95585,0.01203,0.03055,0.00157
62.49265,0.48529,0.84935,0.01068,0.13811,0.00186
62.59559,0.48529,0.32405,0.00071,0.67482,0.00043
62.69853,0.48529,0.85278,0.00082,0.14590,0.00049
62.80147,0.48529,0.98016,0.00065,0.01805,0.00114
62.90441,0.48529,0.98575,0.00387,0.00936,0.00102
63.00735,0.48529,0.92393,0.02490,0.04271,0.00846
63.11029,0.48529,0.63301,0.20138,0.13802,0.02759
63.21323,0.48529,0.05061,0.93516,0.01097,0.00326
63.31618,0.48529,0.05061,0.93516,0.01097,0.00326
63.41912,0.48529,0.05061,0.93516,0.01097,0.00326
63.52206,0.48529,0.05061,0.93516,0.01097,0.00326
63.62500,0.48529,0.05061,0.93516,0.01097,0.00326
63.72794,0.48529,0.05061,0.93516,0.01097,0.00326
63.83088,0.48529,0.05061,0.93516,0.01097,0.00326
63.93382,0.48530,0.05061,0.93516,0.01097,0.00326
64.03677,0.48529,0.05061,0.93516,0.01097,0.00326
64.13971,0.48529,0.05061,0.93516,0.01097,0.00326
64.24265,0.48530,0.05061,0.93516,0.01097,0.00326
64.34559,0.48529,0.05061,0.93516,0.01097,0.00326
64.44853,0.48529,0.62836,0.06987,0.29047,0.01130
64.55147,0.48530,0.92288,0.01318,0.06305,0.00089
64.65441,0.48530,0.95018,0.01420,0.03550,0.00011
64.75735,0.48529,0.96134,0.00358,0.03482,0.00026
64.86029,0.48530,0.57790,0.00720,0.41428,0.00062
64.96323,0.48530,0.14394,0.00027,0.85537,0.00042
65.06618,0.48529,0.73330,0.00276,0.26264,0.00130
65.16912,0.48529,0.98067,0.00109,0.01660,0.00164
65.27206,0.48530,0.89579,0.01815,0.07784,0.00822
65.37500,0.48529,0.73657,0.16671,0.08725,0.00946
65.47794,0.48529,0.65619,0.27889,0.04770,0.01722
65.58088,0.48530,0.05061,0.93516,0.01097,0.00326
65.68382,0.48530,0.05061,0.93516,0.01097,0.00326
65.78677,0.48529,0.05061,0.93516,0.01097,0.00326
65.88971,0.48529,0.05061,0.93516,0.01097,0.00326
65.99265,0.48530,0.05061,0.93516,0.01097,0.00326
66.09559,0.48529,0.05061,0.93516,0.01097,0.00326
66.19853,0.48529,0.05061,0.93516,0.01097,0.00326
66.30147,0.48530,0.05061,0.93516,0.01097,0.00326
66.40441,0.48530,0.05061,0.93516,0.01097,0.00326
