Time (seconds), Duration (seconds),pred_unlabelled,pred_Dry,pred_Wet,pred_Touch
0.00735,0.48529,0.05061,0.93516,0.01097,0.00326
0.11029,0.48529,0.05061,0.93516,0.01097,0.00326
0.21324,0.48529,0.05061,0.93516,0.01097,0.00326
0.31618,0.48529,0.05061,0.93516,0.01097,0.00326
0.41912,0.48529,0.05061,0.93516,0.01097,0.00326
0.52206,0.48529,0.05061,0.93516,0.01097,0.00326
0.62500,0.48529,0.05061,0.93516,0.01097,0.00326
0.72794,0.48529,0.05061,0.93516,0.01097,0.00326
0.83088,0.48529,0.05061,0.93516,0.01097,0.00326
0.93382,0.48529,0.05061,0.93516,0.01097,0.00326
1.03676,0.48529,0.05061,0.93516,0.01097,0.00326
1.13971,0.48529,0.05061,0.93516,0.01097,0.00326
1.24265,0.48529,0.05061,0.93516,0.01097,0.00326
1.34559,0.48529,0.05061,0.93516,0.01097,0.00326
1.44853,0.48529,0.05061,0.93516,0.01097,0.00326
1.55147,0.48529,0.05061,0.93516,0.01097,0.00326
1.65441,0.48529,0.05061,0.93516,0.01097,0.00326
1.75735,0.48529,0.05061,0.93516,0.01097,0.00326
1.86029,0.48529,0.05061,0.93516,0.01097,0.00326
1.96324,0.48529,0.05061,0.93516,0.01097,0.00326
2.06618,0.48529,0.05061,0.93516,0.01097,0.00326
2.16912,0.48529,0.05061,0.93516,0.01097,0.00326
2.27206,0.48529,0.23778,0.62709,0.12021,0.01491
2.37500,0.48529,0.68215,0.12408,0.18740,0.00637
2.47794,0.48529,0.83982,0.00399,0.15582,0.00037
2.58088,0.48529,0.90410,0.00571,0.08965,0.00053
2.68382,0.48529,0.82908,0.01150,0.15799,0.00142
2.78676,0.48529,0.94797,0.00131,0.04969,0.00103
2.88971,0.48529,0.97074,0.00027,0.02789,0.00110
2.99265,0.48529,0.97437,0.00205,0.02161,0.00197
3.09559,0.48529,0.16710,0.00137,0.00649,0.82504
3.19853,0.48529,0.67817,0.00048,0.00875,0.31260
3.30147,0.48529,0.99800,0.00039,0.00139,0.00022
3.40441,0.48529,0.98746,0.00017,0.01227,0.00010
3.50735,0.48529,0.95094,0.04244,0.00167,0.00495
3.61029,0.48529,0.96247,0.00729,0.02569,0.00455
3.71324,0.48529,0.46242,0.39635,0.11805,0.02318
3.81618,0.48529,0.05061,0.93516,0.01097,0.00326
3.91912,0.48529,0.05061,0.93516,0.01097,0.00326
4.02206,0.48529,0.05061,0.93516,0.01097,0.00326
4.12500,0.48529,0.05061,0.93516,0.01097,0.00326
4.22794,0.48529,0.71715,0.03914,0.23824,0.00547
4.33088,0.48529,0.92586,0.00456,0.06930,0.00028
4.43382,0.48529,0.99558,0.00110,0.00327,0.00006
4.53676,0.48529,0.98896,0.00295,0.00270,0.00539
4.63971,0.48529,0.98306,0.00283,0.00787,0.00625
4.74265,0.48529,0.08519,0.00153,0.00339,0.90989
4.84559,0.48529,0.94767,0.00056,0.00236,0.04941
4.94853,0.48529,0.99299,0.00366,0.00323,0.00013
5.05147,0.48529,0.98668,0.00152,0.01098,0.00083
5.15441,0.48529,0.99191,0.00635,0.00050,0.00124
5.25735,0.48529,0.86622,0.04985,0.06966,0.01427
5.36029,0.48529,0.05061,0.93516,0.01097,0.00326
5.46324,0.48529,0.05061,0.93516,0.01097,0.00326
5.56618,0.48529,0.05061,0.93516,0.01097,0.00326
5.66912,0.48529,0.05061,0.93516,0.01097,0.00326
5.77206,0.48529,0.65730,0.17813,0.14922,0.01535
5.87500,0.48529,0.85797,0.00902,0.13228,0.00072
5.97794,0.48529,0.97242,0.00513,0.02222,0.00024
6.08088,0.48529,0.99189,0.00013,0.00733,0.00065
6.18382,0.48529,0.99425,0.00303,0.00230,0.00042
6.28676,0.48529,0.63501,0.00394,0.01390,0.34715
6.38971,0.48529,0.11197,0.00067,0.00531,0.88205
6.49265,0.48529,0.99902,0.00072,0.00015,0.00011
6.59559,0.48529,0.98673,0.00010,0.01314,0.00003
6.69853,0.48529,0.96969,0.02196,0.00432,0.00403
6.80147,0.48529,0.97910,0.00674,0.01164,0.00252
6.90441,0.48529,0.72759,0.13287,0.11609,0.02345
7.00735,0.48529,0.05061,0.93516,0.01097,0.00326
7.11029,0.48529,0.05061,0.93516,0.01097,0.00326
7.21324,0.48529,0.05061,0.93516,0.01097,0.00326
7.31618,0.48529,0.05061,0.93516,0.01097,0.00326
7.41912,0.48529,0.69300,0.05018,0.24742,0.00941
7.52206,0.48529,0.87841,0.01825,0.10162,0.00171
7.62500,0.48529,0.96662,0.00589,0.02717,0.00033
7.72794,0.48529,0.98764,0.00016,0.01150,0.00070
7.83088,0.48529,0.99556,0.00140,0.00232,0.00073
7.93382,0.48529,0.92023,0.01753,0.01360,0.04863
8.03677,0.48529,0.07532,0.00050,0.00455,0.91964
8.13971,0.48529,0.99866,0.00024,0.00033,0.00077
8.24265,0.48529,0.99683,0.00032,0.00282,0.00003
8.34559,0.48529,0.98903,0.00214,0.00734,0.00148
8.44853,0.48529,0.99285,0.00448,0.00174,0.00094
8.55147,0.48529,0.89963,0.02010,0.06613,0.01413
8.65441,0.48529,0.05061,0.93516,0.01097,0.00326
8.75735,0.48529,0.05061,0.93516,0.01097,0.00326
8.86029,0.48529,0.05061,0.93516,0.01097,0.00326
8.96323,0.48529,0.64358,0.19263,0.14880,0.01499
9.06618,0.48529,0.80698,0.01089,0.18086,0.00126
9.16912,0.48529,0.96190,0.00339,0.03459,0.00013
9.27206,0.48529,0.99592,0.00071,0.00334,0.00003
9.37500,0.48529,0.99642,0.00096,0.00106,0.00155
9.47794,0.48529,0.98807,0.00212,0.00534,0.00447
9.58088,0.48529,0.86220,0.00228,0.00222,0.13331
9.68382,0.48529,0.08655,0.00058,0.00311,0.90976
9.78677,0.48529,0.99454,0.00105,0.00020,0.00421
9.88971,0.48529,0.99807,0.00100,0.00089,0.00005
9.99265,0.48529,0.99178,0.00156,0.00635,0.00031
10.09559,0.48529,0.99282,0.00477,0.00097,0.00144
10.19853,0.48529,0.96053,0.01175,0.02439,0.00333
10.30147,0.48529,0.66162,0.24183,0.07648,0.02007
10.40441,0.48529,0.05061,0.93516,0.01097,0.00326
10.50735,0.48529,0.51877,0.17151,0.29029,0.01943
10.61029,0.48529,0.91996,0.00795,0.07102,0.00106
10.71323,0.48529,0.97058,0.00183,0.02748,0.00011
10.81618,0.48529,0.95942,0.00689,0.03291,0.00078
10.91912,0.48529,0.97803,0.00011,0.02149,0.00037
11.02206,0.48529,0.99778,0.00010,0.00171,0.00041
11.12500,0.48529,0.98269,0.00596,0.00210,0.00925
11.22794,0.48529,0.59200,0.00186,0.00971,0.39643
11.33088,0.48529,0.06241,0.00605,0.00442,0.92712
11.43382,0.48529,0.90383,0.00637,0.00180,0.08800
11.53677,0.48529,0.99933,0.00056,0.00008,0.00003
11.63971,0.48529,0.99394,0.00026,0.00578,0.00002
11.74265,0.48529,0.99023,0.00664,0.00215,0.00097
11.84559,0.48529,0.98591,0.00621,0.00593,0.00195
11.94853,0.48529,0.81447,0.07875,0.08496,0.02182
12.05147,0.48529,0.05061,0.93516,0.01097,0.00326
12.15441,0.48529,0.05061,0.93516,0.01097,0.00326
12.25735,0.48529,0.28837,0.53233,0.16218,0.01712
12.36029,0.48529,0.75131,0.02975,0.21450,0.00445
12.46323,0.48529,0.89441,0.01333,0.09185,0.00041
12.56618,0.48529,0.87088,0.01870,0.10978,0.00064
12.66912,0.48529,0.98144,0.00097,0.01565,0.00194
12.77206,0.48529,0.99352,0.00078,0.00478,0.00091
12.87500,0.48529,0.99106,0.00190,0.00374,0.00329
12.97794,0.48529,0.22716,0.00411,0.00214,0.76660
13.08088,0.48529,0.59652,0.00458,0.00406,0.39484
13.18382,0.48529,0.99941,0.00002,0.00033,0.00025
13.28677,0.48529,0.98735,0.00013,0.01248,0.00005
13.38971,0.48529,0.98828,0.00316,0.00606,0.00250
13.49265,0.48529,0.98882,0.00412,0.00536,0.00171
13.59559,0.48529,0.82975,0.03860,0.11932,0.01233
13.69853,0.48529,0.39000,0.47996,0.10972,0.02032
13.80147,0.48529,0.05061,0.93516,0.01097,0.00326
13.90441,0.48529,0.22984,0.64121,0.11440,0.01455
14.00735,0.48529,0.72342,0.03065,0.24198,0.00396
14.11029,0.48529,0.88961,0.01073,0.09892,0.00074
14.21323,0.48529,0.86740,0.00592,0.12619,0.00049
14.31618,0.48529,0.79801,0.00548,0.19585,0.00066
14.41912,0.48529,0.94170,0.00015,0.05646,0.00169
14.52206,0.48529,0.99428,0.00031,0.00450,0.00091
14.62500,0.48529,0.98741,0.00165,0.00580,0.00515
14.72794,0.48529,0.20637,0.00283,0.00102,0.78977
14.83088,0.48529,0.52679,0.00328,0.00124,0.46869
14.93382,0.48529,0.99958,0.00007,0.00018,0.00016
15.03677,0.48529,0.98967,0.00031,0.00997,0.00005
15.13971,0.48529,0.99211,0.00252,0.00406,0.00131
15.24265,0.48529,0.98607,0.00643,0.00605,0.00145
15.34559,0.48529,0.90801,0.01948,0.05747,0.01504
15.44853,0.48529,0.05061,0.93516,0.01097,0.00326
15.55147,0.48529,0.05061,0.93516,0.01097,0.00326
15.65441,0.48529,0.05061,0.93516,0.01097,0.00326
15.75735,0.48529,0.05061,0.93516,0.01097,0.00326
15.86029,0.48529,0.05061,0.93516,0.01097,0.00326
15.96323,0.48530,0.05061,0.93516,0.01097,0.00326
16.06618,0.48529,0.05061,0.93516,0.01097,0.00326
16.16912,0.48529,0.05061,0.93516,0.01097,0.00326
16.27206,0.48529,0.05061,0.93516,0.01097,0.00326
16.37500,0.48529,0.05061,0.93516,0.01097,0.00326
16.47794,0.48529,0.62517,0.24175,0.11788,0.01520
16.58088,0.48529,0.96542,0.01521,0.01838,0.00100
16.68382,0.48529,0.98281,0.00417,0.01258,0.00044
16.78676,0.48529,0.99125,0.00295,0.00572,0.00008
16.88971,0.48529,0.98528,0.00146,0.01307,0.00019
16.99265,0.48529,0.99151,0.00061,0.00760,0.00027
17.09559,0.48529,0.99399,0.00025,0.00476,0.00100
17.19853,0.48529,0.92322,0.00429,0.03104,0.04145
17.30147,0.48529,0.11614,0.00183,0.01423,0.86780
17.40441,0.48529,0.99924,0.00007,0.00060,0.00009
17.50735,0.48529,0.99299,0.00027,0.00672,0.00002
17.61029,0.48529,0.99798,0.00034,0.00125,0.00043
17.71324,0.48529,0.99667,0.00100,0.00210,0.00023
17.81618,0.48529,0.96906,0.01212,0.01426,0.00455
17.91912,0.48529,0.80500,0.10267,0.06965,0.02268
18.02206,0.48529,0.05061,0.93516,0.01097,0.00326
18.12500,0.48529,0.05061,0.93516,0.01097,0.00326
18.22794,0.48529,0.05061,0.93516,0.01097,0.00326
18.33088,0.48529,0.81565,0.01671,0.16210,0.00554
18.43382,0.48529,0.92196,0.01085,0.06685,0.00035
18.53676,0.48529,0.97404,0.00264,0.02309,0.00024
18.63971,0.48529,0.98587,0.00190,0.01081,0.00142
18.74265,0.48529,0.99581,0.00068,0.00260,0.00091
18.84559,0.48529,0.98470,0.00292,0.00648,0.00590
18.94853,0.48529,0.24590,0.00213,0.00124,0.75072
19.05147,0.48529,0.73618,0.00315,0.00422,0.25645
19.15441,0.48529,0.99950,0.00006,0.00032,0.00012
19.25735,0.48529,0.99062,0.00021,0.00916,0.00002
19.36029,0.48529,0.98216,0.00746,0.00658,0.00380
19.46324,0.48529,0.98580,0.00489,0.00610,0.00321
19.56618,0.48529,0.82176,0.05547,0.10830,0.01447
19.66912,0.48529,0.05061,0.93516,0.01097,0.00326
19.77206,0.48529,0.05061,0.93516,0.01097,0.00326
19.87500,0.48529,0.05061,0.93516,0.01097,0.00326
19.97794,0.48529,0.68964,0.05456,0.25012,0.00569
20.08088,0.48529,0.92847,0.00342,0.06777,0.00034
20.18382,0.48529,0.99616,0.00117,0.00251,0.00016
20.28676,0.48529,0.99808,0.00008,0.00104,0.00081
20.38971,0.48529,0.98576,0.00105,0.01042,0.00277
20.49265,0.48529,0.93906,0.00274,0.00196,0.05624
20.59559,0.48529,0.03881,0.00012,0.00019,0.96089
20.69853,0.48529,0.92423,0.00116,0.00290,0.07171
20.80147,0.48529,0.99892,0.00003,0.00098,0.00006
20.90441,0.48529,0.99038,0.00008,0.00952,0.00002
21.00735,0.48529,0.98730,0.00755,0.00177,0.00338
21.11029,0.48529,0.98888,0.00326,0.00619,0.00167
21.21324,0.48529,0.89060,0.02037,0.07881,0.01022
21.31618,0.48529,0.47174,0.38567,0.11906,0.02353
21.41912,0.48529,0.70497,0.04245,0.24704,0.00554
21.52206,0.48529,0.87496,0.00659,0.11807,0.00038
21.62500,0.48529,0.96108,0.02023,0.01843,0.00026
21.72794,0.48529,0.98581,0.00161,0.01178,0.00080
21.83088,0.48529,0.99636,0.00062,0.00168,0.00133
21.93382,0.48529,0.98702,0.00422,0.00400,0.00476
22.03676,0.48529,0.69359,0.00437,0.00324,0.29880
22.13971,0.48529,0.12342,0.00310,0.00162,0.87186
22.24265,0.48529,0.98957,0.00013,0.00135,0.00894
22.34559,0.48529,0.99834,0.00003,0.00161,0.00002
22.44853,0.48529,0.99514,0.00007,0.00475,0.00005
22.55147,0.48529,0.99445,0.00272,0.00190,0.00093
22.65441,0.48529,0.98925,0.00380,0.00584,0.00112
22.75735,0.48529,0.86422,0.03753,0.08378,0.01447
22.86029,0.48529,0.33677,0.54598,0.09888,0.01837
22.96324,0.48529,0.05061,0.93516,0.01097,0.00326
23.06618,0.48529,0.05061,0.93516,0.01097,0.00326
23.16912,0.48529,0.62202,0.10565,0.26075,0.01158
23.27206,0.48529,0.80135,0.01751,0.18000,0.00114
23.37500,0.48529,0.96894,0.01109,0.01967,0.00030
23.47794,0.48529,0.99716,0.00045,0.00098,0.00140
23.58088,0.48529,0.97786,0.01355,0.00672,0.00187
23.68382,0.48529,0.96529,0.00673,0.00674,0.02125
23.78676,0.48529,0.14402,0.00066,0.00087,0.85444
23.88971,0.48529,0.65319,0.00252,0.00782,0.33648
23.99265,0.48529,0.99871,0.00001,0.00099,0.00029
24.09559,0.48529,0.98850,0.00011,0.01136,0.00003
24.19853,0.48529,0.99176,0.00157,0.00507,0.00160
24.30147,0.48529,0.99106,0.00363,0.00404,0.00127
24.40441,0.48529,0.90245,0.01950,0.06470,0.01335
24.50735,0.48529,0.41138,0.40478,0.16810,0.01574
24.61029,0.48529,0.05061,0.93516,0.01097,0.00326
24.71324,0.48529,0.05061,0.93516,0.01097,0.00326
24.81618,0.48529,0.69649,0.05037,0.24724,0.00590
24.91912,0.48529,0.87075,0.00756,0.12130,0.00038
25.02206,0.48529,0.97471,0.00699,0.01796,0.00034
25.12500,0.48529,0.99695,0.00021,0.00081,0.00203
25.22794,0.48529,0.97590,0.00616,0.01367,0.00427
25.33088,0.48529,0.97256,0.00403,0.00615,0.01727
25.43382,0.48529,0.07324,0.00007,0.00020,0.92650
25.53676,0.48529,0.99391,0.00007,0.00043,0.00559
25.63971,0.48529,0.99598,0.00010,0.00360,0.00033
25.74265,0.48529,0.96499,0.00014,0.03478,0.00009
25.84559,0.48529,0.99527,0.00364,0.00013,0.00096
25.94853,0.48529,0.97024,0.01122,0.01598,0.00256
26.05147,0.48529,0.75691,0.15950,0.06449,0.01910
26.15441,0.48529,0.05061,0.93516,0.01097,0.00326
26.25735,0.48529,0.05061,0.93516,0.01097,0.00326
26.36029,0.48529,0.56211,0.10977,0.31456,0.01356
26.46324,0.48529,0.90816,0.01080,0.07977,0.00128
26.56618,0.48529,0.97404,0.00696,0.01883,0.00018
26.66912,0.48529,0.99802,0.00021,0.00115,0.00062
26.77206,0.48529,0.99030,0.00383,0.00387,0.00201
26.87500,0.48529,0.98490,0.00315,0.00324,0.00871
26.97794,0.48529,0.03661,0.00012,0.00023,0.96304
27.08088,0.48529,0.99098,0.00015,0.00096,0.00791
27.18382,0.48529,0.99829,0.00013,0.00148,0.00010
27.28676,0.48529,0.98346,0.00009,0.01634,0.00012
27.38971,0.48529,0.98807,0.00894,0.00079,0.00219
27.49265,0.48529,0.97851,0.00701,0.01239,0.00209
27.59559,0.48529,0.75034,0.18863,0.04413,0.01690
27.69853,0.48529,0.05061,0.93516,0.01097,0.00326
27.80147,0.48529,0.05061,0.93516,0.01097,0.00326
27.90441,0.48529,0.69395,0.05054,0.24590,0.00960
28.00735,0.48529,0.84192,0.01933,0.13703,0.00172
28.11029,0.48529,0.97057,0.00459,0.02445,0.00039
28.21324,0.48529,0.99660,0.00071,0.00105,0.00164
28.31618,0.48529,0.98774,0.00524,0.00574,0.00128
28.41912,0.48529,0.98208,0.00660,0.00250,0.00882
28.52206,0.48529,0.44329,0.00172,0.00103,0.55397
28.62500,0.48529,0.08380,0.00376,0.00066,0.91178
28.72794,0.48529,0.99354,0.00025,0.00063,0.00558
28.83088,0.48529,0.99715,0.00014,0.00260,0.00011
28.93382,0.48529,0.98092,0.00015,0.01871,0.00023
29.03676,0.48529,0.98525,0.01303,0.00059,0.00113
29.13971,0.48529,0.94915,0.01283,0.02920,0.00882
29.24265,0.48529,0.05061,0.93516,0.01097,0.00326
29.34559,0.48529,0.05061,0.93516,0.01097,0.00326
29.44853,0.48529,0.05061,0.93516,0.01097,0.00326
29.55147,0.48529,0.05061,0.93516,0.01097,0.00326
29.65441,0.48529,0.77907,0.02665,0.19034,0.00394
29.75735,0.48529,0.97491,0.00418,0.02069,0.00023
29.86029,0.48529,0.99365,0.00384,0.00117,0.00135
29.96324,0.48529,0.97253,0.01553,0.00634,0.00560
30.06618,0.48529,0.97485,0.00576,0.00474,0.01465
30.16912,0.48529,0.12781,0.00037,0.00065,0.87117
30.27206,0.48529,0.68826,0.00624,0.00444,0.30106
30.37500,0.48529,0.99779,0.00062,0.00093,0.00065
30.47794,0.48529,0.98275,0.00022,0.01700,0.00003
30.58088,0.48529,0.97602,0.01450,0.00533,0.00416
30.68382,0.48529,0.98657,0.00551,0.00545,0.00248
30.78676,0.48529,0.64844,0.17926,0.15000,0.02230
30.88971,0.48529,0.05061,0.93516,0.01097,0.00326
30.99265,0.48529,0.05061,0.93516,0.01097,0.00326
31.09559,0.48529,0.05061,0.93516,0.01097,0.00326
31.19853,0.48529,0.58174,0.09195,0.31307,0.01324
31.30147,0.48529,0.89445,0.01916,0.08484,0.00156
31.40441,0.48529,0.98536,0.00657,0.00800,0.00007
31.50735,0.48529,0.99411,0.00028,0.00526,0.00036
31.61029,0.48529,0.99667,0.00050,0.00168,0.00115
31.71324,0.48529,0.97260,0.00813,0.00083,0.01844
31.81618,0.48529,0.53600,0.00165,0.01091,0.45143
31.91912,0.48529,0.06372,0.00320,0.00234,0.93074
32.02206,0.48529,0.96450,0.00537,0.00052,0.02961
32.12500,0.48529,0.99730,0.00213,0.00049,0.00008
32.22794,0.48529,0.98848,0.00035,0.01109,0.00008
32.33088,0.48529,0.94268,0.04896,0.00320,0.00516
32.43382,0.48529,0.96769,0.00810,0.01982,0.00438
32.53677,0.48529,0.33677,0.54598,0.09888,0.01837
32.63971,0.48529,0.05061,0.93516,0.01097,0.00326
32.74265,0.48529,0.05061,0.93516,0.01097,0.00326
32.84559,0.48529,0.05061,0.93516,0.01097,0.00326
32.94853,0.48529,0.50688,0.24518,0.22666,0.02129
33.05147,0.48529,0.91443,0.00577,0.07918,0.00061
33.15441,0.48529,0.97849,0.00361,0.01776,0.00013
33.25735,0.48529,0.99097,0.00165,0.00712,0.00027
33.36029,0.48529,0.99707,0.00038,0.00217,0.00038
33.46323,0.48529,0.99321,0.00126,0.00351,0.00202
33.56618,0.48529,0.90409,0.00252,0.00140,0.09199
33.66912,0.48529,0.11461,0.00169,0.02458,0.85912
33.77206,0.48529,0.79029,0.00925,0.00392,0.19654
33.87500,0.48529,0.99846,0.00139,0.00011,0.00005
33.97794,0.48529,0.99634,0.00020,0.00345,0.00001
34.08088,0.48529,0.99023,0.00577,0.00293,0.00108
34.18382,0.48529,0.98916,0.00469,0.00447,0.00168
34.28677,0.48529,0.78363,0.09341,0.09830,0.02465
34.38971,0.48529,0.05061,0.93516,0.01097,0.00326
34.49265,0.48529,0.05061,0.93516,0.01097,0.00326
34.59559,0.48529,0.05061,0.93516,0.01097,0.00326
34.69853,0.48529,0.53994,0.18504,0.25483,0.02019
34.80147,0.48529,0.81432,0.01306,0.17126,0.00135
34.90441,0.48529,0.94448,0.00733,0.04789,0.00030
35.00735,0.48529,0.99427,0.00065,0.00394,0.00115
35.11029,0.48529,0.98685,0.00679,0.00457,0.00179
35.21323,0.48529,0.98652,0.00378,0.00196,0.00774
35.31618,0.48529,0.23766,0.00212,0.00093,0.75929
35.41912,0.48529,0.69040,0.00647,0.00139,0.30174
35.52206,0.48529,0.99922,0.00034,0.00019,0.00025
35.62500,0.48529,0.98929,0.00029,0.01035,0.00007
35.72794,0.48529,0.99262,0.00401,0.00241,0.00097
35.83088,0.48529,0.97835,0.01067,0.00928,0.00169
35.93382,0.48529,0.76829,0.14967,0.06310,0.01894
36.03677,0.48529,0.05061,0.93516,0.01097,0.00326
36.13971,0.48529,0.05061,0.93516,0.01097,0.00326
36.24265,0.48529,0.71988,0.03510,0.23936,0.00566
36.34559,0.48529,0.92316,0.00421,0.07235,0.00028
36.44853,0.48529,0.95808,0.02971,0.01179,0.00042
36.55147,0.48529,0.99021,0.00025,0.00837,0.00117
36.65441,0.48529,0.99609,0.00084,0.00187,0.00121
36.75735,0.48529,0.99114,0.00187,0.00303,0.00396
36.86029,0.48529,0.65042,0.00255,0.00185,0.34518
36.96323,0.48529,0.04870,0.00425,0.00140,0.94564
37.06618,0.48529,0.26089,0.00298,0.00197,0.73416
37.16912,0.48529,0.99734,0.00008,0.00072,0.00186
37.27206,0.48529,0.99628,0.00017,0.00351,0.00004
37.37500,0.48529,0.98134,0.00029,0.01776,0.00061
37.47794,0.48529,0.99559,0.00313,0.00102,0.00026
37.58088,0.48529,0.94401,0.01343,0.03710,0.00546
37.68382,0.48529,0.78322,0.08434,0.09904,0.03341
37.78677,0.48529,0.49760,0.19926,0.28325,0.01989
37.88971,0.48529,0.90977,0.00858,0.08047,0.00119
37.99265,0.48529,0.95551,0.00208,0.04227,0.00014
38.09559,0.48529,0.93281,0.00951,0.05670,0.00098
38.19853,0.48529,0.98353,0.00008,0.01541,0.00099
38.30147,0.48529,0.99169,0.00091,0.00663,0.00076
38.40441,0.48529,0.99112,0.00115,0.00449,0.00324
38.50735,0.48529,0.64105,0.00423,0.00155,0.35317
38.61029,0.48529,0.05405,0.00322,0.00176,0.94097
38.71323,0.48529,0.60095,0.00340,0.00436,0.39129
38.81618,0.48529,0.99888,0.00003,0.00064,0.00045
38.91912,0.48529,0.99252,0.00007,0.00738,0.00002
39.02206,0.48529,0.98926,0.00101,0.00851,0.00122
39.12500,0.48529,0.99027,0.00348,0.00458,0.00167
39.22794,0.48529,0.97782,0.00658,0.01380,0.00180
39.33088,0.48529,0.75916,0.09549,0.12265,0.02270
39.43382,0.48529,0.05061,0.93516,0.01097,0.00326
39.53677,0.48529,0.76115,0.04699,0.17996,0.01190
39.63971,0.48529,0.94858,0.00663,0.04443,0.00036
39.74265,0.48529,0.99974,0.00009,0.00015,0.00002
39.84559,0.48529,0.99254,0.00175,0.00070,0.00501
39.94853,0.48529,0.99384,0.00168,0.00189,0.00259
40.05147,0.48529,0.91872,0.00625,0.00422,0.07081
40.15441,0.48529,0.08657,0.00024,0.00058,0.91261
40.25735,0.48529,0.99404,0.00007,0.00090,0.00499
40.36029,0.48529,0.99474,0.00016,0.00499,0.00011
40.46323,0.48529,0.99388,0.00012,0.00578,0.00022
40.56618,0.48529,0.99676,0.00237,0.00051,0.00036
40.66912,0.48529,0.95786,0.01103,0.02804,0.00306
40.77206,0.48529,0.83449,0.09450,0.04185,0.02917
40.87500,0.48529,0.05061,0.93516,0.01097,0.00326
40.97794,0.48529,0.53017,0.13045,0.32431,0.01507
41.08088,0.48529,0.84024,0.02106,0.13596,0.00274
41.18382,0.48529,0.96293,0.01018,0.02650,0.00039
41.28677,0.48529,0.99301,0.00063,0.00469,0.00166
41.38971,0.48529,0.91688,0.01942,0.05844,0.00526
41.49265,0.48529,0.32953,0.00248,0.01823,0.64976
41.59559,0.48529,0.70092,0.00191,0.00387,0.29330
41.69853,0.48529,0.99150,0.00021,0.00803,0.00027
41.80147,0.48529,0.98990,0.00186,0.00726,0.00099
41.90441,0.48529,0.97817,0.00859,0.01031,0.00292
42.00735,0.48529,0.67065,0.22672,0.08061,0.02202
42.11029,0.48529,0.05061,0.93516,0.01097,0.00326
42.21323,0.48529,0.05061,0.93516,0.01097,0.00326
42.31618,0.48529,0.05061,0.93516,0.01097,0.00326
42.41912,0.48529,0.05061,0.93516,0.01097,0.00326
42.52206,0.48529,0.49760,0.19926,0.28325,0.01989
42.62500,0.48529,0.97877,0.01000,0.00973,0.00149
42.72794,0.48529,0.99910,0.00015,0.00068,0.00007
42.83088,0.48529,0.98730,0.00097,0.00786,0.00387
42.93382,0.48529,0.77705,0.00559,0.01813,0.19924
43.03677,0.48529,0.99293,0.00037,0.00503,0.00167
43.13971,0.48529,0.97879,0.00249,0.01670,0.00201
43.24265,0.48529,0.98654,0.00843,0.00349,0.00153
43.34559,0.48529,0.83380,0.09338,0.05391,0.01892
43.44853,0.48529,0.05061,0.93516,0.01097,0.00326
43.55147,0.48529,0.05061,0.93516,0.01097,0.00326
43.65441,0.48529,0.05061,0.93516,0.01097,0.00326
43.75735,0.48529,0.05061,0.93516,0.01097,0.00326
43.86029,0.48529,0.22984,0.64121,0.11440,0.01455
43.96323,0.48529,0.71460,0.07743,0.20242,0.00555
44.06618,0.48529,0.83382,0.00612,0.15969,0.00038
44.16912,0.48529,0.89732,0.00563,0.09669,0.00036
44.27206,0.48529,0.86562,0.01017,0.12299,0.00123
44.37500,0.48529,0.97326,0.00008,0.02605,0.00061
44.47794,0.48529,0.96403,0.00536,0.02870,0.00191
44.58088,0.48529,0.98128,0.00262,0.00682,0.00928
44.68382,0.48529,0.57428,0.00162,0.00096,0.42314
44.78677,0.48529,0.06343,0.00243,0.00204,0.93210
44.88971,0.48529,0.05604,0.00166,0.00095,0.94135
44.99265,0.48529,0.98838,0.00076,0.00051,0.01035
45.09559,0.48529,0.99346,0.00113,0.00489,0.00052
45.19853,0.48529,0.99155,0.00017,0.00820,0.00008
45.30147,0.48529,0.97446,0.02139,0.00065,0.00350
45.40441,0.48529,0.97024,0.01079,0.01625,0.00272
45.50735,0.48529,0.78795,0.12250,0.06610,0.02345
45.61029,0.48529,0.47922,0.42276,0.08256,0.01546
45.71323,0.48529,0.83007,0.05725,0.10922,0.00346
45.81618,0.48529,0.94707,0.03074,0.01995,0.00224
45.91912,0.48529,0.99083,0.00292,0.00489,0.00137
46.02206,0.48529,0.98038,0.00193,0.01711,0.00057
46.12500,0.48529,0.89080,0.00475,0.10337,0.00109
46.22794,0.48529,0.75142,0.00744,0.24015,0.00098
46.33088,0.48529,0.38662,0.00184,0.61055,0.00099
46.43382,0.48529,0.09138,0.00119,0.90674,0.00069
46.53677,0.48529,0.95851,0.00110,0.03920,0.00119
46.63971,0.48529,0.98655,0.00009,0.01239,0.00097
46.74265,0.48529,0.99496,0.00063,0.00359,0.00082
46.84559,0.48529,0.95037,0.00591,0.00280,0.04092
46.94853,0.48529,0.20978,0.00152,0.00125,0.78745
47.05147,0.48529,0.06793,0.00751,0.00503,0.91953
47.15441,0.48529,0.06789,0.00820,0.00486,0.91906
47.25735,0.48529,0.07000,0.00708,0.00471,0.91820
47.36029,0.48529,0.06972,0.00790,0.00439,0.91798
47.46323,0.48529,0.05892,0.00754,0.00360,0.92994
47.56618,0.48529,0.09067,0.00428,0.00161,0.90343
47.66912,0.48529,0.99779,0.00014,0.00030,0.00178
47.77206,0.48529,0.99711,0.00084,0.00198,0.00006
47.87500,0.48529,0.98640,0.00145,0.01139,0.00076
47.97794,0.48529,0.98305,0.01132,0.00305,0.00259
48.08088,0.48529,0.93513,0.01145,0.04606,0.00735
48.18382,0.48529,0.33677,0.54598,0.09888,0.01837
48.28677,0.48529,0.05061,0.93516,0.01097,0.00326
48.38971,0.48529,0.05061,0.93516,0.01097,0.00326
48.49265,0.48529,0.05061,0.93516,0.01097,0.00326
48.59559,0.48529,0.05061,0.93516,0.01097,0.00326
48.69853,0.48529,0.05061,0.93516,0.01097,0.00326
48.80147,0.48529,0.52386,0.13860,0.32236,0.01518
48.90441,0.48529,0.81995,0.02159,0.15563,0.00283
49.00735,0.48529,0.94016,0.00924,0.05028,0.00032
49.11029,0.48529,0.96612,0.00167,0.03178,0.00043
49.21323,0.48529,0.99156,0.00052,0.00698,0.00095
49.31618,0.48529,0.99816,0.00026,0.00100,0.00058
49.41912,0.48529,0.97710,0.01044,0.00041,0.01205
49.52206,0.48529,0.45925,0.00243,0.00234,0.53599
49.62500,0.48529,0.11524,0.01114,0.00505,0.86858
49.72794,0.48529,0.09240,0.00864,0.00396,0.89500
49.83088,0.48529,0.07901,0.00512,0.00354,0.91233
49.93382,0.48529,0.07328,0.00461,0.00386,0.91826
50.03677,0.48529,0.05204,0.00516,0.00290,0.93990
50.13971,0.48529,0.07174,0.00308,0.00148,0.92369
50.24265,0.48529,0.98297,0.00068,0.00085,0.01550
50.34559,0.48529,0.99664,0.00133,0.00190,0.00014
50.44853,0.48529,0.99042,0.00022,0.00925,0.00011
50.55147,0.48529,0.98664,0.01100,0.00088,0.00149
50.65441,0.48529,0.97534,0.00578,0.01365,0.00523
50.75735,0.48529,0.39474,0.42125,0.16565,0.01836
50.86029,0.48529,0.05061,0.93516,0.01097,0.00326
50.96323,0.48529,0.05061,0.93516,0.01097,0.00326
51.06618,0.48529,0.05061,0.93516,0.01097,0.00326
51.16912,0.48529,0.05061,0.93516,0.01097,0.00326
51.27206,0.48529,0.05061,0.93516,0.01097,0.00326
51.37500,0.48529,0.05061,0.93516,0.01097,0.00326
51.47794,0.48529,0.05061,0.93516,0.01097,0.00326
51.58088,0.48529,0.28248,0.54376,0.15688,0.01688
51.68382,0.48529,0.85186,0.01587,0.12985,0.00243
51.78677,0.48529,0.96307,0.00824,0.02838,0.00032
51.88971,0.48529,0.98835,0.00070,0.00934,0.00162
51.99265,0.48529,0.99710,0.00119,0.00068,0.00103
52.09559,0.48529,0.98106,0.00514,0.00677,0.00703
52.19853,0.48529,0.02629,0.00019,0.00029,0.97323
52.30147,0.48529,0.98001,0.00073,0.00101,0.01825
52.40441,0.48529,0.99909,0.00015,0.00064,0.00013
52.50735,0.48529,0.98541,0.00020,0.01431,0.00008
52.61029,0.48529,0.99418,0.00422,0.00067,0.00093
52.71323,0.48529,0.97805,0.00746,0.01250,0.00200
52.81618,0.48529,0.78888,0.13613,0.05666,0.01833
52.91912,0.48529,0.05061,0.93516,0.01097,0.00326
53.02206,0.48529,0.05061,0.93516,0.01097,0.00326
53.12500,0.48529,0.05061,0.93516,0.01097,0.00326
53.22794,0.48529,0.05061,0.93516,0.01097,0.00326
53.33088,0.48529,0.56435,0.17236,0.24299,0.02029
53.43382,0.48529,0.82168,0.01402,0.16301,0.00128
53.53677,0.48529,0.93917,0.00980,0.05070,0.00033
53.63971,0.48529,0.99584,0.00044,0.00361,0.00010
53.74265,0.48529,0.99543,0.00018,0.00299,0.00141
53.84559,0.48529,0.97202,0.00127,0.02259,0.00411
53.94853,0.48529,0.22949,0.00031,0.00433,0.76587
54.05147,0.48529,0.59057,0.00028,0.00337,0.40577
54.15441,0.48529,0.99871,0.00002,0.00111,0.00017
54.25735,0.48529,0.99213,0.00003,0.00782,0.00002
54.36029,0.48529,0.99592,0.00138,0.00122,0.00147
54.46323,0.48529,0.99204,0.00344,0.00288,0.00164
54.56618,0.48529,0.89371,0.03655,0.06349,0.00624
54.66912,0.48529,0.58387,0.31208,0.08371,0.02034
54.77206,0.48529,0.05061,0.93516,0.01097,0.00326
54.87500,0.48529,0.05061,0.93516,0.01097,0.00326
54.97794,0.48529,0.05061,0.93516,0.01097,0.00326
55.08088,0.48529,0.05061,0.93516,0.01097,0.00326
55.18382,0.48529,0.72159,0.13400,0.13305,0.01136
55.28677,0.48529,0.83445,0.00595,0.15911,0.00048
55.38971,0.48529,0.96233,0.00435,0.03321,0.00011
55.49265,0.48529,0.99845,0.00015,0.00125,0.00015
55.59559,0.48529,0.99796,0.00006,0.00103,0.00095
55.69853,0.48529,0.98584,0.00051,0.00975,0.00389
55.80147,0.48529,0.20224,0.00014,0.00161,0.79601
55.90441,0.48529,0.67991,0.00021,0.00469,0.31519
56.00735,0.48529,0.99852,0.00003,0.00127,0.00018
56.11029,0.48529,0.98818,0.00004,0.01175,0.00003
56.21323,0.48529,0.99241,0.00346,0.00127,0.00286
56.31618,0.48529,0.98990,0.00311,0.00527,0.00172
56.41912,0.48529,0.89727,0.02742,0.06691,0.00840
56.52206,0.48529,0.33677,0.54598,0.09888,0.01837
56.62500,0.48529,0.05061,0.93516,0.01097,0.00326
56.72794,0.48529,0.05061,0.93516,0.01097,0.00326
56.83088,0.48529,0.05061,0.93516,0.01097,0.00326
56.93382,0.48529,0.05061,0.93516,0.01097,0.00326
57.03677,0.48529,0.61784,0.12632,0.24316,0.01268
57.13971,0.48529,0.85083,0.00954,0.13892,0.00070
57.24265,0.48529,0.95469,0.01953,0.02541,0.00037
57.34559,0.48529,0.99817,0.00011,0.00104,0.00069
57.44853,0.48529,0.99755,0.00095,0.00098,0.00052
57.55147,0.48529,0.94280,0.00185,0.00761,0.04774
57.65441,0.48529,0.05638,0.00015,0.00129,0.94218
57.75735,0.48529,0.99735,0.00002,0.00173,0.00090
57.86029,0.48529,0.99290,0.00003,0.00702,0.00004
57.96323,0.48529,0.98625,0.00242,0.00834,0.00299
58.06618,0.48529,0.99490,0.00254,0.00139,0.00117
58.16912,0.48529,0.93229,0.01875,0.04425,0.00471
58.27206,0.48529,0.65358,0.23693,0.08927,0.02022
58.37500,0.48529,0.05061,0.93516,0.01097,0.00326
58.47794,0.48529,0.05061,0.93516,0.01097,0.00326
58.58088,0.48529,0.05061,0.93516,0.01097,0.00326
58.68382,0.48529,0.05061,0.93516,0.01097,0.00326
58.78677,0.48529,0.05061,0.93516,0.01097,0.00326
58.88971,0.48529,0.05061,0.93516,0.01097,0.00326
58.99265,0.48529,0.51726,0.17768,0.28498,0.02008
59.09559,0.48529,0.89472,0.01260,0.09109,0.00159
59.19853,0.48529,0.96035,0.00212,0.03737,0.00017
59.30147,0.48529,0.95881,0.00649,0.03396,0.00074
59.40441,0.48529,0.99433,0.00017,0.00446,0.00104
59.50735,0.48529,0.99726,0.00027,0.00213,0.00033
59.61029,0.48529,0.99651,0.00168,0.00035,0.00146
59.71323,0.48529,0.45265,0.00612,0.00181,0.53942
59.81618,0.48529,0.16913,0.00251,0.00059,0.82776
59.91912,0.48529,0.97704,0.00008,0.00197,0.02091
60.02206,0.48529,0.99878,0.00001,0.00115,0.00006
60.12500,0.48529,0.99644,0.00000,0.00356,0.00000
60.22794,0.48529,0.98847,0.00165,0.00841,0.00146
60.33088,0.48529,0.99367,0.00173,0.00425,0.00035
60.43382,0.48529,0.93858,0.02186,0.03180,0.00776
60.53677,0.48529,0.85046,0.05444,0.07054,0.02456
60.63971,0.48529,0.05061,0.93516,0.01097,0.00326
60.74265,0.48529,0.05061,0.93516,0.01097,0.00326
60.84559,0.48529,0.23778,0.62709,0.12021,0.01491
60.94853,0.48529,0.73361,0.02988,0.23221,0.00430
61.05147,0.48529,0.94130,0.00999,0.04832,0.00038
61.15441,0.48529,0.94683,0.00757,0.03948,0.00612
61.25735,0.48529,0.99205,0.00166,0.00433,0.00196
61.36029,0.48529,0.98130,0.00365,0.00282,0.01222
61.46323,0.48529,0.33921,0.00273,0.00130,0.65676
61.56618,0.48529,0.54617,0.00306,0.00276,0.44801
61.66912,0.48529,0.99964,0.00015,0.00010,0.00012
61.77206,0.48529,0.99513,0.00059,0.00423,0.00004
61.87500,0.48529,0.99099,0.00137,0.00607,0.00158
61.97794,0.48529,0.98899,0.00354,0.00564,0.00183
62.08088,0.48529,0.87497,0.03866,0.07880,0.00757
62.18382,0.48529,0.53271,0.35936,0.08808,0.01985
62.28677,0.48529,0.05061,0.93516,0.01097,0.00326
62.38971,0.48529,0.05061,0.93516,0.01097,0.00326
62.49265,0.48529,0.05061,0.93516,0.01097,0.00326
62.59559,0.48529,0.05061,0.93516,0.01097,0.00326
62.69853,0.48529,0.31378,0.48606,0.18234,0.01782
62.80147,0.48529,0.84654,0.01844,0.13244,0.00258
62.90441,0.48529,0.96818,0.00728,0.02416,0.00037
63.00735,0.48529,0.98963,0.00050,0.00839,0.00149
63.11029,0.48529,0.98608,0.00711,0.00346,0.00336
63.21323,0.48529,0.92554,0.01428,0.00570,0.05448
63.31618,0.48529,0.23942,0.00114,0.00331,0.75614
63.41912,0.48529,0.04287,0.00278,0.00077,0.95358
63.52206,0.48529,0.99504,0.00066,0.00036,0.00394
63.62500,0.48529,0.99883,0.00047,0.00067,0.00003
63.72794,0.48529,0.98932,0.00055,0.00999,0.00015
63.83088,0.48529,0.99307,0.00476,0.00063,0.00154
63.93382,0.48530,0.91208,0.02519,0.05462,0.00811
64.03677,0.48529,0.05061,0.93516,0.01097,0.00326
64.13971,0.48529,0.05061,0.93516,0.01097,0.00326
64.24265,0.48530,0.05061,0.93516,0.01097,0.00326
64.34559,0.48529,0.05061,0.93516,0.01097,0.00326
64.44853,0.48529,0.05061,0.93516,0.01097,0.00326
64.55147,0.48530,0.67841,0.17378,0.13333,0.01449
64.65441,0.48530,0.90845,0.00791,0.08306,0.00058
64.75735,0.48529,0.97383,0.00868,0.01736,0.00013
64.86029,0.48530,0.99515,0.00082,0.00302,0.00101
64.96323,0.48530,0.99669,0.00180,0.00106,0.00044
65.06618,0.48529,0.98629,0.00414,0.00291,0.00666
65.16912,0.48529,0.04844,0.00031,0.00053,0.95072
65.27206,0.48530,0.98627,0.00029,0.00139,0.01205
65.37500,0.48529,0.99944,0.00008,0.00046,0.00002
65.47794,0.48529,0.99583,0.00031,0.00385,0.00001
65.58088,0.48530,0.98809,0.00425,0.00451,0.00316
65.68382,0.48530,0.98716,0.00357,0.00767,0.00160
65.78677,0.48529,0.82095,0.06261,0.10163,0.01480
65.88971,0.48529,0.34772,0.48981,0.14821,0.01426
65.99265,0.48530,0.05061,0.93516,0.01097,0.00326
66.09559,0.48529,0.05061,0.93516,0.01097,0.00326
66.19853,0.48529,0.76549,0.03007,0.19712,0.00732
66.30147,0.48530,0.93395,0.01078,0.05457,0.00070
66.40441,0.48530,0.99833,0.00028,0.00134,0.00005
66.50735,0.48529,0.99272,0.00209,0.00133,0.00386
66.61029,0.48530,0.99202,0.00206,0.00277,0.00315
66.71323,0.48530,0.92168,0.00448,0.00241,0.07144
66.81618,0.48529,0.06231,0.00012,0.00089,0.93668
66.91912,0.48529,0.98139,0.00076,0.00121,0.01664
67.02206,0.48530,0.99928,0.00007,0.00060,0.00005
67.12500,0.48529,0.98754,0.00022,0.01222,0.00002
67.22794,0.48529,0.99847,0.00059,0.00031,0.00063
67.33088,0.48530,0.99248,0.00160,0.00461,0.00131
67.43382,0.48530,0.88192,0.04930,0.05970,0.00908
67.53677,0.48529,0.70471,0.22845,0.04943,0.01741
67.63971,0.48529,0.05061,0.93516,0.01097,0.00326
67.74265,0.48530,0.05061,0.93516,0.01097,0.00326
67.84559,0.48529,0.05061,0.93516,0.01097,0.00326
67.94853,0.48529,0.74074,0.03495,0.21792,0.00638
68.05147,0.48530,0.83347,0.00743,0.15868,0.00042
68.15441,0.48530,0.96058,0.01714,0.02206,0.00022
68.25735,0.48529,0.99385,0.00019,0.00576,0.00019
68.36029,0.48530,0.99580,0.00005,0.00404,0.00012
68.46323,0.48530,0.99043,0.00050,0.00487,0.00421
68.56618,0.48529,0.92252,0.00073,0.01144,0.06531
68.66912,0.48529,0.57475,0.00084,0.31556,0.10885
68.77206,0.48530,0.97197,0.00122,0.00674,0.02006
68.87500,0.48529,0.99957,0.00018,0.00023,0.00001
68.97794,0.48529,0.99762,0.00007,0.00231,0.00000
69.08088,0.48530,0.97025,0.00151,0.02771,0.00053
69.18382,0.48530,0.98559,0.00222,0.01076,0.00144
69.28677,0.48529,0.96507,0.00545,0.02725,0.00223
69.38971,0.48529,0.76012,0.09807,0.11141,0.03040
69.49265,0.48530,0.29422,0.55220,0.13733,0.01624
69.59559,0.48529,0.05061,0.93516,0.01097,0.00326
69.69853,0.48529,0.75176,0.02930,0.21117,0.00778
69.80147,0.48530,0.86820,0.01571,0.11507,0.00103
69.90441,0.48530,0.96041,0.00619,0.03316,0.00024
70.00735,0.48529,0.97181,0.00098,0.02578,0.00143
70.11029,0.48530,0.99865,0.00005,0.00114,0.00016
70.21323,0.48530,0.99009,0.00129,0.00254,0.00607
70.31618,0.48529,0.71849,0.00232,0.00181,0.27739
70.41912,0.48529,0.20860,0.00346,0.00602,0.78191
70.52206,0.48530,0.99594,0.00101,0.00024,0.00282
70.62500,0.48529,0.99968,0.00014,0.00017,0.00001
70.72794,0.48529,0.98747,0.00021,0.01231,0.00001
70.83088,0.48530,0.90407,0.00363,0.08984,0.00247
70.93382,0.48530,0.98953,0.00052,0.00943,0.00052
71.03677,0.48529,0.97990,0.00430,0.01412,0.00167
71.13971,0.48529,0.70706,0.20607,0.07863,0.00824
71.24265,0.48530,0.81223,0.09346,0.07354,0.02077
71.34559,0.48529,0.82168,0.01835,0.15473,0.00524
71.44853,0.48529,0.96218,0.00278,0.03492,0.00011
71.55147,0.48530,0.98846,0.00214,0.00913,0.00027
71.65441,0.48530,0.99041,0.00006,0.00912,0.00042
71.75735,0.48529,0.99341,0.00102,0.00389,0.00168
71.86029,0.48530,0.95404,0.00516,0.00285,0.03795
71.96323,0.48530,0.11912,0.00081,0.00220,0.87786
72.06618,0.48529,0.14608,0.00482,0.00279,0.84631
72.16912,0.48529,0.99613,0.00036,0.00038,0.00312
72.27206,0.48530,0.99863,0.00024,0.00110,0.00003
72.37500,0.48529,0.98027,0.00094,0.01854,0.00025
72.47794,0.48529,0.99468,0.00236,0.00180,0.00116
72.58088,0.48530,0.97603,0.00241,0.01989,0.00167
72.68382,0.48530,0.78975,0.03771,0.15793,0.01461
72.78677,0.48529,0.84193,0.02128,0.13026,0.00652
72.88971,0.48529,0.95996,0.00434,0.03544,0.00026
72.99265,0.48530,0.96443,0.00136,0.03391,0.00030
73.09559,0.48529,0.98662,0.00172,0.00934,0.00232
73.19853,0.48529,0.99727,0.00006,0.00248,0.00019
73.30147,0.48530,0.98602,0.00081,0.00534,0.00784
73.40441,0.48530,0.80172,0.00303,0.00035,0.19489
73.50735,0.48529,0.05070,0.00204,0.00093,0.94632
73.61029,0.48530,0.93992,0.00291,0.00235,0.05482
73.71323,0.48530,0.99983,0.00003,0.00013,0.00001
73.81618,0.48529,0.99673,0.00027,0.00299,0.00001
73.91912,0.48529,0.96694,0.01970,0.01020,0.00317
74.02206,0.48530,0.99512,0.00070,0.00362,0.00056
74.12500,0.48529,0.97248,0.00371,0.01885,0.00495
74.22794,0.48529,0.68339,0.21270,0.08900,0.01492
74.33088,0.48530,0.05061,0.93516,0.01097,0.00326
74.43382,0.48530,0.26134,0.58343,0.13923,0.01601
74.53677,0.48529,0.77645,0.04553,0.17340,0.00462
74.63971,0.48529,0.93660,0.00600,0.05721,0.00019
74.74265,0.48530,0.99188,0.00295,0.00502,0.00016
74.84559,0.48529,0.99419,0.00157,0.00097,0.00327
74.94853,0.48529,0.98416,0.00458,0.00526,0.00599
75.05147,0.48530,0.40306,0.00672,0.00220,0.58802
75.15441,0.48530,0.15742,0.00164,0.00501,0.83593
75.25735,0.48529,0.99879,0.00032,0.00014,0.00075
75.36029,0.48530,0.99688,0.00097,0.00209,0.00006
75.46323,0.48530,0.99158,0.00070,0.00682,0.00091
75.56618,0.48529,0.98863,0.00682,0.00201,0.00254
75.66912,0.48529,0.93537,0.01562,0.04165,0.00736
75.77206,0.48530,0.05061,0.93516,0.01097,0.00326
75.87500,0.48529,0.05061,0.93516,0.01097,0.00326
75.97794,0.48529,0.05061,0.93516,0.01097,0.00326
76.08088,0.48530,0.55746,0.11079,0.31811,0.01364
76.18382,0.48530,0.87257,0.02000,0.10562,0.00181
76.28677,0.48529,0.96429,0.01014,0.02540,0.00017
76.38971,0.48529,0.95894,0.00072,0.03820,0.00213
76.49265,0.48530,0.99537,0.00107,0.00260,0.00096
76.59559,0.48529,0.98698,0.00318,0.00559,0.00425
76.69853,0.48529,0.73689,0.00450,0.00103,0.25758
76.80147,0.48530,0.05809,0.00213,0.00180,0.93798
76.90441,0.48530,0.97854,0.00084,0.00103,0.01960
77.00735,0.48529,0.99916,0.00008,0.00073,0.00003
77.11029,0.48530,0.98993,0.00006,0.01000,0.00001
77.21323,0.48530,0.98401,0.00959,0.00400,0.00240
77.31618,0.48529,0.99599,0.00074,0.00307,0.00021
77.41912,0.48529,0.92453,0.02506,0.03874,0.01167
77.52206,0.48530,0.77145,0.09265,0.11287,0.02303
77.62500,0.48529,0.74160,0.02041,0.23314,0.00484
77.72794,0.48529,0.94712,0.00620,0.04626,0.00042
77.83088,0.48530,0.93966,0.00487,0.05507,0.00040
77.93382,0.48530,0.99653,0.00058,0.00224,0.00066
78.03677,0.48529,0.99595,0.00009,0.00354,0.00042
78.13971,0.48529,0.99559,0.00040,0.00285,0.00115
78.24265,0.48530,0.96414,0.00418,0.00125,0.03043
78.34559,0.48529,0.03737,0.00008,0.00026,0.96228
78.44853,0.48529,0.98814,0.00080,0.00079,0.01028
78.55147,0.48530,0.99964,0.00005,0.00029,0.00001
78.65441,0.48530,0.99282,0.00031,0.00686,0.00001
78.75735,0.48529,0.99097,0.00412,0.00325,0.00166
78.86029,0.48530,0.99336,0.00167,0.00470,0.00026
78.96323,0.48530,0.89934,0.03987,0.04434,0.01645
79.06618,0.48529,0.66226,0.19057,0.12428,0.02288
79.16912,0.48529,0.05061,0.93516,0.01097,0.00326
79.27206,0.48530,0.05061,0.93516,0.01097,0.00326
79.37500,0.48529,0.59639,0.14123,0.24946,0.01292
79.47794,0.48529,0.77499,0.02018,0.20359,0.00123
79.58088,0.48530,0.92392,0.00903,0.06680,0.00025
79.68382,0.48530,0.93710,0.00541,0.05713,0.00036
79.78677,0.48529,0.95485,0.02467,0.01995,0.00053
79.88971,0.48529,0.99098,0.00001,0.00897,0.00005
79.99265,0.48530,0.99876,0.00000,0.00110,0.00014
80.09559,0.48529,0.99414,0.00012,0.00346,0.00227
80.19853,0.48529,0.96209,0.00007,0.02769,0.01015
80.30147,0.48530,0.62127,0.00009,0.37461,0.00403
80.40441,0.48530,0.85685,0.00434,0.05878,0.08003
80.50735,0.48529,0.99707,0.00068,0.00142,0.00082
80.61029,0.48530,0.99979,0.00007,0.00013,0.00000
80.71323,0.48530,0.98462,0.00002,0.01535,0.00000
80.81618,0.48529,0.99729,0.00141,0.00067,0.00063
80.91912,0.48529,0.99804,0.00056,0.00103,0.00036
81.02206,0.48530,0.96260,0.02236,0.01190,0.00314
81.12500,0.48529,0.68842,0.24361,0.04957,0.01840
81.22794,0.48529,0.05061,0.93516,0.01097,0.00326
81.33088,0.48530,0.05061,0.93516,0.01097,0.00326
81.43382,0.48530,0.05061,0.93516,0.01097,0.00326
81.53677,0.48529,0.58278,0.14532,0.25936,0.01253
81.63971,0.48529,0.78088,0.01764,0.20011,0.00137
81.74265,0.48530,0.95077,0.01541,0.03354,0.00029
81.84559,0.48529,0.99245,0.00071,0.00638,0.00047
81.94853,0.48529,0.99879,0.00047,0.00053,0.00020
82.05147,0.48530,0.98841,0.00367,0.00463,0.00329
82.15441,0.48530,0.81637,0.00343,0.00121,0.17899
82.25735,0.48529,0.05697,0.00240,0.00230,0.93833
82.36029,0.48530,0.51521,0.00522,0.00325,0.47633
82.46323,0.48530,0.99941,0.00006,0.00026,0.00028
82.56618,0.48529,0.99711,0.00024,0.00263,0.00002
82.66912,0.48529,0.99704,0.00025,0.00248,0.00023
82.77206,0.48530,0.99670,0.00219,0.00091,0.00020
82.87500,0.48529,0.96313,0.01205,0.01781,0.00700
82.97794,0.48529,0.71238,0.14448,0.11852,0.02462
83.08088,0.48530,0.05061,0.93516,0.01097,0.00326
83.18382,0.48530,0.05061,0.93516,0.01097,0.00326
83.28677,0.48529,0.82096,0.02932,0.14415,0.00557
83.38971,0.48529,0.93772,0.00828,0.05338,0.00062
83.49265,0.48530,0.98813,0.00530,0.00482,0.00176
83.59559,0.48529,0.99300,0.00216,0.00342,0.00142
83.69853,0.48529,0.99187,0.00224,0.00064,0.00525
83.80147,0.48530,0.47231,0.00822,0.00093,0.51853
83.90441,0.48530,0.22050,0.00230,0.00142,0.77578
84.00735,0.48529,0.99797,0.00017,0.00046,0.00139
84.11029,0.48530,0.99718,0.00088,0.00190,0.00004
84.21323,0.48530,0.99277,0.00026,0.00678,0.00019
84.31618,0.48529,0.99090,0.00384,0.00386,0.00140
84.41912,0.48529,0.96426,0.01000,0.02175,0.00400
84.52206,0.48530,0.66288,0.18391,0.12910,0.02412
84.62500,0.48529,0.05061,0.93516,0.01097,0.00326
84.72794,0.48529,0.05061,0.93516,0.01097,0.00326
84.83088,0.48530,0.05061,0.93516,0.01097,0.00326
84.93382,0.48530,0.73931,0.04004,0.21357,0.00708
85.03677,0.48529,0.91640,0.01047,0.07265,0.00048
85.13971,0.48529,0.97365,0.00562,0.02045,0.00029
85.24265,0.48530,0.96831,0.00181,0.02798,0.00190
85.34559,0.48529,0.99769,0.00006,0.00203,0.00023
85.44853,0.48529,0.90948,0.00725,0.03414,0.04912
85.55147,0.48530,0.08349,0.00065,0.00509,0.91077
85.65441,0.48530,0.99937,0.00036,0.00020,0.00008
85.75735,0.48529,0.99663,0.00011,0.00325,0.00001
85.86029,0.48530,0.98471,0.00883,0.00466,0.00181
85.96323,0.48530,0.98873,0.00563,0.00393,0.00171
86.06618,0.48529,0.81633,0.07960,0.08141,0.02267
86.16912,0.48529,0.05061,0.93516,0.01097,0.00326
86.27206,0.48530,0.05061,0.93516,0.01097,0.00326
86.37500,0.48529,0.05061,0.93516,0.01097,0.00326
86.47794,0.48529,0.57046,0.16962,0.23965,0.02027
86.58088,0.48530,0.81524,0.01744,0.16602,0.00129
86.68382,0.48530,0.92650,0.00828,0.06495,0.00027
86.78677,0.48529,0.97435,0.00408,0.02113,0.00044
86.88971,0.48529,0.98161,0.00025,0.01721,0.00093
86.99265,0.48530,0.96955,0.00360,0.02449,0.00236
87.09559,0.48529,0.90631,0.00606,0.02399,0.06363
87.19853,0.48529,0.07439,0.00033,0.00175,0.92352
87.30147,0.48530,0.99865,0.00013,0.00031,0.00091
87.40441,0.48530,0.99556,0.00066,0.00372,0.00006
87.50735,0.48529,0.98790,0.00086,0.01025,0.00100
87.61029,0.48530,0.98976,0.00606,0.00183,0.00235
87.71323,0.48530,0.87271,0.03539,0.07933,0.01257
87.81618,0.48529,0.05061,0.93516,0.01097,0.00326
87.91912,0.48529,0.05061,0.93516,0.01097,0.00326
88.02206,0.48530,0.05061,0.93516,0.01097,0.00326
88.12500,0.48529,0.05061,0.93516,0.01097,0.00326
88.22794,0.48529,0.05061,0.93516,0.01097,0.00326
88.33088,0.48530,0.05061,0.93516,0.01097,0.00326
88.43382,0.48530,0.05061,0.93516,0.01097,0.00326
88.53677,0.48529,0.05061,0.93516,0.01097,0.00326
88.63971,0.48529,0.05061,0.93516,0.01097,0.00326
88.74265,0.48530,0.05061,0.93516,0.01097,0.00326
88.84559,0.48529,0.05061,0.93516,0.01097,0.00326
88.94853,0.48529,0.05061,0.93516,0.01097,0.00326
89.05147,0.48530,0.05061,0.93516,0.01097,0.00326
89.15441,0.48530,0.05061,0.93516,0.01097,0.00326
89.25735,0.48529,0.05061,0.93516,0.01097,0.00326
89.36029,0.48530,0.70504,0.09049,0.18945,0.01502
89.46323,0.48530,0.93078,0.00635,0.06226,0.00061
89.56618,0.48529,0.98294,0.00370,0.01327,0.00010
89.66912,0.48529,0.99521,0.00054,0.00383,0.00041
89.77206,0.48530,0.99886,0.00002,0.00095,0.00017
89.87500,0.48529,0.99831,0.00015,0.00110,0.00044
89.97794,0.48529,0.99375,0.00126,0.00144,0.00356
90.08088,0.48530,0.06159,0.00026,0.00042,0.93773
90.18382,0.48530,0.93275,0.00015,0.00284,0.06426
90.28677,0.48529,0.99777,0.00001,0.00185,0.00038
90.38971,0.48529,0.99400,0.00001,0.00598,0.00001
90.49265,0.48530,0.99698,0.00092,0.00139,0.00071
90.59559,0.48529,0.99418,0.00265,0.00280,0.00037
90.69853,0.48529,0.95992,0.01286,0.02207,0.00515
90.80147,0.48530,0.79334,0.07662,0.09856,0.03148
90.90441,0.48530,0.05061,0.93516,0.01097,0.00326
91.00735,0.48529,0.05061,0.93516,0.01097,0.00326
91.11029,0.48530,0.05061,0.93516,0.01097,0.00326
91.21323,0.48530,0.05061,0.93516,0.01097,0.00326
91.31618,0.48529,0.05061,0.93516,0.01097,0.00326
91.41912,0.48529,0.05061,0.93516,0.01097,0.00326
91.52206,0.48530,0.05061,0.93516,0.01097,0.00326
91.62500,0.48529,0.05061,0.93516,0.01097,0.00326
91.72794,0.48529,0.69518,0.10566,0.18421,0.01495
91.83088,0.48530,0.90419,0.01029,0.08426,0.00126
91.93382,0.48530,0.98062,0.00231,0.01698,0.00009
92.03677,0.48529,0.93763,0.00645,0.05473,0.00119
92.13971,0.48529,0.99533,0.00004,0.00457,0.00006
92.24265,0.48530,0.99852,0.00003,0.00119,0.00027
92.34559,0.48529,0.99426,0.00027,0.00322,0.00226
92.44853,0.48529,0.97025,0.00056,0.00158,0.02760
92.55147,0.48530,0.08315,0.00048,0.00149,0.91487
92.65441,0.48530,0.14506,0.00288,0.00188,0.85018
92.75735,0.48529,0.95134,0.00037,0.00373,0.04456
92.86029,0.48530,0.99888,0.00002,0.00100,0.00010
92.96323,0.48530,0.99753,0.00001,0.00246,0.00000
93.06618,0.48529,0.97334,0.00141,0.02390,0.00136
93.16912,0.48529,0.98668,0.00245,0.00978,0.00110
93.27206,0.48530,0.98220,0.00342,0.01235,0.00203
93.37500,0.48529,0.80010,0.09147,0.09086,0.01758
93.47794,0.48529,0.29321,0.62248,0.07358,0.01073
93.58088,0.48530,0.05061,0.93516,0.01097,0.00326
93.68382,0.48530,0.05061,0.93516,0.01097,0.00326
93.78677,0.48529,0.05061,0.93516,0.01097,0.00326
93.88971,0.48529,0.05061,0.93516,0.01097,0.00326
93.99265,0.48530,0.47789,0.42276,0.08545,0.01390
94.09559,0.48529,0.75368,0.04264,0.20119,0.00248
94.19853,0.48529,0.86787,0.00765,0.12385,0.00063
94.30147,0.48530,0.91437,0.00452,0.08066,0.00044
94.40441,0.48530,0.65673,0.00688,0.33540,0.00099
94.50735,0.48529,0.95017,0.00062,0.04883,0.00037
94.61029,0.48530,0.99552,0.00004,0.00402,0.00042
94.71323,0.48530,0.99436,0.00035,0.00213,0.00316
94.81618,0.48529,0.99303,0.00181,0.00212,0.00303
94.91912,0.48529,0.06063,0.00035,0.00033,0.93869
95.02206,0.48530,0.74990,0.00117,0.00497,0.24396
95.12500,0.48529,0.99408,0.00007,0.00268,0.00317
95.22794,0.48529,0.99453,0.00002,0.00542,0.00003
95.33088,0.48530,0.98852,0.00006,0.01139,0.00003
95.43382,0.48530,0.98846,0.00086,0.00943,0.00126
95.53677,0.48529,0.98971,0.00189,0.00746,0.00095
95.63971,0.48529,0.92765,0.02227,0.04574,0.00434
95.74265,0.48530,0.73958,0.09752,0.13660,0.02630
95.84559,0.48529,0.05061,0.93516,0.01097,0.00326
95.94853,0.48529,0.05061,0.93516,0.01097,0.00326
96.05147,0.48530,0.05061,0.93516,0.01097,0.00326
96.15441,0.48530,0.57650,0.31128,0.10274,0.00947
96.25735,0.48529,0.88294,0.01365,0.10237,0.00104
96.36029,0.48530,0.91513,0.00264,0.08161,0.00061
96.46323,0.48530,0.90946,0.00299,0.08717,0.00038
96.56618,0.48529,0.61732,0.00525,0.37546,0.00197
96.66912,0.48529,0.13481,0.00147,0.86308,0.00064
96.77206,0.48530,0.14929,0.00147,0.84889,0.00035
96.87500,0.48529,0.99092,0.00022,0.00839,0.00047
96.97794,0.48529,0.98914,0.00013,0.01013,0.00059
97.08088,0.48530,0.98214,0.00048,0.01464,0.00274
97.18382,0.48530,0.27613,0.00179,0.01381,0.70827
97.28677,0.48529,0.56232,0.00014,0.00599,0.43156
97.38971,0.48529,0.99954,0.00002,0.00040,0.00004
97.49265,0.48530,0.99682,0.00001,0.00317,0.00000
97.59559,0.48529,0.99507,0.00133,0.00292,0.00068
97.69853,0.48529,0.98946,0.00149,0.00858,0.00048
97.80147,0.48530,0.96843,0.00672,0.01597,0.00888
97.90441,0.48530,0.64778,0.18380,0.14582,0.02260
98.00735,0.48529,0.05061,0.93516,0.01097,0.00326
98.11029,0.48530,0.05061,0.93516,0.01097,0.00326
98.21323,0.48530,0.63630,0.17649,0.16881,0.01840
98.31618,0.48529,0.90995,0.01229,0.07598,0.00177
98.41912,0.48529,0.97385,0.00137,0.02472,0.00006
98.52206,0.48530,0.98645,0.00395,0.00925,0.00035
98.62500,0.48529,0.99728,0.00006,0.00217,0.00050
98.72794,0.48529,0.91941,0.00574,0.06030,0.01456
98.83088,0.48530,0.35050,0.00358,0.09737,0.54855
98.93382,0.48530,0.97851,0.00109,0.00676,0.01364
99.03677,0.48529,0.99016,0.00032,0.00945,0.00007
99.13971,0.48529,0.98530,0.00714,0.00544,0.00211
99.24265,0.48530,0.98406,0.00555,0.00850,0.00189
99.34559,0.48529,0.79699,0.13055,0.05321,0.01925
99.44853,0.48529,0.05061,0.93516,0.01097,0.00326
99.55147,0.48530,0.05061,0.93516,0.01097,0.00326
99.65441,0.48530,0.05061,0.93516,0.01097,0.00326
99.75735,0.48529,0.70928,0.04258,0.23881,0.00933
99.86029,0.48530,0.85256,0.02203,0.12380,0.00161
99.96323,0.48530,0.95861,0.00658,0.03444,0.00036
100.06618,0.48529,0.98662,0.00058,0.01171,0.00109
100.16912,0.48529,0.99689,0.00086,0.00154,0.00071
100.27206,0.48530,0.93020,0.00603,0.01887,0.04490
100.37500,0.48529,0.08022,0.00112,0.00754,0.91112
100.47794,0.48529,0.99972,0.00004,0.00017,0.00007
100.58088,0.48530,0.99117,0.00037,0.00842,0.00003
100.68382,0.48530,0.99045,0.00450,0.00347,0.00157
100.78677,0.48529,0.98367,0.00750,0.00677,0.00207
100.88971,0.48529,0.88262,0.02460,0.07869,0.01409
100.99265,0.48530,0.05061,0.93516,0.01097,0.00326
101.09559,0.48529,0.05061,0.93516,0.01097,0.00326
101.19853,0.48529,0.75878,0.04991,0.18420,0.00710
101.30147,0.48530,0.87475,0.01020,0.11440,0.00065
101.40441,0.48530,0.94786,0.01094,0.04083,0.00036
101.50735,0.48529,0.99449,0.00023,0.00281,0.00246
101.61029,0.48530,0.99445,0.00134,0.00313,0.00108
101.71323,0.48530,0.97220,0.00452,0.00969,0.01360
101.81618,0.48529,0.05353,0.00021,0.00065,0.94561
101.91912,0.48529,0.99409,0.00022,0.00043,0.00526
102.02206,0.48530,0.99759,0.00025,0.00211,0.00005
102.12500,0.48529,0.98589,0.00117,0.01273,0.00022
102.22794,0.48529,0.99301,0.00439,0.00124,0.00137
102.33088,0.48530,0.98001,0.00569,0.01130,0.00300
102.43382,0.48530,0.54854,0.26318,0.16635,0.02193
102.53677,0.48529,0.05061,0.93516,0.01097,0.00326
102.63971,0.48529,0.05061,0.93516,0.01097,0.00326
102.74265,0.48530,0.40681,0.39841,0.17676,0.01802
102.84559,0.48529,0.91918,0.00924,0.07014,0.00143
102.94853,0.48529,0.98002,0.00247,0.01738,0.00014
103.05147,0.48530,0.99130,0.00267,0.00541,0.00062
103.15441,0.48530,0.98708,0.00292,0.00501,0.00499
103.25735,0.48529,0.94578,0.01690,0.01773,0.01959
103.36029,0.48530,0.05271,0.00055,0.00388,0.94286
103.46323,0.48530,0.99747,0.00003,0.00151,0.00098
103.56618,0.48529,0.99284,0.00053,0.00655,0.00008
103.66912,0.48529,0.99539,0.00043,0.00353,0.00065
103.77206,0.48530,0.99093,0.00385,0.00317,0.00205
103.87500,0.48529,0.94641,0.00908,0.03865,0.00587
103.97794,0.48529,0.47174,0.38567,0.11906,0.02353
104.08088,0.48530,0.05061,0.93516,0.01097,0.00326
104.18382,0.48530,0.05061,0.93516,0.01097,0.00326
104.28677,0.48529,0.48880,0.24561,0.24553,0.02006
104.38971,0.48529,0.79959,0.01876,0.17987,0.00179
104.49265,0.48530,0.94311,0.00823,0.04834,0.00032
104.59559,0.48529,0.99206,0.00292,0.00419,0.00083
104.69853,0.48529,0.99418,0.00288,0.00173,0.00121
104.80147,0.48530,0.98234,0.00413,0.00667,0.00686
104.90441,0.48530,0.04095,0.00020,0.00139,0.95746
105.00735,0.48529,0.99278,0.00007,0.00192,0.00523
105.11029,0.48530,0.99912,0.00018,0.00067,0.00003
105.21323,0.48530,0.98621,0.00075,0.01292,0.00013
105.31618,0.48529,0.98970,0.00684,0.00223,0.00124
105.41912,0.48529,0.98223,0.00441,0.01027,0.00309
105.52206,0.48530,0.69492,0.13032,0.14895,0.02580
105.62500,0.48529,0.05061,0.93516,0.01097,0.00326
105.72794,0.48529,0.05061,0.93516,0.01097,0.00326
105.83088,0.48530,0.05061,0.93516,0.01097,0.00326
105.93382,0.48530,0.05061,0.93516,0.01097,0.00326
106.03677,0.48529,0.67952,0.05257,0.25781,0.01010
106.13971,0.48529,0.79279,0.02584,0.17875,0.00263
106.24265,0.48530,0.94461,0.00623,0.04875,0.00041
106.34559,0.48529,0.98979,0.00151,0.00838,0.00033
106.44853,0.48529,0.99787,0.00043,0.00128,0.00041
106.55147,0.48530,0.98674,0.00319,0.00536,0.00470
106.65441,0.48530,0.71390,0.00549,0.00129,0.27932
106.75735,0.48529,0.09558,0.00138,0.00257,0.90047
106.86029,0.48530,0.99493,0.00061,0.00043,0.00403
106.96323,0.48530,0.99879,0.00075,0.00043,0.00002
107.06618,0.48529,0.98443,0.00038,0.01503,0.00016
107.16912,0.48529,0.98997,0.00696,0.00200,0.00107
107.27206,0.48530,0.96873,0.00786,0.01925,0.00416
107.37500,0.48529,0.69017,0.16638,0.11988,0.02357
107.47794,0.48529,0.05061,0.93516,0.01097,0.00326
107.58088,0.48530,0.05061,0.93516,0.01097,0.00326
107.68382,0.48530,0.05061,0.93516,0.01097,0.00326
107.78677,0.48529,0.05061,0.93516,0.01097,0.00326
107.88971,0.48529,0.65944,0.17669,0.14200,0.02187
107.99265,0.48530,0.84487,0.02541,0.12723,0.00249
108.09559,0.48529,0.98236,0.00155,0.01596,0.00013
108.19853,0.48529,0.96769,0.00243,0.02953,0.00036
108.30147,0.48530,0.98749,0.00178,0.01050,0.00024
108.40441,0.48530,0.99369,0.00035,0.00498,0.00098
108.50735,0.48529,0.99005,0.00219,0.00337,0.00439
108.61029,0.48530,0.86796,0.00310,0.00129,0.12765
108.71323,0.48530,0.09185,0.00159,0.00694,0.89963
108.81618,0.48529,0.07196,0.00836,0.00630,0.91338
108.91912,0.48529,0.07249,0.00832,0.00715,0.91203
109.02206,0.48530,0.04016,0.00533,0.00157,0.95294
109.12500,0.48529,0.97830,0.00235,0.00097,0.01838
109.22794,0.48529,0.99977,0.00003,0.00019,0.00001
109.33088,0.48530,0.98340,0.00011,0.01647,0.00002
109.43382,0.48530,0.99682,0.00227,0.00051,0.00041
109.53677,0.48529,0.99591,0.00086,0.00266,0.00058
109.63971,0.48529,0.94799,0.02743,0.02014,0.00444
109.74265,0.48530,0.62691,0.29108,0.06384,0.01816
109.84559,0.48529,0.05061,0.93516,0.01097,0.00326
109.94853,0.48529,0.05061,0.93516,0.01097,0.00326
110.05147,0.48530,0.57581,0.09573,0.31495,0.01351
110.15441,0.48530,0.87719,0.01263,0.10888,0.00130
110.25735,0.48529,0.96107,0.00377,0.03502,0.00014
110.36029,0.48530,0.95365,0.01038,0.03509,0.00088
110.46323,0.48530,0.98941,0.00035,0.00947,0.00078
110.56618,0.48529,0.99267,0.00112,0.00290,0.00330
110.66912,0.48529,0.81988,0.00202,0.00110,0.17700
110.77206,0.48530,0.13944,0.00194,0.01753,0.84110
110.87500,0.48529,0.09102,0.00779,0.00869,0.89250
110.97794,0.48529,0.08228,0.00858,0.00797,0.90117
111.08088,0.48530,0.08350,0.00916,0.00945,0.89790
111.18382,0.48530,0.05721,0.01520,0.00420,0.92339
111.28677,0.48529,0.68343,0.00658,0.00344,0.30655
111.38971,0.48529,0.99960,0.00020,0.00011,0.00009
111.49265,0.48530,0.99339,0.00066,0.00589,0.00006
111.59559,0.48529,0.99114,0.00176,0.00529,0.00180
111.69853,0.48529,0.98578,0.00309,0.00900,0.00212
111.80147,0.48530,0.87051,0.03010,0.08716,0.01223
111.90441,0.48530,0.39884,0.46967,0.11083,0.02066
112.00735,0.48529,0.05061,0.93516,0.01097,0.00326
112.11029,0.48530,0.05061,0.93516,0.01097,0.00326
112.21323,0.48530,0.27122,0.63333,0.08169,0.01376
112.31618,0.48529,0.74209,0.04441,0.20967,0.00383
112.41912,0.48529,0.94448,0.00286,0.05253,0.00013
112.52206,0.48530,0.96558,0.00518,0.02902,0.00022
112.62500,0.48529,0.97483,0.00310,0.02124,0.00083
112.72794,0.48529,0.99705,0.00011,0.00243,0.00040
112.83088,0.48530,0.98968,0.00101,0.00401,0.00529
112.93382,0.48530,0.73320,0.00137,0.00177,0.26366
113.03677,0.48529,0.13375,0.00249,0.01390,0.84987
113.13971,0.48529,0.08844,0.00886,0.00866,0.89404
113.24265,0.48530,0.08367,0.00850,0.00847,0.89936
113.34559,0.48529,0.08334,0.00862,0.00903,0.89900
113.44853,0.48529,0.08182,0.00835,0.00870,0.90113
113.55147,0.48530,0.08426,0.00802,0.00962,0.89810
113.65441,0.48530,0.06885,0.01316,0.00591,0.91207
113.75735,0.48529,0.28275,0.00684,0.00305,0.70737
113.86029,0.48530,0.99915,0.00027,0.00013,0.00045
113.96323,0.48530,0.99686,0.00126,0.00183,0.00005
114.06618,0.48529,0.98953,0.00161,0.00779,0.00106
114.16912,0.48529,0.99292,0.00261,0.00279,0.00169
114.27206,0.48530,0.92006,0.02499,0.04966,0.00528
114.37500,0.48529,0.67225,0.23302,0.07434,0.02040
114.47794,0.48529,0.05061,0.93516,0.01097,0.00326
114.58088,0.48530,0.05061,0.93516,0.01097,0.00326
114.68382,0.48530,0.05061,0.93516,0.01097,0.00326
114.78677,0.48529,0.05061,0.93516,0.01097,0.00326
114.88971,0.48529,0.75114,0.04963,0.19393,0.00529
114.99265,0.48530,0.88398,0.01287,0.10257,0.00058
115.09559,0.48529,0.98757,0.00202,0.01011,0.00029
115.19853,0.48529,0.99619,0.00021,0.00310,0.00050
115.30147,0.48530,0.99727,0.00050,0.00168,0.00055
115.40441,0.48530,0.93450,0.01200,0.00326,0.05024
115.50735,0.48529,0.33141,0.00084,0.00298,0.66477
115.61029,0.48530,0.09460,0.00791,0.01078,0.88671
115.71323,0.48530,0.08965,0.00786,0.00938,0.89311
115.81618,0.48529,0.08926,0.00949,0.01026,0.89099
115.91912,0.48529,0.09116,0.00974,0.01096,0.88815
116.02206,0.48530,0.08719,0.00958,0.01006,0.89317
116.12500,0.48529,0.06705,0.01446,0.00586,0.91263
116.22794,0.48529,0.36723,0.00786,0.00320,0.62171
116.33088,0.48530,0.99881,0.00039,0.00021,0.00060
116.43382,0.48530,0.99842,0.00098,0.00058,0.00002
116.53677,0.48529,0.99243,0.00111,0.00577,0.00070
116.63971,0.48529,0.99356,0.00346,0.00184,0.00114
116.74265,0.48530,0.93322,0.01312,0.04472,0.00894
116.84559,0.48529,0.48637,0.31985,0.17762,0.01616
116.94853,0.48529,0.05061,0.93516,0.01097,0.00326
117.05147,0.48530,0.05061,0.93516,0.01097,0.00326
117.15441,0.48530,0.05061,0.93516,0.01097,0.00326
117.25735,0.48529,0.05061,0.93516,0.01097,0.00326
117.36029,0.48530,0.67387,0.05985,0.25593,0.01035
117.46323,0.48530,0.86532,0.02002,0.11312,0.00154
117.56618,0.48529,0.98368,0.00231,0.01381,0.00019
117.66912,0.48529,0.99498,0.00023,0.00416,0.00063
117.77206,0.48530,0.99695,0.00067,0.00168,0.00070
117.87500,0.48529,0.96064,0.01312,0.00192,0.02433
117.97794,0.48529,0.36607,0.00110,0.00476,0.62806
118.08088,0.48530,0.10174,0.00924,0.01293,0.87609
118.18382,0.48530,0.09694,0.00936,0.01184,0.88186
118.28677,0.48529,0.10148,0.01023,0.01348,0.87481
118.38971,0.48529,0.09772,0.01119,0.01191,0.87918
118.49265,0.48530,0.09624,0.01046,0.01138,0.88192
118.59559,0.48529,0.08706,0.01081,0.00894,0.89319
118.69853,0.48529,0.16217,0.00575,0.00263,0.82946
118.80147,0.48530,0.99751,0.00061,0.00015,0.00173
118.90441,0.48530,0.99806,0.00145,0.00047,0.00003
119.00735,0.48529,0.99250,0.00084,0.00627,0.00039
119.11029,0.48530,0.98983,0.00520,0.00337,0.00160
119.21323,0.48530,0.96275,0.00703,0.02335,0.00687
119.31618,0.48529,0.45169,0.35719,0.17002,0.02110
119.41912,0.48529,0.05061,0.93516,0.01097,0.00326
119.52206,0.48530,0.05061,0.93516,0.01097,0.00326
119.62500,0.48529,0.05061,0.93516,0.01097,0.00326
119.72794,0.48529,0.05061,0.93516,0.01097,0.00326
119.83088,0.48530,0.05061,0.93516,0.01097,0.00326
119.93382,0.48530,0.05061,0.93516,0.01097,0.00326
120.03677,0.48529,0.84345,0.02497,0.12871,0.00287
120.13971,0.48529,0.96937,0.00680,0.02343,0.00039
120.24265,0.48530,0.99407,0.00059,0.00467,0.00067
120.34559,0.48529,0.98876,0.00692,0.00294,0.00138
120.44853,0.48529,0.94177,0.01562,0.00599,0.03662
120.55147,0.48530,0.38077,0.00147,0.00256,0.61520
120.65441,0.48530,0.06576,0.00599,0.00501,0.92324
120.75735,0.48529,0.06542,0.00664,0.00531,0.92263
120.86029,0.48530,0.06610,0.00744,0.00547,0.92099
120.96323,0.48530,0.03736,0.00392,0.00141,0.95732
121.06618,0.48529,0.97455,0.00219,0.00083,0.02243
121.16912,0.48529,0.99872,0.00099,0.00023,0.00006
121.27206,0.48530,0.98133,0.00035,0.01824,0.00008
121.37500,0.48529,0.97704,0.01925,0.00116,0.00255
121.47794,0.48529,0.96637,0.00698,0.02151,0.00515
121.58088,0.48530,0.38516,0.43209,0.16159,0.02116
121.68382,0.48530,0.05061,0.93516,0.01097,0.00326
121.78677,0.48529,0.05061,0.93516,0.01097,0.00326
121.88971,0.48529,0.05061,0.93516,0.01097,0.00326
121.99265,0.48530,0.05061,0.93516,0.01097,0.00326
122.09559,0.48529,0.05061,0.93516,0.01097,0.00326
122.19853,0.48529,0.05061,0.93516,0.01097,0.00326
122.30147,0.48530,0.05061,0.93516,0.01097,0.00326
122.40441,0.48530,0.05061,0.93516,0.01097,0.00326
122.50735,0.48529,0.05061,0.93516,0.01097,0.00326
