Time (seconds), Duration (seconds),pred_unlabelled,pred_Dry,pred_Wet,pred_Touch
0.00735,0.48529,0.05415,0.00025,0.94517,0.00043
0.11029,0.48529,0.05628,0.00027,0.94301,0.00044
0.21324,0.48529,0.05919,0.00027,0.94006,0.00048
0.31618,0.48529,0.05549,0.00023,0.94384,0.00043
0.41912,0.48529,0.05453,0.00022,0.94481,0.00043
0.52206,0.48529,0.05652,0.00024,0.94277,0.00047
0.62500,0.48529,0.05701,0.00026,0.94227,0.00045
0.72794,0.48529,0.05744,0.00025,0.94190,0.00041
0.83088,0.48529,0.05956,0.00028,0.93970,0.00046
0.93382,0.48529,0.05903,0.00029,0.94015,0.00053
1.03676,0.48529,0.05738,0.00024,0.94193,0.00045
1.13971,0.48529,0.05474,0.00025,0.94455,0.00047
1.24265,0.48529,0.05420,0.00020,0.94521,0.00040
1.34559,0.48529,0.05904,0.00022,0.94029,0.00045
1.44853,0.48529,0.05747,0.00024,0.94187,0.00041
1.55147,0.48529,0.05847,0.00024,0.94087,0.00043
1.65441,0.48529,0.05529,0.00023,0.94406,0.00042
1.75735,0.48529,0.05516,0.00027,0.94409,0.00048
1.86029,0.48529,0.05890,0.00025,0.94039,0.00046
1.96324,0.48529,0.05924,0.00028,0.93996,0.00051
2.06618,0.48529,0.06086,0.00025,0.93839,0.00049
2.16912,0.48529,0.06166,0.00024,0.93761,0.00049
2.27206,0.48529,0.08932,0.00025,0.90986,0.00057
2.37500,0.48529,0.17617,0.00025,0.82291,0.00067
2.47794,0.48529,0.43719,0.00034,0.56130,0.00118
2.58088,0.48529,0.74924,0.00019,0.24875,0.00182
2.68382,0.48529,0.99106,0.00006,0.00833,0.00056
2.78676,0.48529,0.99850,0.00000,0.00038,0.00112
2.88971,0.48529,0.99695,0.00018,0.00267,0.00020
2.99265,0.48529,0.05151,0.00005,0.00057,0.94787
3.09559,0.48529,0.99954,0.00000,0.00004,0.00041
3.19853,0.48529,0.99676,0.00000,0.00302,0.00022
3.30147,0.48529,0.99926,0.00000,0.00070,0.00004
3.40441,0.48529,0.99991,0.00000,0.00007,0.00001
3.50735,0.48529,0.24984,0.00063,0.74858,0.00094
3.61029,0.48529,0.09320,0.00023,0.90598,0.00059
3.71324,0.48529,0.07100,0.00018,0.92831,0.00051
3.81618,0.48529,0.14062,0.00026,0.85837,0.00075
3.91912,0.48529,0.65282,0.00019,0.34541,0.00158
4.02206,0.48529,0.99805,0.00001,0.00084,0.00110
4.12500,0.48529,0.98356,0.00009,0.01493,0.00142
4.22794,0.48529,0.99897,0.00019,0.00064,0.00020
4.33088,0.48529,0.11975,0.00070,0.00126,0.87829
4.43382,0.48529,0.99973,0.00008,0.00004,0.00015
4.53676,0.48529,0.99969,0.00000,0.00029,0.00002
4.63971,0.48529,0.99190,0.00000,0.00592,0.00218
4.74265,0.48529,0.99606,0.00014,0.00363,0.00018
4.84559,0.48529,0.43365,0.00092,0.56433,0.00111
4.94853,0.48529,0.12148,0.00030,0.87728,0.00094
5.05147,0.48529,0.09587,0.00032,0.90293,0.00088
5.15441,0.48529,0.17601,0.00035,0.82238,0.00126
5.25735,0.48529,0.56883,0.00018,0.42930,0.00169
5.36029,0.48529,0.99176,0.00001,0.00278,0.00545
5.46324,0.48529,0.98599,0.00003,0.01369,0.00029
5.56618,0.48529,0.98850,0.00017,0.00995,0.00138
5.66912,0.48529,0.54910,0.00481,0.00272,0.44337
5.77206,0.48529,0.76491,0.00025,0.00002,0.23482
5.87500,0.48529,0.99976,0.00000,0.00020,0.00004
5.97794,0.48529,0.99569,0.00002,0.00298,0.00131
6.08088,0.48529,0.99872,0.00000,0.00125,0.00003
6.18382,0.48529,0.94721,0.00081,0.05090,0.00108
6.28676,0.48529,0.12107,0.00037,0.87744,0.00111
6.38971,0.48529,0.10171,0.00035,0.89682,0.00113
6.49265,0.48529,0.19940,0.00041,0.79885,0.00134
6.59559,0.48529,0.30631,0.00028,0.69184,0.00157
6.69853,0.48529,0.99057,0.00005,0.00771,0.00168
6.80147,0.48529,0.99731,0.00001,0.00184,0.00085
6.90441,0.48529,0.99269,0.00013,0.00638,0.00080
7.00735,0.48529,0.85072,0.00089,0.00790,0.14049
7.11029,0.48529,0.10116,0.00002,0.00001,0.89881
7.21324,0.48529,0.99844,0.00002,0.00002,0.00152
7.31618,0.48529,0.98786,0.00000,0.01101,0.00113
7.41912,0.48529,0.97002,0.00000,0.02891,0.00106
7.52206,0.48529,0.98954,0.00038,0.00614,0.00394
7.62500,0.48529,0.32119,0.00086,0.67667,0.00127
7.72794,0.48529,0.09507,0.00028,0.90386,0.00079
7.83088,0.48529,0.07495,0.00019,0.92429,0.00056
7.93382,0.48529,0.07920,0.00021,0.92001,0.00057
8.03677,0.48529,0.15356,0.00025,0.84545,0.00074
8.13971,0.48529,0.75011,0.00012,0.24850,0.00127
8.24265,0.48529,0.99960,0.00000,0.00010,0.00030
8.34559,0.48529,0.83415,0.00190,0.15569,0.00825
8.44853,0.48529,0.98177,0.00055,0.00950,0.00819
8.55147,0.48529,0.46903,0.00035,0.00008,0.53054
8.65441,0.48529,0.06621,0.00023,0.00000,0.93356
8.75735,0.48529,0.99956,0.00001,0.00001,0.00042
8.86029,0.48529,0.99577,0.00000,0.00344,0.00079
8.96323,0.48529,0.97986,0.00000,0.01944,0.00070
9.06618,0.48529,0.99754,0.00016,0.00112,0.00117
9.16912,0.48529,0.23130,0.00057,0.76701,0.00113
9.27206,0.48529,0.08742,0.00018,0.91181,0.00058
9.37500,0.48529,0.10492,0.00025,0.89410,0.00073
9.47794,0.48529,0.25232,0.00025,0.74636,0.00107
9.58088,0.48529,0.99729,0.00002,0.00170,0.00100
9.68382,0.48529,0.99668,0.00001,0.00226,0.00104
9.78677,0.48529,0.99659,0.00006,0.00262,0.00073
9.88971,0.48529,0.78133,0.00095,0.01643,0.20129
9.99265,0.48529,0.22046,0.00001,0.00001,0.77953
10.09559,0.48529,0.99972,0.00000,0.00014,0.00014
10.19853,0.48529,0.99668,0.00000,0.00274,0.00058
10.30147,0.48529,0.97280,0.00000,0.02658,0.00061
10.40441,0.48529,0.99999,0.00000,0.00000,0.00001
10.50735,0.48529,0.27002,0.00060,0.72848,0.00089
10.61029,0.48529,0.09914,0.00021,0.90005,0.00060
10.71323,0.48529,0.08498,0.00023,0.91409,0.00070
10.81618,0.48529,0.10195,0.00039,0.89662,0.00104
10.91912,0.48529,0.16894,0.00039,0.82936,0.00131
11.02206,0.48529,0.42720,0.00025,0.57079,0.00176
11.12500,0.48529,0.99334,0.00007,0.00625,0.00034
11.22794,0.48529,0.99801,0.00000,0.00043,0.00156
11.33088,0.48529,0.99915,0.00031,0.00045,0.00009
11.43382,0.48529,0.21943,0.00056,0.00342,0.77659
11.53677,0.48529,0.73809,0.00008,0.00000,0.26183
11.63971,0.48529,0.99976,0.00000,0.00009,0.00015
11.74265,0.48529,0.99831,0.00000,0.00059,0.00109
11.84559,0.48529,0.99950,0.00000,0.00047,0.00003
11.94853,0.48529,0.97621,0.00023,0.02294,0.00061
12.05147,0.48529,0.17532,0.00053,0.82261,0.00154
12.15441,0.48529,0.10230,0.00031,0.89629,0.00110
12.25735,0.48529,0.11382,0.00038,0.88454,0.00125
12.36029,0.48529,0.12151,0.00041,0.87680,0.00128
12.46323,0.48529,0.22311,0.00031,0.77520,0.00138
12.56618,0.48529,0.82096,0.00008,0.17776,0.00120
12.66912,0.48529,0.99692,0.00001,0.00198,0.00110
12.77206,0.48529,0.93595,0.00105,0.06156,0.00145
12.87500,0.48529,0.87661,0.00038,0.02534,0.09767
12.97794,0.48529,0.37618,0.00000,0.00002,0.62380
13.08088,0.48529,0.99961,0.00000,0.00012,0.00027
13.18382,0.48529,0.99711,0.00000,0.00233,0.00056
13.28677,0.48529,0.99864,0.00001,0.00129,0.00006
13.38971,0.48529,0.65518,0.00189,0.34124,0.00169
13.49265,0.48529,0.16108,0.00051,0.83701,0.00140
13.59559,0.48529,0.09472,0.00023,0.90426,0.00078
13.69853,0.48529,0.09349,0.00027,0.90543,0.00081
13.80147,0.48529,0.08716,0.00021,0.91194,0.00069
13.90441,0.48529,0.10085,0.00026,0.89807,0.00082
14.00735,0.48529,0.12868,0.00034,0.86994,0.00105
14.11029,0.48529,0.26902,0.00032,0.72920,0.00146
14.21323,0.48529,0.99995,0.00000,0.00000,0.00004
14.31618,0.48529,0.99630,0.00002,0.00337,0.00030
14.41912,0.48529,0.99858,0.00003,0.00108,0.00032
14.52206,0.48529,0.06938,0.00010,0.00004,0.93047
14.62500,0.48529,0.99536,0.00000,0.00003,0.00461
14.72794,0.48529,0.99923,0.00000,0.00056,0.00020
14.83088,0.48529,0.99975,0.00000,0.00023,0.00002
14.93382,0.48529,0.99971,0.00001,0.00026,0.00003
15.03677,0.48529,0.17496,0.00049,0.82343,0.00112
15.13971,0.48529,0.10752,0.00033,0.89117,0.00098
15.24265,0.48529,0.08633,0.00025,0.91260,0.00082
15.34559,0.48529,0.07545,0.00023,0.92363,0.00069
15.44853,0.48529,0.08039,0.00025,0.91860,0.00076
15.55147,0.48529,0.08356,0.00026,0.91544,0.00074
15.65441,0.48529,0.07669,0.00023,0.92247,0.00062
15.75735,0.48529,0.07455,0.00018,0.92475,0.00052
15.86029,0.48529,0.07912,0.00022,0.92004,0.00062
15.96323,0.48530,0.08487,0.00024,0.91420,0.00069
16.06618,0.48529,0.08742,0.00027,0.91153,0.00078
16.16912,0.48529,0.09952,0.00034,0.89921,0.00093
16.27206,0.48529,0.12930,0.00045,0.86889,0.00136
16.37500,0.48529,0.20223,0.00036,0.79609,0.00132
16.47794,0.48529,0.32113,0.00032,0.67684,0.00170
16.58088,0.48529,0.54488,0.00032,0.45213,0.00267
16.68382,0.48529,0.86927,0.00009,0.12914,0.00150
16.78676,0.48529,0.99901,0.00000,0.00054,0.00045
16.88971,0.48529,0.99959,0.00002,0.00019,0.00021
16.99265,0.48529,0.99901,0.00021,0.00044,0.00033
17.09559,0.48529,0.52746,0.02904,0.00094,0.44256
17.19853,0.48529,0.07059,0.00155,0.00002,0.92784
17.30147,0.48529,0.99946,0.00002,0.00003,0.00048
17.40441,0.48529,0.99736,0.00000,0.00226,0.00038
17.50735,0.48529,0.97758,0.00001,0.02038,0.00203
17.61029,0.48529,0.99431,0.00013,0.00460,0.00096
17.71324,0.48529,0.52395,0.00143,0.47311,0.00150
17.81618,0.48529,0.18490,0.00050,0.81360,0.00100
17.91912,0.48529,0.08517,0.00023,0.91397,0.00063
18.02206,0.48529,0.07632,0.00021,0.92284,0.00062
18.12500,0.48529,0.07189,0.00018,0.92741,0.00053
18.22794,0.48529,0.07898,0.00028,0.92000,0.00074
18.33088,0.48529,0.09652,0.00043,0.90195,0.00110
18.43382,0.48529,0.10115,0.00032,0.89759,0.00094
18.53676,0.48529,0.12942,0.00036,0.86909,0.00112
18.63971,0.48529,0.26547,0.00031,0.73279,0.00144
18.74265,0.48529,0.51410,0.00020,0.48397,0.00172
18.84559,0.48529,0.98497,0.00001,0.01461,0.00041
18.94853,0.48529,0.99218,0.00005,0.00172,0.00606
19.05147,0.48529,0.97603,0.00276,0.01271,0.00849
19.15441,0.48529,0.98620,0.00052,0.00771,0.00557
19.25735,0.48529,0.23491,0.00062,0.00016,0.76431
19.36029,0.48529,0.99793,0.00010,0.00003,0.00194
19.46324,0.48529,0.99460,0.00000,0.00468,0.00072
19.56618,0.48529,0.98722,0.00001,0.01162,0.00115
19.66912,0.48529,0.98909,0.00061,0.00697,0.00334
19.77206,0.48529,0.46676,0.00136,0.53029,0.00159
19.87500,0.48529,0.21881,0.00061,0.77945,0.00114
19.97794,0.48529,0.10021,0.00027,0.89883,0.00070
20.08088,0.48529,0.07587,0.00020,0.92338,0.00055
20.18382,0.48529,0.07078,0.00018,0.92853,0.00052
20.28676,0.48529,0.07393,0.00023,0.92525,0.00059
20.38971,0.48529,0.07915,0.00030,0.91979,0.00077
20.49265,0.48529,0.08729,0.00034,0.91146,0.00090
20.59559,0.48529,0.08352,0.00027,0.91543,0.00078
20.69853,0.48529,0.11488,0.00030,0.88388,0.00093
20.80147,0.48529,0.17430,0.00031,0.82437,0.00102
20.90441,0.48529,0.22342,0.00029,0.77510,0.00119
21.00735,0.48529,0.50550,0.00027,0.49209,0.00214
21.11029,0.48529,0.90870,0.00005,0.09025,0.00101
21.21324,0.48529,0.99759,0.00020,0.00086,0.00135
21.31618,0.48529,0.99310,0.00004,0.00569,0.00117
21.41912,0.48529,0.99797,0.00035,0.00123,0.00045
21.52206,0.48529,0.49819,0.00396,0.00076,0.49709
21.62500,0.48529,0.30658,0.00039,0.00000,0.69303
21.72794,0.48529,0.99926,0.00001,0.00002,0.00071
21.83088,0.48529,0.99526,0.00000,0.00317,0.00157
21.93382,0.48529,0.97745,0.00000,0.02123,0.00132
22.03676,0.48529,0.99134,0.00060,0.00321,0.00486
22.13971,0.48529,0.57124,0.00138,0.42580,0.00158
22.24265,0.48529,0.22109,0.00065,0.77658,0.00167
22.34559,0.48529,0.13908,0.00034,0.85953,0.00105
22.44853,0.48529,0.11307,0.00030,0.88566,0.00098
22.55147,0.48529,0.10391,0.00031,0.89469,0.00109
22.65441,0.48529,0.09711,0.00033,0.90156,0.00099
22.75735,0.48529,0.09771,0.00032,0.90095,0.00101
22.86029,0.48529,0.11012,0.00033,0.88854,0.00102
22.96324,0.48529,0.14834,0.00032,0.85025,0.00110
23.06618,0.48529,0.31717,0.00030,0.68089,0.00164
23.16912,0.48529,0.71186,0.00013,0.28640,0.00162
23.27206,0.48529,0.99988,0.00000,0.00003,0.00009
23.37500,0.48529,0.99180,0.00004,0.00734,0.00083
23.47794,0.48529,0.99955,0.00008,0.00033,0.00004
23.58088,0.48529,0.05930,0.00004,0.00004,0.94061
23.68382,0.48529,0.99994,0.00000,0.00000,0.00006
23.78676,0.48529,0.99852,0.00000,0.00089,0.00059
23.88971,0.48529,0.99213,0.00000,0.00648,0.00138
23.99265,0.48529,0.99807,0.00023,0.00052,0.00118
24.09559,0.48529,0.37869,0.00085,0.61920,0.00126
24.19853,0.48529,0.15506,0.00036,0.84366,0.00093
24.30147,0.48529,0.09684,0.00025,0.90210,0.00080
24.40441,0.48529,0.08724,0.00023,0.91178,0.00075
24.50735,0.48529,0.08301,0.00023,0.91603,0.00073
24.61029,0.48529,0.09410,0.00029,0.90469,0.00092
24.71324,0.48529,0.08931,0.00030,0.90957,0.00083
24.81618,0.48529,0.09977,0.00036,0.89880,0.00107
24.91912,0.48529,0.11647,0.00032,0.88223,0.00098
25.02206,0.48529,0.17714,0.00029,0.82152,0.00105
25.12500,0.48529,0.37815,0.00027,0.61985,0.00173
25.22794,0.48529,0.89492,0.00006,0.10387,0.00115
25.33088,0.48529,0.99783,0.00001,0.00129,0.00087
25.43382,0.48529,0.93537,0.00157,0.06117,0.00189
25.53676,0.48529,0.83547,0.00109,0.04866,0.11478
25.63971,0.48529,0.65593,0.00000,0.00006,0.34401
25.74265,0.48529,0.99885,0.00000,0.00070,0.00044
25.84559,0.48529,0.99545,0.00001,0.00255,0.00200
25.94853,0.48529,0.99515,0.00002,0.00457,0.00026
26.05147,0.48529,0.55887,0.00141,0.43810,0.00163
26.15441,0.48529,0.17588,0.00045,0.82252,0.00115
26.25735,0.48529,0.09198,0.00021,0.90714,0.00066
26.36029,0.48529,0.08314,0.00021,0.91601,0.00064
26.46324,0.48529,0.08282,0.00019,0.91640,0.00059
26.56618,0.48529,0.08391,0.00024,0.91511,0.00074
26.66912,0.48529,0.09629,0.00039,0.90222,0.00110
26.77206,0.48529,0.09376,0.00031,0.90495,0.00098
26.87500,0.48529,0.10085,0.00032,0.89785,0.00098
26.97794,0.48529,0.14258,0.00040,0.85580,0.00122
27.08088,0.48529,0.21916,0.00033,0.77923,0.00128
27.18382,0.48529,0.60631,0.00017,0.39167,0.00184
27.28676,0.48529,0.99592,0.00002,0.00159,0.00246
27.38971,0.48529,0.93898,0.00087,0.05664,0.00352
27.49265,0.48529,0.99866,0.00050,0.00058,0.00026
27.59559,0.48529,0.06875,0.00023,0.00022,0.93080
27.69853,0.48529,0.99996,0.00000,0.00001,0.00004
27.80147,0.48529,0.99094,0.00001,0.00584,0.00321
27.90441,0.48529,0.98759,0.00000,0.01164,0.00077
28.00735,0.48529,0.99904,0.00011,0.00031,0.00054
28.11029,0.48529,0.35154,0.00078,0.64638,0.00131
28.21324,0.48529,0.11925,0.00036,0.87933,0.00106
28.31618,0.48529,0.08098,0.00017,0.91836,0.00050
28.41912,0.48529,0.07694,0.00018,0.92233,0.00055
28.52206,0.48529,0.09258,0.00028,0.90631,0.00084
28.62500,0.48529,0.09288,0.00030,0.90596,0.00086
28.72794,0.48529,0.10376,0.00042,0.89472,0.00110
28.83088,0.48529,0.15054,0.00034,0.84793,0.00119
28.93382,0.48529,0.21125,0.00037,0.78693,0.00145
29.03676,0.48529,0.45446,0.00033,0.54291,0.00230
29.13971,0.48529,0.99822,0.00001,0.00104,0.00073
29.24265,0.48529,0.99580,0.00000,0.00365,0.00055
29.34559,0.48529,0.99703,0.00008,0.00184,0.00106
29.44853,0.48529,0.83522,0.00092,0.00558,0.15828
29.55147,0.48529,0.14115,0.00018,0.00006,0.85860
29.65441,0.48529,0.99654,0.00021,0.00000,0.00325
29.75735,0.48529,0.99788,0.00000,0.00204,0.00008
29.86029,0.48529,0.99995,0.00000,0.00004,0.00001
29.96324,0.48529,0.99787,0.00000,0.00207,0.00006
30.06618,0.48529,0.70340,0.00007,0.29336,0.00316
30.16912,0.48529,0.12858,0.00039,0.86997,0.00106
30.27206,0.48529,0.07669,0.00021,0.92249,0.00061
30.37500,0.48529,0.07222,0.00020,0.92702,0.00056
30.47794,0.48529,0.06901,0.00019,0.93030,0.00051
30.58088,0.48529,0.07128,0.00019,0.92803,0.00050
30.68382,0.48529,0.08335,0.00025,0.91572,0.00068
30.78676,0.48529,0.08340,0.00027,0.91556,0.00076
30.88971,0.48529,0.11908,0.00043,0.87938,0.00111
30.99265,0.48529,0.14293,0.00033,0.85560,0.00114
31.09559,0.48529,0.38029,0.00030,0.61773,0.00169
31.19853,0.48529,0.99851,0.00000,0.00132,0.00017
31.30147,0.48529,0.99981,0.00000,0.00008,0.00011
31.40441,0.48529,0.99931,0.00002,0.00063,0.00003
31.50735,0.48529,0.28552,0.00004,0.00242,0.71202
31.61029,0.48529,0.60552,0.00003,0.00001,0.39444
31.71324,0.48529,0.99923,0.00000,0.00057,0.00020
31.81618,0.48529,0.99672,0.00002,0.00179,0.00148
31.91912,0.48529,0.99901,0.00000,0.00094,0.00005
32.02206,0.48529,0.95789,0.00044,0.04114,0.00053
32.12500,0.48529,0.21042,0.00069,0.78740,0.00149
32.22794,0.48529,0.09048,0.00030,0.90826,0.00096
32.33088,0.48529,0.07648,0.00019,0.92272,0.00061
32.43382,0.48529,0.07437,0.00019,0.92488,0.00056
32.53677,0.48529,0.07744,0.00022,0.92173,0.00061
32.63971,0.48529,0.07907,0.00023,0.92006,0.00064
32.74265,0.48529,0.08258,0.00025,0.91649,0.00068
32.84559,0.48529,0.09148,0.00030,0.90741,0.00081
32.94853,0.48529,0.10421,0.00043,0.89425,0.00111
33.05147,0.48529,0.15832,0.00036,0.84015,0.00117
33.15441,0.48529,0.31612,0.00026,0.68220,0.00142
33.25735,0.48529,0.99933,0.00000,0.00048,0.00019
33.36029,0.48529,0.99928,0.00000,0.00016,0.00056
33.46323,0.48529,0.99951,0.00005,0.00038,0.00006
33.56618,0.48529,0.21628,0.00009,0.00179,0.78183
33.66912,0.48529,0.93442,0.00002,0.00001,0.06555
33.77206,0.48529,0.99884,0.00000,0.00044,0.00071
33.87500,0.48529,0.99473,0.00000,0.00370,0.00156
33.97794,0.48529,0.99781,0.00001,0.00207,0.00012
34.08088,0.48529,0.84089,0.00218,0.15551,0.00142
34.18382,0.48529,0.29823,0.00104,0.69812,0.00262
34.28677,0.48529,0.16700,0.00054,0.83071,0.00175
34.38971,0.48529,0.13672,0.00045,0.86115,0.00168
34.49265,0.48529,0.11397,0.00031,0.88471,0.00101
34.59559,0.48529,0.11005,0.00024,0.88886,0.00085
34.69853,0.48529,0.11925,0.00029,0.87941,0.00106
34.80147,0.48529,0.15179,0.00041,0.84640,0.00140
34.90441,0.48529,0.18611,0.00041,0.81167,0.00181
35.00735,0.48529,0.32580,0.00041,0.67137,0.00243
35.11029,0.48529,0.92942,0.00004,0.06956,0.00098
35.21323,0.48529,0.99758,0.00000,0.00189,0.00053
35.31618,0.48529,0.63073,0.00028,0.36827,0.00072
35.41912,0.48529,0.98940,0.00002,0.00081,0.00977
35.52206,0.48529,0.10994,0.00004,0.00008,0.88995
35.62500,0.48529,0.99904,0.00016,0.00013,0.00067
35.72794,0.48529,0.99943,0.00000,0.00052,0.00005
35.83088,0.48529,0.98144,0.00001,0.01520,0.00336
35.93382,0.48529,0.98966,0.00014,0.00978,0.00041
36.03677,0.48529,0.62584,0.00143,0.37160,0.00113
36.13971,0.48529,0.21232,0.00063,0.78555,0.00150
36.24265,0.48529,0.11005,0.00037,0.88841,0.00118
36.34559,0.48529,0.09090,0.00033,0.90771,0.00106
36.44853,0.48529,0.09254,0.00029,0.90632,0.00085
36.55147,0.48529,0.09706,0.00025,0.90192,0.00077
36.65441,0.48529,0.12133,0.00031,0.87742,0.00093
36.75735,0.48529,0.19262,0.00027,0.80604,0.00107
36.86029,0.48529,0.31246,0.00031,0.68543,0.00181
36.96323,0.48529,0.69985,0.00020,0.29769,0.00225
37.06618,0.48529,0.98625,0.00002,0.00412,0.00960
37.16912,0.48529,0.99537,0.00008,0.00422,0.00033
37.27206,0.48529,0.97664,0.00052,0.01440,0.00844
37.37500,0.48529,0.53874,0.01035,0.00181,0.44911
37.47794,0.48529,0.92785,0.00097,0.00000,0.07118
37.58088,0.48529,0.99949,0.00000,0.00019,0.00032
37.68382,0.48529,0.99956,0.00000,0.00037,0.00007
37.78677,0.48529,0.99757,0.00001,0.00233,0.00008
37.88971,0.48529,0.89227,0.00073,0.10591,0.00109
37.99265,0.48529,0.28192,0.00071,0.71587,0.00150
38.09559,0.48529,0.14580,0.00043,0.85253,0.00124
38.19853,0.48529,0.10546,0.00028,0.89335,0.00092
38.30147,0.48529,0.09150,0.00031,0.90721,0.00098
38.40441,0.48529,0.09352,0.00029,0.90523,0.00096
38.50735,0.48529,0.09005,0.00028,0.90877,0.00090
38.61029,0.48529,0.10402,0.00033,0.89475,0.00089
38.71323,0.48529,0.13899,0.00026,0.85988,0.00087
38.81618,0.48529,0.28447,0.00032,0.71368,0.00153
38.91912,0.48529,0.62069,0.00020,0.37704,0.00207
39.02206,0.48529,0.99679,0.00009,0.00223,0.00090
39.12500,0.48529,0.99923,0.00000,0.00036,0.00040
39.22794,0.48529,0.99837,0.00019,0.00124,0.00019
39.33088,0.48529,0.34132,0.00265,0.00089,0.65514
39.43382,0.48529,0.99522,0.00002,0.00000,0.00476
39.53677,0.48529,0.99926,0.00000,0.00033,0.00041
39.63971,0.48529,0.99809,0.00001,0.00135,0.00055
39.74265,0.48529,0.99648,0.00001,0.00329,0.00022
39.84559,0.48529,0.82179,0.00286,0.17402,0.00133
39.94853,0.48529,0.28114,0.00070,0.71683,0.00133
40.05147,0.48529,0.15955,0.00039,0.83897,0.00109
40.15441,0.48529,0.09249,0.00022,0.90649,0.00080
40.25735,0.48529,0.09607,0.00026,0.90282,0.00085
40.36029,0.48529,0.09391,0.00035,0.90474,0.00101
40.46323,0.48529,0.09352,0.00036,0.90505,0.00107
40.56618,0.48529,0.09565,0.00033,0.90303,0.00100
40.66912,0.48529,0.10515,0.00029,0.89369,0.00087
40.77206,0.48529,0.13221,0.00028,0.86665,0.00085
40.87500,0.48529,0.22367,0.00031,0.77475,0.00127
40.97794,0.48529,0.50309,0.00024,0.49465,0.00202
41.08088,0.48529,0.99757,0.00000,0.00211,0.00032
41.18382,0.48529,0.99906,0.00000,0.00009,0.00085
41.28677,0.48529,0.99953,0.00014,0.00026,0.00007
41.38971,0.48529,0.07505,0.00014,0.00150,0.92332
41.49265,0.48529,0.99499,0.00000,0.00000,0.00500
41.59559,0.48529,0.99908,0.00000,0.00056,0.00036
41.69853,0.48529,0.99858,0.00001,0.00077,0.00065
41.80147,0.48529,0.99517,0.00002,0.00447,0.00034
41.90441,0.48529,0.76110,0.00276,0.23463,0.00151
42.00735,0.48529,0.21722,0.00062,0.78085,0.00131
42.11029,0.48529,0.11097,0.00028,0.88795,0.00081
42.21323,0.48529,0.08758,0.00020,0.91156,0.00066
42.31618,0.48529,0.09315,0.00028,0.90565,0.00091
42.41912,0.48529,0.09694,0.00030,0.90179,0.00097
42.52206,0.48529,0.09658,0.00036,0.90198,0.00108
42.62500,0.48529,0.11242,0.00040,0.88604,0.00114
42.72794,0.48529,0.14427,0.00036,0.85417,0.00119
42.83088,0.48529,0.18815,0.00042,0.81011,0.00133
42.93382,0.48529,0.31225,0.00033,0.68568,0.00173
43.03677,0.48529,0.71980,0.00018,0.27788,0.00215
43.13971,0.48529,0.97594,0.00007,0.00614,0.01784
43.24265,0.48529,0.99202,0.00016,0.00701,0.00081
43.34559,0.48529,0.94900,0.00062,0.03337,0.01701
43.44853,0.48529,0.07436,0.00024,0.00002,0.92538
43.55147,0.48529,0.99971,0.00000,0.00000,0.00029
43.65441,0.48529,0.99715,0.00001,0.00080,0.00204
43.75735,0.48529,0.99940,0.00000,0.00048,0.00012
43.86029,0.48529,0.99567,0.00018,0.00381,0.00033
43.96323,0.48529,0.55005,0.00147,0.44695,0.00153
44.06618,0.48529,0.21748,0.00056,0.78091,0.00105
44.16912,0.48529,0.12315,0.00032,0.87565,0.00088
44.27206,0.48529,0.09331,0.00024,0.90578,0.00067
44.37500,0.48529,0.07716,0.00019,0.92202,0.00063
44.47794,0.48529,0.08885,0.00035,0.90981,0.00099
44.58088,0.48529,0.08659,0.00031,0.91220,0.00090
44.68382,0.48529,0.09350,0.00027,0.90543,0.00080
44.78677,0.48529,0.16921,0.00038,0.82919,0.00123
44.88971,0.48529,0.39250,0.00026,0.60573,0.00151
44.99265,0.48529,0.98131,0.00001,0.01822,0.00045
45.09559,0.48529,0.99772,0.00002,0.00079,0.00147
45.19853,0.48529,0.98020,0.00048,0.01835,0.00096
45.30147,0.48529,0.91929,0.00039,0.00436,0.07597
45.40441,0.48529,0.05903,0.00011,0.00004,0.94082
45.50735,0.48529,0.99871,0.00029,0.00005,0.00095
45.61029,0.48529,0.99989,0.00000,0.00008,0.00003
45.71323,0.48529,0.99611,0.00000,0.00213,0.00176
45.81618,0.48529,0.99653,0.00004,0.00329,0.00015
45.91912,0.48529,0.54580,0.00146,0.45082,0.00193
46.02206,0.48529,0.19122,0.00053,0.80657,0.00168
46.12500,0.48529,0.13597,0.00038,0.86232,0.00133
46.22794,0.48529,0.11341,0.00030,0.88528,0.00101
46.33088,0.48529,0.11006,0.00025,0.88883,0.00086
46.43382,0.48529,0.10325,0.00025,0.89560,0.00090
46.53677,0.48529,0.12151,0.00039,0.87687,0.00124
46.63971,0.48529,0.14649,0.00048,0.85140,0.00163
46.74265,0.48529,0.19288,0.00039,0.80503,0.00170
46.84559,0.48529,0.40058,0.00033,0.59665,0.00244
46.94853,0.48529,0.91780,0.00005,0.08110,0.00106
47.05147,0.48529,0.99767,0.00000,0.00180,0.00053
47.15441,0.48529,0.69481,0.00039,0.30365,0.00115
47.25735,0.48529,0.97722,0.00004,0.00110,0.02164
47.36029,0.48529,0.09698,0.00002,0.00001,0.90299
47.46323,0.48529,0.99992,0.00000,0.00000,0.00007
47.56618,0.48529,0.99710,0.00000,0.00124,0.00167
47.66912,0.48529,0.99066,0.00000,0.00740,0.00193
47.77206,0.48529,0.99976,0.00002,0.00005,0.00017
47.87500,0.48529,0.64439,0.00199,0.35188,0.00173
47.97794,0.48529,0.25079,0.00081,0.74650,0.00190
48.08088,0.48529,0.12140,0.00036,0.87722,0.00103
48.18382,0.48529,0.09917,0.00027,0.89970,0.00086
48.28677,0.48529,0.08803,0.00020,0.91119,0.00059
48.38971,0.48529,0.10843,0.00028,0.89041,0.00088
48.49265,0.48529,0.16040,0.00034,0.83805,0.00121
48.59559,0.48529,0.23989,0.00034,0.75814,0.00162
48.69853,0.48529,0.44064,0.00029,0.55684,0.00223
48.80147,0.48529,0.84780,0.00011,0.15039,0.00171
48.90441,0.48529,0.99828,0.00005,0.00013,0.00154
49.00735,0.48529,0.98113,0.00092,0.01448,0.00347
49.11029,0.48529,0.98849,0.00117,0.00437,0.00597
49.21323,0.48529,0.21287,0.00077,0.00046,0.78589
49.31618,0.48529,0.99745,0.00004,0.00000,0.00251
49.41912,0.48529,0.99892,0.00000,0.00069,0.00039
49.52206,0.48529,0.99711,0.00001,0.00146,0.00142
49.62500,0.48529,0.99346,0.00002,0.00608,0.00044
49.72794,0.48529,0.78020,0.00214,0.21647,0.00119
49.83088,0.48529,0.35868,0.00103,0.63825,0.00205
49.93382,0.48529,0.17140,0.00061,0.82618,0.00181
50.03677,0.48529,0.12743,0.00052,0.87043,0.00162
50.13971,0.48529,0.11272,0.00035,0.88574,0.00120
50.24265,0.48529,0.10768,0.00035,0.89088,0.00109
50.34559,0.48529,0.11586,0.00030,0.88286,0.00099
50.44853,0.48529,0.12684,0.00030,0.87193,0.00094
50.55147,0.48529,0.22928,0.00040,0.76875,0.00158
50.65441,0.48529,0.35446,0.00032,0.64306,0.00216
50.75735,0.48529,0.99953,0.00000,0.00005,0.00042
50.86029,0.48529,0.99925,0.00000,0.00066,0.00008
50.96323,0.48529,0.99809,0.00002,0.00106,0.00083
51.06618,0.48529,0.80464,0.00037,0.01103,0.18395
51.16912,0.48529,0.22155,0.00000,0.00000,0.77845
51.27206,0.48529,0.99963,0.00000,0.00004,0.00033
51.37500,0.48529,0.99662,0.00000,0.00305,0.00033
51.47794,0.48529,0.99929,0.00000,0.00066,0.00005
51.58088,0.48529,0.99962,0.00001,0.00030,0.00007
51.68382,0.48529,0.25929,0.00068,0.73880,0.00123
51.78677,0.48529,0.10899,0.00023,0.89006,0.00072
51.88971,0.48529,0.08553,0.00023,0.91346,0.00078
51.99265,0.48529,0.10097,0.00039,0.89747,0.00118
52.09559,0.48529,0.09247,0.00030,0.90627,0.00096
52.19853,0.48529,0.10893,0.00040,0.88944,0.00122
52.30147,0.48529,0.10549,0.00031,0.89325,0.00095
52.40441,0.48529,0.10987,0.00030,0.88896,0.00087
52.50735,0.48529,0.16611,0.00032,0.83245,0.00111
52.61029,0.48529,0.32893,0.00028,0.66910,0.00170
52.71323,0.48529,0.96489,0.00002,0.03444,0.00065
52.81618,0.48529,0.99910,0.00000,0.00077,0.00014
52.91912,0.48529,0.99895,0.00003,0.00078,0.00023
53.02206,0.48529,0.78541,0.00014,0.00269,0.21176
53.12500,0.48529,0.18654,0.00000,0.00000,0.81346
53.22794,0.48529,0.99985,0.00000,0.00008,0.00008
53.33088,0.48529,0.99724,0.00000,0.00250,0.00025
53.43382,0.48529,0.96075,0.00000,0.03867,0.00057
53.53677,0.48529,1.00000,0.00000,0.00000,0.00000
53.63971,0.48529,0.33739,0.00075,0.66063,0.00124
53.74265,0.48529,0.15859,0.00044,0.84000,0.00098
53.84559,0.48529,0.09214,0.00025,0.90685,0.00076
53.94853,0.48529,0.07490,0.00020,0.92430,0.00061
54.05147,0.48529,0.07761,0.00024,0.92147,0.00068
54.15441,0.48529,0.08935,0.00032,0.90945,0.00088
54.25735,0.48529,0.11395,0.00040,0.88455,0.00110
54.36029,0.48529,0.16408,0.00036,0.83441,0.00115
54.46323,0.48529,0.22453,0.00034,0.77386,0.00127
54.56618,0.48529,0.44885,0.00030,0.54877,0.00208
54.66912,0.48529,0.99976,0.00000,0.00013,0.00011
54.77206,0.48529,0.99696,0.00007,0.00129,0.00167
54.87500,0.48529,0.99817,0.00018,0.00142,0.00023
54.97794,0.48529,0.15942,0.00245,0.01354,0.82459
55.08088,0.48529,0.88496,0.00002,0.00002,0.11500
55.18382,0.48529,0.99932,0.00000,0.00043,0.00025
55.28677,0.48529,0.99833,0.00000,0.00081,0.00086
55.38971,0.48529,0.99460,0.00003,0.00499,0.00038
55.49265,0.48529,0.77205,0.00246,0.22400,0.00149
55.59559,0.48529,0.23651,0.00078,0.76104,0.00167
55.69853,0.48529,0.12290,0.00033,0.87589,0.00088
55.80147,0.48529,0.08839,0.00023,0.91070,0.00068
55.90441,0.48529,0.08012,0.00021,0.91902,0.00064
56.00735,0.48529,0.08898,0.00025,0.91002,0.00075
56.11029,0.48529,0.08810,0.00031,0.91069,0.00089
56.21323,0.48529,0.09831,0.00037,0.90026,0.00106
56.31618,0.48529,0.11150,0.00037,0.88700,0.00112
56.41912,0.48529,0.13659,0.00037,0.86189,0.00116
56.52206,0.48529,0.20829,0.00037,0.78998,0.00136
56.62500,0.48529,0.45249,0.00027,0.54544,0.00180
56.72794,0.48529,0.99989,0.00000,0.00003,0.00009
56.83088,0.48529,0.99216,0.00003,0.00727,0.00054
56.93382,0.48529,0.99984,0.00004,0.00010,0.00002
57.03677,0.48529,0.12329,0.00087,0.00191,0.87392
57.13971,0.48529,0.99586,0.00007,0.00000,0.00407
57.24265,0.48529,0.99923,0.00000,0.00063,0.00015
57.34559,0.48529,0.99788,0.00001,0.00130,0.00081
57.44853,0.48529,0.99515,0.00006,0.00443,0.00036
57.55147,0.48529,0.59977,0.00169,0.39708,0.00145
57.65441,0.48529,0.19221,0.00050,0.80615,0.00114
57.75735,0.48529,0.08769,0.00023,0.91139,0.00069
57.86029,0.48529,0.07266,0.00018,0.92666,0.00050
57.96323,0.48529,0.07645,0.00018,0.92286,0.00051
58.06618,0.48529,0.09058,0.00028,0.90835,0.00078
58.16912,0.48529,0.10715,0.00033,0.89156,0.00097
58.27206,0.48529,0.15207,0.00039,0.84634,0.00119
58.37500,0.48529,0.23718,0.00036,0.76095,0.00151
58.47794,0.48529,0.61746,0.00021,0.38002,0.00230
58.58088,0.48529,0.99537,0.00002,0.00110,0.00350
58.68382,0.48529,0.97589,0.00070,0.02246,0.00095
58.78677,0.48529,0.99843,0.00044,0.00049,0.00065
58.88971,0.48529,0.08709,0.00022,0.00020,0.91249
58.99265,0.48529,0.99941,0.00008,0.00001,0.00051
59.09559,0.48529,0.99904,0.00000,0.00076,0.00020
59.19853,0.48529,0.97569,0.00001,0.02040,0.00390
59.30147,0.48529,0.98821,0.00005,0.01142,0.00032
59.40441,0.48529,0.66426,0.00178,0.33260,0.00136
59.50735,0.48529,0.16796,0.00053,0.83017,0.00134
59.61029,0.48529,0.09961,0.00030,0.89909,0.00099
59.71323,0.48529,0.08259,0.00024,0.91644,0.00073
59.81618,0.48529,0.07952,0.00020,0.91969,0.00059
59.91912,0.48529,0.08342,0.00023,0.91567,0.00068
60.02206,0.48529,0.10730,0.00025,0.89170,0.00075
60.12500,0.48529,0.13289,0.00026,0.86593,0.00092
60.22794,0.48529,0.29158,0.00033,0.70645,0.00164
60.33088,0.48529,0.53441,0.00025,0.46314,0.00220
60.43382,0.48529,0.99254,0.00003,0.00684,0.00059
60.53677,0.48529,0.99813,0.00000,0.00028,0.00159
60.63971,0.48529,0.99902,0.00026,0.00061,0.00011
60.74265,0.48529,0.19006,0.00017,0.00177,0.80799
60.84559,0.48529,0.39441,0.00006,0.00000,0.60553
60.94853,0.48529,0.99963,0.00000,0.00005,0.00033
61.05147,0.48529,0.99515,0.00000,0.00454,0.00031
61.15441,0.48529,0.99903,0.00000,0.00091,0.00006
61.25735,0.48529,0.99981,0.00000,0.00015,0.00004
61.36029,0.48529,0.31311,0.00077,0.68470,0.00142
61.46323,0.48529,0.14753,0.00045,0.85066,0.00135
61.56618,0.48529,0.09942,0.00032,0.89925,0.00101
61.66912,0.48529,0.09998,0.00034,0.89856,0.00112
61.77206,0.48529,0.09455,0.00030,0.90419,0.00096
61.87500,0.48529,0.09431,0.00025,0.90469,0.00076
61.97794,0.48529,0.11277,0.00030,0.88605,0.00088
62.08088,0.48529,0.11702,0.00028,0.88174,0.00096
62.18382,0.48529,0.19195,0.00035,0.80635,0.00134
62.28677,0.48529,0.34815,0.00032,0.64946,0.00208
62.38971,0.48529,0.86330,0.00008,0.13517,0.00145
62.49265,0.48529,0.99900,0.00001,0.00016,0.00082
62.59559,0.48529,0.92504,0.00244,0.06513,0.00739
62.69853,0.48529,0.97867,0.00102,0.01035,0.00996
62.80147,0.48529,0.20666,0.00051,0.00013,0.79270
62.90441,0.48529,0.99948,0.00005,0.00001,0.00047
63.00735,0.48529,0.99686,0.00000,0.00247,0.00067
63.11029,0.48529,0.96459,0.00001,0.03217,0.00322
63.21323,0.48529,0.99505,0.00006,0.00407,0.00083
63.31618,0.48529,0.65057,0.00149,0.34682,0.00112
63.41912,0.48529,0.26106,0.00062,0.73707,0.00125
63.52206,0.48529,0.13791,0.00045,0.86040,0.00124
63.62500,0.48529,0.09634,0.00031,0.90230,0.00105
63.72794,0.48529,0.08911,0.00028,0.90969,0.00092
63.83088,0.48529,0.09940,0.00035,0.89919,0.00105
63.93382,0.48530,0.11984,0.00035,0.87874,0.00107
64.03677,0.48529,0.14599,0.00035,0.85258,0.00108
64.13971,0.48529,0.27131,0.00029,0.72706,0.00135
64.24265,0.48530,0.50243,0.00027,0.49510,0.00220
64.34559,0.48529,0.96246,0.00002,0.03683,0.00068
64.44853,0.48529,0.99734,0.00000,0.00192,0.00074
64.55147,0.48530,0.72736,0.00042,0.27144,0.00078
64.65441,0.48530,0.97820,0.00004,0.00057,0.02118
64.75735,0.48529,0.13116,0.00009,0.00009,0.86867
64.86029,0.48530,0.99821,0.00033,0.00003,0.00143
64.96323,0.48530,0.99988,0.00000,0.00008,0.00005
65.06618,0.48529,0.99479,0.00000,0.00233,0.00288
65.16912,0.48529,0.99667,0.00003,0.00310,0.00021
65.27206,0.48530,0.75177,0.00216,0.24466,0.00141
65.37500,0.48529,0.36899,0.00078,0.62889,0.00134
65.47794,0.48529,0.18987,0.00038,0.80844,0.00130
65.58088,0.48530,0.13184,0.00034,0.86658,0.00123
65.68382,0.48530,0.12629,0.00038,0.87188,0.00144
65.78677,0.48529,0.14075,0.00040,0.85724,0.00161
65.88971,0.48529,0.23103,0.00046,0.76621,0.00229
65.99265,0.48530,0.40833,0.00037,0.58866,0.00263
66.09559,0.48529,0.88757,0.00006,0.11116,0.00121
66.19853,0.48529,0.96759,0.00004,0.01463,0.01774
66.30147,0.48530,0.99815,0.00006,0.00147,0.00032
66.40441,0.48530,0.98047,0.00065,0.01408,0.00479
66.50735,0.48529,0.71603,0.00229,0.00069,0.28099
66.61029,0.48530,0.05896,0.00021,0.00001,0.94081
66.71323,0.48530,0.74580,0.00001,0.00001,0.25418
66.81618,0.48529,0.99931,0.00000,0.00009,0.00060
66.91912,0.48529,0.99798,0.00000,0.00187,0.00015
67.02206,0.48530,0.99799,0.00000,0.00190,0.00010
67.12500,0.48529,0.99998,0.00000,0.00001,0.00001
67.22794,0.48529,0.31413,0.00090,0.68311,0.00186
67.33088,0.48530,0.12926,0.00039,0.86918,0.00118
67.43382,0.48530,0.10060,0.00026,0.89827,0.00087
67.53677,0.48529,0.10857,0.00028,0.89032,0.00083
67.63971,0.48529,0.14078,0.00029,0.85793,0.00100
67.74265,0.48530,0.25246,0.00032,0.74569,0.00154
67.84559,0.48529,0.43494,0.00032,0.56233,0.00240
67.94853,0.48529,0.83315,0.00012,0.16491,0.00182
68.05147,0.48530,0.97299,0.00004,0.01119,0.01577
68.15441,0.48530,0.99631,0.00012,0.00306,0.00051
68.25735,0.48529,0.95603,0.00079,0.03536,0.00782
68.36029,0.48530,0.08934,0.00001,0.00005,0.91061
68.46323,0.48530,0.99988,0.00000,0.00001,0.00011
68.56618,0.48529,0.99416,0.00000,0.00425,0.00159
68.66912,0.48529,0.99749,0.00001,0.00244,0.00006
68.77206,0.48530,0.63212,0.00150,0.36505,0.00133
68.87500,0.48529,0.15240,0.00034,0.84626,0.00100
68.97794,0.48529,0.10148,0.00022,0.89754,0.00076
69.08088,0.48530,0.09637,0.00027,0.90245,0.00091
69.18382,0.48530,0.08563,0.00028,0.91315,0.00094
69.28677,0.48529,0.09071,0.00031,0.90799,0.00099
69.38971,0.48529,0.09200,0.00028,0.90687,0.00085
69.49265,0.48530,0.09542,0.00026,0.90345,0.00087
69.59559,0.48529,0.10032,0.00028,0.89868,0.00072
69.69853,0.48529,0.10650,0.00026,0.89239,0.00086
69.80147,0.48530,0.10712,0.00032,0.89149,0.00107
69.90441,0.48530,0.12009,0.00040,0.87825,0.00125
70.00735,0.48529,0.11385,0.00036,0.88453,0.00126
70.11029,0.48530,0.13296,0.00037,0.86542,0.00124
70.21323,0.48530,0.28439,0.00034,0.71340,0.00187
70.31618,0.48529,0.88753,0.00005,0.11126,0.00116
70.41912,0.48529,0.99884,0.00002,0.00018,0.00097
70.52206,0.48530,0.94441,0.00194,0.04280,0.01085
70.62500,0.48529,0.72519,0.00446,0.00430,0.26605
70.72794,0.48529,0.91135,0.00020,0.00034,0.08811
70.83088,0.48530,0.99755,0.00000,0.00204,0.00041
70.93382,0.48530,0.97358,0.00000,0.02568,0.00074
71.03677,0.48529,0.99751,0.00024,0.00076,0.00150
71.13971,0.48529,0.34944,0.00112,0.64788,0.00156
71.24265,0.48530,0.11651,0.00034,0.88227,0.00088
71.34559,0.48529,0.08108,0.00025,0.91784,0.00083
71.44853,0.48529,0.08109,0.00025,0.91789,0.00076
71.55147,0.48530,0.07421,0.00022,0.92497,0.00059
71.65441,0.48530,0.08365,0.00023,0.91544,0.00068
71.75735,0.48529,0.09200,0.00030,0.90680,0.00090
71.86029,0.48530,0.09555,0.00034,0.90314,0.00097
71.96323,0.48530,0.11296,0.00037,0.88565,0.00102
72.06618,0.48529,0.15580,0.00037,0.84247,0.00136
72.16912,0.48529,0.31096,0.00035,0.68681,0.00188
72.27206,0.48530,0.51381,0.00030,0.48342,0.00247
72.37500,0.48529,0.85311,0.00012,0.14508,0.00169
72.47794,0.48529,0.97889,0.00004,0.00829,0.01277
72.58088,0.48530,0.98846,0.00023,0.01080,0.00051
72.68382,0.48530,0.96158,0.00103,0.03404,0.00334
72.78677,0.48529,0.28947,0.00013,0.00006,0.71034
72.88971,0.48529,0.99968,0.00000,0.00025,0.00007
72.99265,0.48530,0.98646,0.00000,0.01322,0.00031
73.09559,0.48529,0.99985,0.00000,0.00013,0.00002
73.19853,0.48529,0.33925,0.00041,0.65653,0.00381
73.30147,0.48530,0.18917,0.00063,0.80873,0.00148
73.40441,0.48530,0.08667,0.00026,0.91234,0.00074
73.50735,0.48529,0.07140,0.00018,0.92786,0.00056
73.61029,0.48530,0.07294,0.00020,0.92630,0.00055
73.71323,0.48530,0.07096,0.00020,0.92831,0.00054
73.81618,0.48529,0.06772,0.00019,0.93162,0.00048
73.91912,0.48529,0.08110,0.00029,0.91791,0.00071
74.02206,0.48530,0.08708,0.00032,0.91176,0.00085
74.12500,0.48529,0.09411,0.00036,0.90453,0.00100
74.22794,0.48529,0.10103,0.00035,0.89756,0.00107
74.33088,0.48530,0.10057,0.00036,0.89809,0.00098
74.43382,0.48530,0.09688,0.00024,0.90217,0.00071
74.53677,0.48529,0.11113,0.00025,0.88781,0.00080
74.63971,0.48529,0.22417,0.00033,0.77410,0.00139
74.74265,0.48530,0.34676,0.00027,0.65109,0.00188
74.84559,0.48529,0.95475,0.00004,0.04421,0.00100
74.94853,0.48529,0.99871,0.00001,0.00055,0.00073
75.05147,0.48530,0.97835,0.00012,0.02111,0.00042
75.15441,0.48530,0.12178,0.00003,0.00151,0.87668
75.25735,0.48529,0.96788,0.00000,0.00017,0.03196
75.36029,0.48530,0.99733,0.00000,0.00246,0.00021
75.46323,0.48530,0.99824,0.00000,0.00167,0.00009
75.56618,0.48529,0.99996,0.00000,0.00003,0.00001
75.66912,0.48529,0.37208,0.00079,0.62605,0.00108
75.77206,0.48530,0.12838,0.00028,0.87056,0.00078
75.87500,0.48529,0.08392,0.00024,0.91512,0.00072
75.97794,0.48529,0.08452,0.00030,0.91434,0.00084
76.08088,0.48530,0.07585,0.00026,0.92312,0.00077
76.18382,0.48530,0.07830,0.00028,0.92062,0.00080
76.28677,0.48529,0.07725,0.00022,0.92192,0.00060
76.38971,0.48529,0.07437,0.00020,0.92492,0.00052
76.49265,0.48530,0.07757,0.00021,0.92162,0.00059
76.59559,0.48529,0.08248,0.00023,0.91669,0.00060
76.69853,0.48529,0.10754,0.00034,0.89117,0.00095
76.80147,0.48530,0.24834,0.00031,0.75005,0.00130
76.90441,0.48530,0.77077,0.00010,0.22770,0.00143
77.00735,0.48529,0.99768,0.00078,0.00007,0.00147
77.11029,0.48530,0.99075,0.00019,0.00832,0.00074
77.21323,0.48530,0.73986,0.00007,0.00599,0.25408
77.31618,0.48529,0.47972,0.00027,0.00110,0.51890
77.41912,0.48529,0.99989,0.00000,0.00002,0.00009
77.52206,0.48530,0.98430,0.00001,0.01162,0.00407
77.62500,0.48529,0.99229,0.00012,0.00734,0.00025
77.72794,0.48529,0.48167,0.00106,0.51625,0.00102
77.83088,0.48530,0.13154,0.00034,0.86727,0.00085
77.93382,0.48530,0.08936,0.00028,0.90949,0.00087
78.03677,0.48529,0.07603,0.00024,0.92299,0.00074
78.13971,0.48529,0.07996,0.00027,0.91898,0.00079
78.24265,0.48530,0.07917,0.00024,0.91987,0.00071
78.34559,0.48529,0.08565,0.00027,0.91341,0.00067
78.44853,0.48529,0.08906,0.00023,0.91005,0.00066
78.55147,0.48530,0.09296,0.00025,0.90609,0.00070
78.65441,0.48530,0.09177,0.00026,0.90718,0.00079
78.75735,0.48529,0.10444,0.00031,0.89434,0.00091
78.86029,0.48530,0.15181,0.00044,0.84630,0.00145
78.96323,0.48530,0.43234,0.00029,0.56550,0.00188
79.06618,0.48529,0.99817,0.00003,0.00099,0.00081
79.16912,0.48529,0.99457,0.00004,0.00464,0.00076
79.27206,0.48530,0.99461,0.00110,0.00352,0.00077
79.37500,0.48529,0.11095,0.00004,0.00057,0.88844
79.47794,0.48529,0.99977,0.00000,0.00006,0.00018
79.58088,0.48530,0.99461,0.00001,0.00390,0.00148
79.68382,0.48530,0.99844,0.00001,0.00146,0.00008
79.78677,0.48529,0.76179,0.00211,0.23498,0.00113
79.88971,0.48529,0.27082,0.00083,0.72680,0.00155
79.99265,0.48530,0.12511,0.00040,0.87329,0.00120
80.09559,0.48529,0.08298,0.00023,0.91604,0.00075
80.19853,0.48529,0.08158,0.00022,0.91742,0.00078
80.30147,0.48530,0.08839,0.00024,0.91059,0.00078
80.40441,0.48530,0.07701,0.00019,0.92224,0.00056
80.50735,0.48529,0.08909,0.00025,0.90996,0.00070
80.61029,0.48530,0.10780,0.00032,0.89097,0.00091
80.71323,0.48530,0.21813,0.00032,0.78029,0.00126
80.81618,0.48529,0.71833,0.00013,0.28008,0.00147
80.91912,0.48529,0.99765,0.00001,0.00068,0.00166
81.02206,0.48530,0.91023,0.00098,0.08422,0.00456
81.12500,0.48529,0.99820,0.00033,0.00119,0.00028
81.22794,0.48529,0.04906,0.00008,0.00019,0.95068
81.33088,0.48530,0.99993,0.00000,0.00002,0.00005
81.43382,0.48530,0.99664,0.00001,0.00137,0.00198
81.53677,0.48529,0.99951,0.00000,0.00046,0.00004
81.63971,0.48529,0.98779,0.00019,0.01165,0.00036
81.74265,0.48530,0.27135,0.00062,0.72686,0.00117
81.84559,0.48529,0.11488,0.00034,0.88375,0.00103
81.94853,0.48529,0.08754,0.00027,0.91136,0.00083
82.05147,0.48530,0.09174,0.00029,0.90708,0.00090
82.15441,0.48530,0.10032,0.00037,0.89824,0.00107
82.25735,0.48529,0.10362,0.00032,0.89510,0.00096
82.36029,0.48530,0.11871,0.00029,0.88015,0.00085
82.46323,0.48530,0.14201,0.00036,0.85644,0.00119
82.56618,0.48529,0.25499,0.00034,0.74308,0.00159
82.66912,0.48529,0.40412,0.00036,0.59311,0.00241
82.77206,0.48530,0.68379,0.00024,0.31349,0.00248
82.87500,0.48529,0.99991,0.00000,0.00000,0.00009
82.97794,0.48529,0.99902,0.00001,0.00084,0.00014
83.08088,0.48530,0.99949,0.00000,0.00028,0.00023
83.18382,0.48530,0.12971,0.00001,0.00008,0.87020
83.28677,0.48529,0.99404,0.00000,0.00003,0.00593
83.38971,0.48529,0.99813,0.00000,0.00143,0.00043
83.49265,0.48530,0.95939,0.00001,0.03959,0.00102
83.59559,0.48529,0.99998,0.00000,0.00000,0.00001
83.69853,0.48529,0.33124,0.00079,0.66628,0.00169
83.80147,0.48530,0.20851,0.00049,0.78924,0.00177
83.90441,0.48530,0.18699,0.00061,0.81022,0.00218
84.00735,0.48529,0.16794,0.00047,0.82955,0.00205
84.11029,0.48530,0.16708,0.00048,0.83041,0.00204
84.21323,0.48530,0.16530,0.00043,0.83239,0.00188
84.31618,0.48529,0.17260,0.00041,0.82524,0.00175
84.41912,0.48529,0.18008,0.00038,0.81785,0.00169
84.52206,0.48530,0.21674,0.00043,0.78086,0.00197
84.62500,0.48529,0.27561,0.00035,0.72205,0.00198
84.72794,0.48529,0.58488,0.00014,0.41303,0.00194
84.83088,0.48530,0.99769,0.00001,0.00115,0.00114
84.93382,0.48530,0.99619,0.00003,0.00334,0.00044
85.03677,0.48529,0.99717,0.00045,0.00225,0.00013
85.13971,0.48529,0.17525,0.00003,0.00103,0.82369
85.24265,0.48530,0.99984,0.00000,0.00002,0.00015
85.34559,0.48529,0.99887,0.00000,0.00080,0.00033
85.44853,0.48529,0.96832,0.00000,0.03110,0.00058
85.55147,0.48530,0.99999,0.00000,0.00000,0.00001
85.65441,0.48530,0.39019,0.00102,0.60683,0.00196
85.75735,0.48529,0.22091,0.00052,0.77686,0.00172
85.86029,0.48530,0.21386,0.00060,0.78339,0.00215
85.96323,0.48530,0.16768,0.00048,0.82991,0.00193
86.06618,0.48529,0.17754,0.00055,0.81958,0.00233
86.16912,0.48529,0.17792,0.00053,0.81942,0.00214
86.27206,0.48530,0.16572,0.00044,0.83191,0.00193
86.37500,0.48529,0.18448,0.00045,0.81314,0.00193
86.47794,0.48529,0.20406,0.00038,0.79382,0.00174
86.58088,0.48530,0.31619,0.00038,0.68122,0.00221
86.68382,0.48530,0.84528,0.00004,0.15362,0.00105
86.78677,0.48529,0.99828,0.00002,0.00059,0.00111
86.88971,0.48529,0.96138,0.00189,0.03382,0.00291
86.99265,0.48530,0.60279,0.00642,0.00091,0.38989
87.09559,0.48529,0.93211,0.00013,0.00018,0.06757
87.19853,0.48529,0.99511,0.00001,0.00237,0.00251
87.30147,0.48530,0.98003,0.00000,0.01842,0.00155
87.40441,0.48530,0.99086,0.00047,0.00276,0.00591
87.50735,0.48529,0.42897,0.00110,0.56812,0.00181
87.61029,0.48530,0.24443,0.00057,0.75315,0.00185
87.71323,0.48530,0.19214,0.00046,0.80574,0.00167
87.81618,0.48529,0.17428,0.00047,0.82338,0.00187
87.91912,0.48529,0.17659,0.00056,0.82070,0.00215
88.02206,0.48530,0.15989,0.00047,0.83764,0.00200
88.12500,0.48529,0.17109,0.00051,0.82610,0.00229
88.22794,0.48529,0.16914,0.00044,0.82855,0.00188
88.33088,0.48530,0.17665,0.00039,0.82121,0.00175
88.43382,0.48530,0.21401,0.00040,0.78376,0.00183
88.53677,0.48529,0.36509,0.00027,0.63265,0.00199
88.63971,0.48529,0.98851,0.00003,0.01014,0.00131
88.74265,0.48530,0.99975,0.00000,0.00012,0.00013
88.84559,0.48529,0.99651,0.00034,0.00288,0.00027
88.94853,0.48529,0.11530,0.00215,0.00010,0.88245
89.05147,0.48530,0.99962,0.00000,0.00001,0.00038
89.15441,0.48530,0.99623,0.00001,0.00187,0.00189
89.25735,0.48529,0.99950,0.00000,0.00037,0.00013
89.36029,0.48530,0.99289,0.00008,0.00639,0.00064
89.46323,0.48530,0.32161,0.00085,0.67539,0.00215
89.56618,0.48529,0.22474,0.00052,0.77303,0.00170
89.66912,0.48529,0.19443,0.00043,0.80362,0.00153
89.77206,0.48530,0.18218,0.00042,0.81572,0.00168
89.87500,0.48529,0.16980,0.00046,0.82781,0.00193
89.97794,0.48529,0.18188,0.00064,0.81495,0.00254
90.08088,0.48530,0.17580,0.00057,0.82125,0.00238
90.18382,0.48530,0.16424,0.00039,0.83357,0.00179
90.28677,0.48529,0.18451,0.00045,0.81308,0.00197
90.38971,0.48529,0.19761,0.00042,0.79999,0.00198
90.49265,0.48530,0.24662,0.00037,0.75116,0.00186
90.59559,0.48529,0.61143,0.00016,0.38653,0.00188
90.69853,0.48529,0.99328,0.00005,0.00140,0.00527
90.80147,0.48530,0.99007,0.00053,0.00893,0.00048
90.90441,0.48530,0.99748,0.00037,0.00098,0.00117
91.00735,0.48529,0.06535,0.00000,0.00002,0.93463
91.11029,0.48530,0.99842,0.00000,0.00000,0.00157
91.21323,0.48530,0.99767,0.00000,0.00199,0.00033
91.31618,0.48529,0.99448,0.00000,0.00522,0.00030
91.41912,0.48529,0.99997,0.00000,0.00002,0.00001
91.52206,0.48530,0.38233,0.00102,0.61452,0.00214
91.62500,0.48529,0.20902,0.00047,0.78897,0.00154
91.72794,0.48529,0.18573,0.00041,0.81233,0.00153
91.83088,0.48530,0.18890,0.00047,0.80881,0.00181
91.93382,0.48530,0.16488,0.00045,0.83274,0.00193
92.03677,0.48529,0.17338,0.00056,0.82366,0.00239
92.13971,0.48529,0.16725,0.00046,0.83029,0.00200
92.24265,0.48530,0.18112,0.00046,0.81638,0.00204
92.34559,0.48529,0.20426,0.00043,0.79339,0.00192
92.44853,0.48529,0.27582,0.00035,0.72193,0.00190
92.55147,0.48530,0.90480,0.00003,0.09441,0.00077
92.65441,0.48530,0.99760,0.00000,0.00175,0.00065
92.75735,0.48529,0.85150,0.00109,0.14323,0.00418
92.86029,0.48530,0.99175,0.00022,0.00103,0.00701
92.96323,0.48530,0.10588,0.00001,0.00009,0.89402
93.06618,0.48529,0.99951,0.00000,0.00007,0.00042
93.16912,0.48529,0.99810,0.00000,0.00142,0.00048
93.27206,0.48530,0.98410,0.00000,0.01550,0.00040
93.37500,0.48529,0.99996,0.00000,0.00002,0.00002
93.47794,0.48529,0.36851,0.00109,0.62805,0.00235
93.58088,0.48530,0.21794,0.00058,0.77946,0.00202
93.68382,0.48530,0.17713,0.00039,0.82100,0.00148
93.78677,0.48529,0.17660,0.00043,0.82135,0.00162
93.88971,0.48529,0.18080,0.00047,0.81685,0.00188
93.99265,0.48530,0.17394,0.00045,0.82376,0.00185
94.09559,0.48529,0.17587,0.00048,0.82148,0.00217
94.19853,0.48529,0.19204,0.00047,0.80530,0.00219
94.30147,0.48530,0.21637,0.00047,0.78106,0.00211
94.40441,0.48530,0.35334,0.00034,0.64413,0.00219
94.50735,0.48529,0.84876,0.00003,0.15034,0.00087
94.61029,0.48530,0.96803,0.00010,0.00737,0.02450
94.71323,0.48530,0.99521,0.00035,0.00383,0.00061
94.81618,0.48529,0.98331,0.00051,0.00723,0.00895
94.91912,0.48529,0.27414,0.00169,0.00050,0.72367
95.02206,0.48530,0.98700,0.00065,0.00003,0.01232
95.12500,0.48529,0.99970,0.00000,0.00016,0.00013
95.22794,0.48529,0.97738,0.00001,0.02159,0.00102
95.33088,0.48530,0.98946,0.00004,0.01000,0.00050
95.43382,0.48530,0.49085,0.00144,0.50516,0.00256
95.53677,0.48529,0.31390,0.00095,0.68272,0.00243
95.63971,0.48529,0.20400,0.00053,0.79364,0.00183
95.74265,0.48530,0.18836,0.00051,0.80923,0.00190
95.84559,0.48529,0.17163,0.00041,0.82638,0.00158
95.94853,0.48529,0.16822,0.00041,0.82975,0.00162
96.05147,0.48530,0.16780,0.00042,0.83002,0.00176
96.15441,0.48530,0.16892,0.00050,0.82845,0.00214
96.25735,0.48529,0.18125,0.00053,0.81581,0.00240
96.36029,0.48530,0.19000,0.00041,0.80770,0.00189
96.46323,0.48530,0.24772,0.00041,0.74983,0.00204
96.56618,0.48529,0.87900,0.00004,0.11999,0.00097
96.66912,0.48529,0.99849,0.00000,0.00120,0.00030
96.77206,0.48530,0.93370,0.00018,0.06581,0.00031
96.87500,0.48529,0.96575,0.00007,0.00123,0.03295
96.97794,0.48529,0.21815,0.00000,0.00001,0.78184
97.08088,0.48530,0.99886,0.00000,0.00045,0.00069
97.18382,0.48530,0.99536,0.00000,0.00231,0.00232
97.28677,0.48529,0.99717,0.00001,0.00264,0.00018
97.38971,0.48529,0.90625,0.00084,0.09164,0.00127
97.49265,0.48530,0.33353,0.00099,0.66305,0.00242
97.59559,0.48529,0.20862,0.00063,0.78848,0.00228
97.69853,0.48529,0.16957,0.00041,0.82835,0.00167
97.80147,0.48530,0.15504,0.00036,0.84311,0.00149
97.90441,0.48530,0.16884,0.00041,0.82907,0.00169
98.00735,0.48529,0.16927,0.00040,0.82863,0.00170
98.11029,0.48530,0.19067,0.00050,0.80668,0.00215
98.21323,0.48530,0.19287,0.00051,0.80439,0.00223
98.31618,0.48529,0.20011,0.00046,0.79736,0.00207
98.41912,0.48529,0.35947,0.00030,0.63805,0.00218
98.52206,0.48530,0.99989,0.00000,0.00001,0.00011
98.62500,0.48529,0.99830,0.00001,0.00158,0.00011
98.72794,0.48529,0.99908,0.00001,0.00055,0.00036
98.83088,0.48530,0.16570,0.00027,0.00004,0.83399
98.93382,0.48530,0.97879,0.00000,0.00003,0.02118
99.03677,0.48529,0.99629,0.00000,0.00255,0.00115
99.13971,0.48529,0.98595,0.00001,0.01007,0.00397
99.24265,0.48530,0.99149,0.00047,0.00245,0.00559
99.34559,0.48529,0.49969,0.00191,0.49577,0.00262
99.44853,0.48529,0.28588,0.00104,0.71019,0.00289
99.55147,0.48530,0.21587,0.00067,0.78097,0.00249
99.65441,0.48530,0.17338,0.00044,0.82441,0.00177
99.75735,0.48529,0.14803,0.00033,0.85022,0.00142
99.86029,0.48530,0.16147,0.00036,0.83669,0.00148
99.96323,0.48530,0.16358,0.00041,0.83434,0.00167
100.06618,0.48529,0.17774,0.00047,0.81988,0.00191
100.16912,0.48529,0.18909,0.00047,0.80837,0.00206
100.27206,0.48530,0.22143,0.00041,0.77611,0.00204
100.37500,0.48529,0.48709,0.00026,0.51027,0.00238
100.47794,0.48529,0.98558,0.00014,0.01375,0.00053
100.58088,0.48530,0.99946,0.00000,0.00019,0.00036
100.68382,0.48530,0.99822,0.00032,0.00132,0.00014
100.78677,0.48529,0.13269,0.00052,0.00034,0.86645
100.88971,0.48529,0.99946,0.00002,0.00001,0.00051
100.99265,0.48530,0.99693,0.00000,0.00193,0.00114
101.09559,0.48529,0.95850,0.00001,0.03826,0.00323
101.19853,0.48529,0.99061,0.00004,0.00805,0.00130
101.30147,0.48530,0.53639,0.00204,0.45948,0.00210
101.40441,0.48530,0.29896,0.00090,0.69784,0.00230
101.50735,0.48529,0.22659,0.00079,0.76993,0.00269
101.61029,0.48530,0.19216,0.00059,0.80491,0.00234
101.71323,0.48530,0.17508,0.00045,0.82251,0.00195
101.81618,0.48529,0.16180,0.00037,0.83628,0.00156
101.91912,0.48529,0.16692,0.00036,0.83127,0.00146
102.02206,0.48530,0.17583,0.00037,0.82209,0.00171
102.12500,0.48529,0.19014,0.00044,0.80752,0.00190
102.22794,0.48529,0.23684,0.00046,0.76046,0.00224
102.33088,0.48530,0.32894,0.00031,0.66865,0.00209
102.43382,0.48530,0.99910,0.00000,0.00068,0.00021
102.53677,0.48529,0.99844,0.00002,0.00103,0.00051
102.63971,0.48529,0.99933,0.00005,0.00056,0.00006
102.74265,0.48530,0.14516,0.00614,0.00035,0.84835
102.84559,0.48529,0.98146,0.00003,0.00010,0.01841
102.94853,0.48529,0.99649,0.00000,0.00240,0.00110
103.05147,0.48530,0.97457,0.00001,0.02387,0.00155
103.15441,0.48530,0.99728,0.00006,0.00105,0.00160
103.25735,0.48529,0.49772,0.00151,0.49888,0.00189
103.36029,0.48530,0.28071,0.00085,0.71617,0.00227
103.46323,0.48530,0.21646,0.00069,0.78046,0.00239
103.56618,0.48529,0.18800,0.00059,0.80909,0.00232
103.66912,0.48529,0.17255,0.00053,0.82472,0.00219
103.77206,0.48530,0.16512,0.00045,0.83253,0.00190
103.87500,0.48529,0.16024,0.00036,0.83783,0.00157
103.97794,0.48529,0.18627,0.00041,0.81149,0.00184
104.08088,0.48530,0.21758,0.00042,0.78000,0.00199
104.18382,0.48530,0.30599,0.00036,0.69154,0.00211
104.28677,0.48529,0.81109,0.00006,0.18765,0.00121
104.38971,0.48529,0.99624,0.00001,0.00270,0.00105
104.49265,0.48530,0.97714,0.00161,0.01972,0.00153
104.59559,0.48529,0.97002,0.00048,0.00859,0.02092
104.69853,0.48529,0.21299,0.00002,0.00002,0.78697
104.80147,0.48530,0.99858,0.00000,0.00013,0.00128
104.90441,0.48530,0.99290,0.00000,0.00454,0.00256
105.00735,0.48529,0.99731,0.00002,0.00245,0.00022
105.11029,0.48530,0.82695,0.00168,0.16965,0.00173
105.21323,0.48530,0.39597,0.00100,0.60123,0.00180
105.31618,0.48529,0.24649,0.00065,0.75083,0.00203
105.41912,0.48529,0.18660,0.00045,0.81125,0.00170
105.52206,0.48530,0.18689,0.00060,0.81028,0.00223
105.62500,0.48529,0.17865,0.00058,0.81846,0.00230
105.72794,0.48529,0.17067,0.00052,0.82672,0.00210
105.83088,0.48530,0.17072,0.00043,0.82706,0.00180
105.93382,0.48530,0.18674,0.00044,0.81096,0.00186
106.03677,0.48529,0.22448,0.00042,0.77311,0.00199
106.13971,0.48529,0.38037,0.00026,0.61739,0.00198
106.24265,0.48530,0.99903,0.00000,0.00023,0.00074
106.34559,0.48529,0.96947,0.00016,0.02896,0.00142
106.44853,0.48529,0.99983,0.00007,0.00008,0.00002
106.55147,0.48530,0.29601,0.00119,0.00193,0.70088
106.65441,0.48530,0.99361,0.00010,0.00000,0.00628
106.75735,0.48529,0.99904,0.00000,0.00010,0.00086
106.86029,0.48530,0.99156,0.00001,0.00665,0.00178
106.96323,0.48530,0.99802,0.00002,0.00171,0.00025
107.06618,0.48529,0.78459,0.00318,0.21014,0.00210
107.16912,0.48529,0.37952,0.00120,0.61696,0.00232
107.27206,0.48530,0.22734,0.00057,0.77021,0.00188
107.37500,0.48529,0.19527,0.00047,0.80245,0.00181
107.47794,0.48529,0.19952,0.00053,0.79793,0.00202
107.58088,0.48530,0.17743,0.00051,0.81994,0.00212
107.68382,0.48530,0.18862,0.00048,0.80871,0.00218
107.78677,0.48529,0.19356,0.00048,0.80381,0.00215
107.88971,0.48529,0.19976,0.00045,0.79783,0.00196
107.99265,0.48530,0.30119,0.00034,0.69641,0.00206
108.09559,0.48529,0.99985,0.00000,0.00005,0.00010
108.19853,0.48529,0.99841,0.00002,0.00140,0.00017
108.30147,0.48530,0.99935,0.00003,0.00053,0.00010
108.40441,0.48530,0.65505,0.00324,0.00119,0.34052
108.50735,0.48529,0.16478,0.00001,0.00000,0.83520
108.61029,0.48530,0.99968,0.00000,0.00017,0.00016
108.71323,0.48530,0.99270,0.00000,0.00225,0.00505
108.81618,0.48529,0.99852,0.00000,0.00134,0.00014
108.91912,0.48529,0.90466,0.00078,0.09309,0.00147
109.02206,0.48530,0.39826,0.00131,0.59788,0.00255
109.12500,0.48529,0.23407,0.00070,0.76288,0.00236
109.22794,0.48529,0.19477,0.00047,0.80299,0.00177
109.33088,0.48530,0.16771,0.00035,0.83052,0.00142
109.43382,0.48530,0.16701,0.00036,0.83111,0.00151
109.53677,0.48529,0.18361,0.00045,0.81404,0.00190
109.63971,0.48529,0.18883,0.00049,0.80859,0.00209
109.74265,0.48530,0.18899,0.00049,0.80828,0.00224
109.84559,0.48529,0.21746,0.00042,0.78002,0.00210
109.94853,0.48529,0.81138,0.00007,0.18724,0.00130
110.05147,0.48530,0.99655,0.00000,0.00283,0.00061
110.15441,0.48530,0.99747,0.00005,0.00241,0.00008
110.25735,0.48529,0.96862,0.00009,0.00336,0.02793
110.36029,0.48530,0.13398,0.00000,0.00002,0.86601
110.46323,0.48530,0.99843,0.00000,0.00002,0.00155
110.56618,0.48529,0.99076,0.00000,0.00791,0.00132
110.66912,0.48529,0.99833,0.00000,0.00130,0.00037
110.77206,0.48530,0.99994,0.00000,0.00005,0.00001
110.87500,0.48529,0.45923,0.00172,0.53651,0.00254
110.97794,0.48529,0.26154,0.00090,0.73513,0.00244
111.08088,0.48530,0.22840,0.00069,0.76859,0.00232
111.18382,0.48530,0.21073,0.00057,0.78662,0.00208
111.28677,0.48529,0.20762,0.00055,0.78989,0.00195
111.38971,0.48529,0.18839,0.00041,0.80964,0.00156
111.49265,0.48530,0.18720,0.00041,0.81067,0.00172
111.59559,0.48529,0.19018,0.00040,0.80775,0.00167
111.69853,0.48529,0.20193,0.00045,0.79558,0.00204
111.80147,0.48530,0.25128,0.00029,0.74669,0.00175
111.90441,0.48530,0.79071,0.00005,0.20808,0.00116
112.00735,0.48529,0.98502,0.00012,0.00335,0.01151
112.11029,0.48530,0.99154,0.00047,0.00597,0.00203
112.21323,0.48530,0.98678,0.00022,0.00829,0.00471
112.31618,0.48529,0.28807,0.00004,0.00042,0.71148
112.41912,0.48529,0.99870,0.00000,0.00002,0.00128
112.52206,0.48530,0.99744,0.00000,0.00199,0.00057
112.62500,0.48529,0.99245,0.00000,0.00717,0.00038
112.72794,0.48529,0.99997,0.00000,0.00002,0.00001
112.83088,0.48530,0.42973,0.00176,0.56547,0.00304
112.93382,0.48530,0.23731,0.00073,0.75973,0.00224
113.03677,0.48529,0.21616,0.00061,0.78103,0.00220
113.13971,0.48529,0.19979,0.00055,0.79744,0.00221
113.24265,0.48530,0.18711,0.00042,0.81075,0.00173
113.34559,0.48529,0.18026,0.00040,0.81768,0.00166
113.44853,0.48529,0.18859,0.00039,0.80942,0.00161
113.55147,0.48530,0.19656,0.00036,0.80149,0.00159
113.65441,0.48530,0.24816,0.00031,0.74967,0.00186
113.75735,0.48529,0.56570,0.00011,0.43254,0.00164
113.86029,0.48530,0.97078,0.00055,0.02715,0.00153
113.96323,0.48530,0.99969,0.00000,0.00010,0.00021
114.06618,0.48529,0.99868,0.00068,0.00043,0.00021
114.16912,0.48529,0.56544,0.00529,0.00300,0.42627
114.27206,0.48530,0.88980,0.00014,0.00001,0.11005
114.37500,0.48529,0.99961,0.00000,0.00015,0.00024
114.47794,0.48529,0.99281,0.00000,0.00286,0.00433
114.58088,0.48530,0.99703,0.00001,0.00277,0.00019
114.68382,0.48530,0.77526,0.00238,0.21923,0.00313
114.78677,0.48529,0.39581,0.00138,0.60047,0.00234
114.88971,0.48529,0.27643,0.00092,0.72011,0.00254
114.99265,0.48530,0.22096,0.00071,0.77600,0.00234
115.09559,0.48529,0.19718,0.00056,0.80002,0.00224
115.19853,0.48529,0.16418,0.00042,0.83366,0.00173
115.30147,0.48530,0.17118,0.00044,0.82654,0.00184
115.40441,0.48530,0.17019,0.00038,0.82789,0.00153
115.50735,0.48529,0.17327,0.00039,0.82466,0.00168
115.61029,0.48530,0.19789,0.00042,0.79986,0.00183
115.71323,0.48530,0.23612,0.00039,0.76162,0.00187
115.81618,0.48529,0.48236,0.00024,0.51507,0.00233
115.91912,0.48529,0.99916,0.00000,0.00065,0.00019
116.02206,0.48530,0.99895,0.00002,0.00067,0.00036
116.12500,0.48529,0.99904,0.00006,0.00082,0.00009
116.22794,0.48529,0.14994,0.00289,0.00021,0.84696
116.33088,0.48530,0.99879,0.00000,0.00000,0.00120
116.43382,0.48530,0.99758,0.00000,0.00081,0.00161
116.53677,0.48529,0.98189,0.00001,0.01286,0.00525
116.63971,0.48529,0.99871,0.00004,0.00035,0.00090
116.74265,0.48530,0.45912,0.00168,0.53707,0.00213
116.84559,0.48529,0.29716,0.00094,0.69965,0.00225
116.94853,0.48529,0.25017,0.00090,0.74615,0.00277
117.05147,0.48530,0.20635,0.00065,0.79043,0.00256
117.15441,0.48530,0.16437,0.00042,0.83342,0.00180
117.25735,0.48529,0.16950,0.00042,0.82823,0.00186
117.36029,0.48530,0.17257,0.00044,0.82523,0.00176
117.46323,0.48530,0.16537,0.00034,0.83279,0.00150
117.56618,0.48529,0.19106,0.00043,0.80662,0.00189
117.66912,0.48529,0.19575,0.00042,0.80204,0.00179
117.77206,0.48530,0.23214,0.00041,0.76544,0.00201
117.87500,0.48529,0.42502,0.00023,0.57257,0.00218
117.97794,0.48529,0.99694,0.00001,0.00116,0.00188
118.08088,0.48530,0.97196,0.00022,0.02648,0.00135
118.18382,0.48530,0.99946,0.00019,0.00031,0.00004
118.28677,0.48529,0.11094,0.00039,0.00020,0.88847
118.38971,0.48529,0.99998,0.00000,0.00000,0.00002
118.49265,0.48530,0.99762,0.00000,0.00062,0.00176
118.59559,0.48529,0.98172,0.00001,0.01182,0.00645
118.69853,0.48529,0.99787,0.00008,0.00061,0.00145
118.80147,0.48530,0.48372,0.00177,0.51248,0.00204
118.90441,0.48530,0.32005,0.00109,0.67633,0.00253
119.00735,0.48529,0.22802,0.00078,0.76863,0.00257
119.11029,0.48530,0.20940,0.00070,0.78720,0.00270
119.21323,0.48530,0.18155,0.00046,0.81598,0.00201
119.31618,0.48529,0.17429,0.00043,0.82340,0.00188
119.41912,0.48529,0.16590,0.00041,0.83202,0.00168
119.52206,0.48530,0.17459,0.00038,0.82339,0.00164
119.62500,0.48529,0.18197,0.00040,0.81584,0.00179
119.72794,0.48529,0.19995,0.00043,0.79778,0.00184
119.83088,0.48530,0.27743,0.00036,0.72008,0.00214
119.93382,0.48530,0.71803,0.00008,0.28043,0.00146
120.03677,0.48529,0.99740,0.00107,0.00004,0.00149
120.13971,0.48529,0.99447,0.00026,0.00494,0.00033
120.24265,0.48530,0.98369,0.00043,0.00073,0.01516
120.34559,0.48529,0.09677,0.00007,0.00004,0.90313
120.44853,0.48529,0.99979,0.00000,0.00000,0.00021
120.55147,0.48530,0.99723,0.00001,0.00104,0.00172
120.65441,0.48530,0.99921,0.00000,0.00069,0.00011
120.75735,0.48529,0.99031,0.00011,0.00913,0.00046
120.86029,0.48530,0.29102,0.00080,0.70600,0.00218
120.96323,0.48530,0.17285,0.00054,0.82464,0.00196
121.06618,0.48529,0.16653,0.00055,0.83089,0.00203
121.16912,0.48529,0.15813,0.00049,0.83949,0.00189
121.27206,0.48530,0.15468,0.00052,0.84288,0.00192
