Time (seconds), Duration (seconds),pred_unlabelled,pred_Dry,pred_Wet,pred_Touch
0.00735,0.48529,0.01110,0.00003,0.98883,0.00004
0.11029,0.48529,0.01088,0.00005,0.98903,0.00004
0.21324,0.48529,0.01187,0.00003,0.98807,0.00003
0.31618,0.48529,0.01441,0.00002,0.98553,0.00003
0.41912,0.48529,0.01671,0.00004,0.98322,0.00003
0.52206,0.48529,0.01731,0.00003,0.98263,0.00003
0.62500,0.48529,0.01162,0.00002,0.98833,0.00002
0.72794,0.48529,0.01017,0.00002,0.98979,0.00002
0.83088,0.48529,0.01140,0.00003,0.98853,0.00004
0.93382,0.48529,0.01424,0.00005,0.98566,0.00005
1.03676,0.48529,0.01161,0.00004,0.98832,0.00004
1.13971,0.48529,0.01425,0.00004,0.98568,0.00004
1.24265,0.48529,0.01223,0.00004,0.98770,0.00003
1.34559,0.48529,0.01297,0.00003,0.98698,0.00003
1.44853,0.48529,0.01651,0.00003,0.98344,0.00003
1.55147,0.48529,0.01009,0.00002,0.98987,0.00002
1.65441,0.48529,0.01131,0.00003,0.98864,0.00003
1.75735,0.48529,0.00989,0.00003,0.99005,0.00003
1.86029,0.48529,0.01103,0.00003,0.98891,0.00003
1.96324,0.48529,0.02054,0.00005,0.97936,0.00004
2.06618,0.48529,0.01435,0.00004,0.98559,0.00003
2.16912,0.48529,0.01274,0.00004,0.98720,0.00003
2.27206,0.48529,0.01480,0.00004,0.98514,0.00003
2.37500,0.48529,0.01150,0.00003,0.98844,0.00002
2.47794,0.48529,0.02139,0.00015,0.97839,0.00007
2.58088,0.48529,0.10878,0.00135,0.88938,0.00049
2.68382,0.48529,0.32044,0.00202,0.67662,0.00093
2.78676,0.48529,0.99998,0.00000,0.00000,0.00002
2.88971,0.48529,0.99970,0.00000,0.00025,0.00005
2.99265,0.48529,0.99973,0.00001,0.00013,0.00012
3.09559,0.48529,0.88197,0.00010,0.00019,0.11773
3.19853,0.48529,0.04514,0.00001,0.00001,0.95483
3.30147,0.48529,0.46945,0.00016,0.00000,0.53038
3.40441,0.48529,0.99954,0.00000,0.00007,0.00039
3.50735,0.48529,0.99975,0.00000,0.00024,0.00001
3.61029,0.48529,0.99988,0.00000,0.00012,0.00000
3.71324,0.48529,0.99911,0.00001,0.00086,0.00001
3.81618,0.48529,0.01060,0.00002,0.98935,0.00003
3.91912,0.48529,0.01226,0.00003,0.98767,0.00004
4.02206,0.48529,0.01698,0.00009,0.98286,0.00006
4.12500,0.48529,0.02936,0.00027,0.97025,0.00012
4.22794,0.48529,0.11568,0.00109,0.88288,0.00034
4.33088,0.48529,0.89796,0.00013,0.10149,0.00041
4.43382,0.48529,0.99995,0.00000,0.00004,0.00002
4.53676,0.48529,0.99224,0.00019,0.00728,0.00030
4.63971,0.48529,0.97146,0.00005,0.00113,0.02735
4.74265,0.48529,0.19712,0.00006,0.00002,0.80281
4.84559,0.48529,0.06908,0.00022,0.00002,0.93068
4.94853,0.48529,0.99966,0.00002,0.00009,0.00023
5.05147,0.48529,0.99984,0.00000,0.00016,0.00001
5.15441,0.48529,0.98768,0.00000,0.01228,0.00003
5.25735,0.48529,0.99832,0.00023,0.00144,0.00000
5.36029,0.48529,0.01654,0.00003,0.98339,0.00003
5.46324,0.48529,0.00944,0.00003,0.99049,0.00004
5.56618,0.48529,0.01950,0.00010,0.98035,0.00005
5.66912,0.48529,0.01850,0.00008,0.98138,0.00004
5.77206,0.48529,0.04716,0.00029,0.95245,0.00011
5.87500,0.48529,0.34175,0.00103,0.65642,0.00080
5.97794,0.48529,0.99972,0.00002,0.00020,0.00006
6.08088,0.48529,0.99988,0.00000,0.00003,0.00009
6.18382,0.48529,0.99946,0.00008,0.00025,0.00020
6.28676,0.48529,0.79034,0.00114,0.00036,0.20816
6.38971,0.48529,0.04964,0.00074,0.00002,0.94960
6.49265,0.48529,0.23294,0.00010,0.00000,0.76695
6.59559,0.48529,0.99982,0.00000,0.00001,0.00018
6.69853,0.48529,0.99849,0.00000,0.00144,0.00006
6.80147,0.48529,0.99286,0.00000,0.00713,0.00001
6.90441,0.48529,0.99955,0.00033,0.00007,0.00005
7.00735,0.48529,0.01532,0.00004,0.98460,0.00004
7.11029,0.48529,0.01067,0.00003,0.98927,0.00003
7.21324,0.48529,0.01008,0.00003,0.98987,0.00003
7.31618,0.48529,0.03033,0.00022,0.96934,0.00012
7.41912,0.48529,0.09446,0.00085,0.90425,0.00044
7.52206,0.48529,0.99867,0.00001,0.00090,0.00042
7.62500,0.48529,0.99977,0.00000,0.00018,0.00005
7.72794,0.48529,0.99570,0.00003,0.00353,0.00074
7.83088,0.48529,0.83947,0.00075,0.00227,0.15751
7.93382,0.48529,0.19840,0.00008,0.00002,0.80150
8.03677,0.48529,0.08282,0.00084,0.00008,0.91626
8.13971,0.48529,0.78813,0.00040,0.00000,0.21146
8.24265,0.48529,0.99959,0.00000,0.00029,0.00012
8.34559,0.48529,0.99969,0.00001,0.00030,0.00000
8.44853,0.48529,0.99977,0.00000,0.00022,0.00000
8.55147,0.48529,0.99617,0.00009,0.00372,0.00001
8.65441,0.48529,0.01432,0.00004,0.98561,0.00003
8.75735,0.48529,0.01449,0.00008,0.98537,0.00007
8.86029,0.48529,0.05916,0.00041,0.94018,0.00026
8.96323,0.48529,0.21501,0.00088,0.78341,0.00070
9.06618,0.48529,0.95715,0.00005,0.04248,0.00033
9.16912,0.48529,0.99974,0.00000,0.00017,0.00009
9.27206,0.48529,0.97688,0.00088,0.02135,0.00089
9.37500,0.48529,0.95760,0.00008,0.00075,0.04156
9.47794,0.48529,0.16633,0.00012,0.00003,0.83352
9.58088,0.48529,0.09172,0.00079,0.00007,0.90742
9.68382,0.48529,0.62211,0.00005,0.00002,0.37782
9.78677,0.48529,0.99955,0.00000,0.00008,0.00037
9.88971,0.48529,0.99949,0.00000,0.00051,0.00001
9.99265,0.48529,0.99988,0.00000,0.00012,0.00000
10.09559,0.48529,1.00000,0.00000,0.00000,0.00000
10.19853,0.48529,0.03273,0.00016,0.96696,0.00015
10.30147,0.48529,0.03929,0.00023,0.96027,0.00021
10.40441,0.48529,0.07770,0.00043,0.92136,0.00051
10.50735,0.48529,0.51858,0.00047,0.47999,0.00097
10.61029,0.48529,0.99997,0.00000,0.00000,0.00003
10.71323,0.48529,0.99977,0.00000,0.00019,0.00004
10.81618,0.48529,0.99975,0.00001,0.00014,0.00010
10.91912,0.48529,0.92509,0.00004,0.00012,0.07475
11.02206,0.48529,0.11257,0.00000,0.00005,0.88738
11.12500,0.48529,0.27088,0.00012,0.00000,0.72900
11.22794,0.48529,0.99973,0.00000,0.00005,0.00022
11.33088,0.48529,0.99899,0.00000,0.00095,0.00005
11.43382,0.48529,0.99615,0.00001,0.00379,0.00005
11.53677,0.48529,0.99945,0.00030,0.00015,0.00010
11.63971,0.48529,0.02634,0.00014,0.97340,0.00012
11.74265,0.48529,0.01954,0.00009,0.98028,0.00009
11.84559,0.48529,0.02099,0.00008,0.97885,0.00008
11.94853,0.48529,0.04827,0.00021,0.95131,0.00020
12.05147,0.48529,0.17296,0.00070,0.82564,0.00071
12.15441,0.48529,0.84221,0.00014,0.15704,0.00062
12.25735,0.48529,0.99990,0.00000,0.00002,0.00008
12.36029,0.48529,0.99311,0.00020,0.00406,0.00262
12.46323,0.48529,0.99408,0.00036,0.00340,0.00215
12.56618,0.48529,0.59318,0.00123,0.00029,0.40530
12.66912,0.48529,0.02762,0.00078,0.00001,0.97159
12.77206,0.48529,0.99401,0.00001,0.00000,0.00598
12.87500,0.48529,0.99903,0.00000,0.00079,0.00018
12.97794,0.48529,0.99947,0.00001,0.00049,0.00004
13.08088,0.48529,0.99893,0.00003,0.00102,0.00002
13.18382,0.48529,0.23861,0.00030,0.76088,0.00021
13.28677,0.48529,0.02360,0.00010,0.97620,0.00010
13.38971,0.48529,0.01924,0.00007,0.98062,0.00007
13.49265,0.48529,0.01742,0.00007,0.98243,0.00007
13.59559,0.48529,0.03331,0.00025,0.96625,0.00019
13.69853,0.48529,0.10736,0.00069,0.89134,0.00061
13.80147,0.48529,0.75287,0.00033,0.24591,0.00089
13.90441,0.48529,0.99997,0.00001,0.00000,0.00002
14.00735,0.48529,0.99907,0.00001,0.00080,0.00011
14.11029,0.48529,0.99480,0.00006,0.00006,0.00508
14.21323,0.48529,0.60569,0.00010,0.00039,0.39381
14.31618,0.48529,0.02413,0.00033,0.00000,0.97553
14.41912,0.48529,0.99534,0.00001,0.00001,0.00463
14.52206,0.48529,0.99075,0.00000,0.00880,0.00045
14.62500,0.48529,0.99407,0.00000,0.00591,0.00002
14.72794,0.48529,0.99911,0.00005,0.00084,0.00000
14.83088,0.48529,0.58484,0.00222,0.41251,0.00043
14.93382,0.48529,0.02194,0.00013,0.97780,0.00012
15.03677,0.48529,0.02327,0.00011,0.97651,0.00011
15.13971,0.48529,0.06083,0.00053,0.93831,0.00034
15.24265,0.48529,0.32578,0.00094,0.67223,0.00105
15.34559,0.48529,0.99936,0.00001,0.00017,0.00046
15.44853,0.48529,0.99999,0.00000,0.00001,0.00000
15.55147,0.48529,0.99800,0.00004,0.00169,0.00026
15.65441,0.48529,0.84968,0.00015,0.00104,0.14913
15.75735,0.48529,0.28926,0.00001,0.00002,0.71072
15.86029,0.48529,0.98038,0.00001,0.00000,0.01960
15.96323,0.48530,0.99976,0.00000,0.00018,0.00006
16.06618,0.48529,0.99946,0.00001,0.00049,0.00004
16.16912,0.48529,0.99861,0.00001,0.00138,0.00001
16.27206,0.48529,0.13438,0.00063,0.86466,0.00033
16.37500,0.48529,0.02731,0.00013,0.97244,0.00012
16.47794,0.48529,0.02277,0.00010,0.97703,0.00010
16.58088,0.48529,0.05043,0.00017,0.94922,0.00018
16.68382,0.48529,0.14514,0.00065,0.85350,0.00070
16.78676,0.48529,0.49235,0.00045,0.50635,0.00084
16.88971,0.48529,0.99998,0.00000,0.00000,0.00002
16.99265,0.48529,0.99743,0.00001,0.00229,0.00026
17.09559,0.48529,0.99840,0.00007,0.00116,0.00037
17.19853,0.48529,0.73331,0.00027,0.00076,0.26566
17.30147,0.48529,0.04586,0.00009,0.00001,0.95404
17.40441,0.48529,0.05483,0.00163,0.00015,0.94339
17.50735,0.48529,0.99719,0.00000,0.00000,0.00281
17.61029,0.48529,0.99786,0.00000,0.00187,0.00027
17.71324,0.48529,0.99861,0.00001,0.00123,0.00014
17.81618,0.48529,0.99731,0.00001,0.00264,0.00004
17.91912,0.48529,0.19834,0.00089,0.80040,0.00038
18.02206,0.48529,0.03494,0.00018,0.96474,0.00014
18.12500,0.48529,0.02952,0.00017,0.97017,0.00015
18.22794,0.48529,0.05675,0.00032,0.94265,0.00028
18.33088,0.48529,0.11485,0.00061,0.88387,0.00067
18.43382,0.48529,0.79949,0.00016,0.19955,0.00080
18.53676,0.48529,0.99995,0.00001,0.00000,0.00004
18.63971,0.48529,0.99788,0.00002,0.00193,0.00016
18.74265,0.48529,0.99279,0.00009,0.00020,0.00693
18.84559,0.48529,0.68173,0.00019,0.00044,0.31764
18.94853,0.48529,0.02700,0.00089,0.00000,0.97211
19.05147,0.48529,0.96521,0.00002,0.00001,0.03475
19.15441,0.48529,0.99969,0.00000,0.00021,0.00009
19.25735,0.48529,0.99869,0.00002,0.00121,0.00008
19.36029,0.48529,0.99916,0.00001,0.00082,0.00001
19.46324,0.48529,0.38683,0.00182,0.61095,0.00039
19.56618,0.48529,0.03754,0.00027,0.96202,0.00017
19.66912,0.48529,0.04017,0.00032,0.95927,0.00024
19.77206,0.48529,0.06820,0.00045,0.93093,0.00043
19.87500,0.48529,0.10999,0.00056,0.88873,0.00073
19.97794,0.48529,0.92400,0.00007,0.07551,0.00042
20.08088,0.48529,0.99972,0.00000,0.00020,0.00008
20.18382,0.48529,0.96461,0.00415,0.02855,0.00270
20.28676,0.48529,0.97302,0.00028,0.00455,0.02216
20.38971,0.48529,0.26150,0.00015,0.00004,0.73831
20.49265,0.48529,0.16720,0.00039,0.00000,0.83240
20.59559,0.48529,0.99961,0.00000,0.00000,0.00038
20.69853,0.48529,0.97854,0.00001,0.02073,0.00072
20.80147,0.48529,0.99317,0.00000,0.00682,0.00001
20.90441,0.48529,0.98750,0.00039,0.01111,0.00100
21.00735,0.48529,0.08438,0.00066,0.91455,0.00040
21.11029,0.48529,0.03431,0.00021,0.96530,0.00017
21.21324,0.48529,0.04271,0.00024,0.95683,0.00023
21.31618,0.48529,0.09082,0.00047,0.90825,0.00046
21.41912,0.48529,0.36151,0.00052,0.63695,0.00101
21.52206,0.48529,0.99276,0.00001,0.00708,0.00015
21.62500,0.48529,0.99996,0.00000,0.00004,0.00001
21.72794,0.48529,0.99818,0.00003,0.00163,0.00016
21.83088,0.48529,0.92202,0.00002,0.00060,0.07736
21.93382,0.48529,0.35143,0.00001,0.00001,0.64856
22.03676,0.48529,0.55022,0.00004,0.00000,0.44974
22.13971,0.48529,0.99945,0.00000,0.00006,0.00049
22.24265,0.48529,0.99921,0.00001,0.00074,0.00004
22.34559,0.48529,0.99983,0.00000,0.00017,0.00000
22.44853,0.48529,0.99975,0.00002,0.00023,0.00001
22.55147,0.48529,0.03371,0.00018,0.96595,0.00016
22.65441,0.48529,0.03133,0.00014,0.96839,0.00014
22.75735,0.48529,0.03324,0.00014,0.96649,0.00013
22.86029,0.48529,0.05167,0.00027,0.94776,0.00030
22.96324,0.48529,0.19398,0.00080,0.80407,0.00115
23.06618,0.48529,0.89747,0.00010,0.10182,0.00062
23.16912,0.48529,0.99931,0.00000,0.00008,0.00060
23.27206,0.48529,0.99206,0.00021,0.00564,0.00209
23.37500,0.48529,0.99456,0.00028,0.00109,0.00407
23.47794,0.48529,0.62215,0.00130,0.00168,0.37487
23.58088,0.48529,0.27878,0.00006,0.00000,0.72115
23.68382,0.48529,0.99926,0.00000,0.00012,0.00062
23.78676,0.48529,0.99956,0.00001,0.00041,0.00003
23.88971,0.48529,0.99983,0.00000,0.00017,0.00000
23.99265,0.48529,0.99966,0.00001,0.00032,0.00001
24.09559,0.48529,0.02804,0.00012,0.97172,0.00011
24.19853,0.48529,0.02880,0.00017,0.97089,0.00014
24.30147,0.48529,0.03634,0.00019,0.96326,0.00021
24.40441,0.48529,0.08784,0.00049,0.91117,0.00049
24.50735,0.48529,0.36167,0.00051,0.63672,0.00109
24.61029,0.48529,0.99979,0.00000,0.00005,0.00016
24.71324,0.48529,0.99867,0.00006,0.00108,0.00020
24.81618,0.48529,0.99780,0.00038,0.00071,0.00111
24.91912,0.48529,0.58489,0.00099,0.00028,0.41385
25.02206,0.48529,0.80048,0.00001,0.00000,0.19951
25.12500,0.48529,0.99935,0.00000,0.00016,0.00049
25.22794,0.48529,0.99950,0.00000,0.00049,0.00001
25.33088,0.48529,0.99983,0.00000,0.00017,0.00000
25.43382,0.48529,0.99993,0.00000,0.00007,0.00000
25.53676,0.48529,0.02623,0.00011,0.97355,0.00012
25.63971,0.48529,0.02327,0.00010,0.97649,0.00014
25.74265,0.48529,0.02954,0.00017,0.97015,0.00014
25.84559,0.48529,0.04660,0.00036,0.95278,0.00026
25.94853,0.48529,0.10066,0.00049,0.89838,0.00047
26.05147,0.48529,0.27311,0.00065,0.72542,0.00082
26.15441,0.48529,0.92960,0.00005,0.06997,0.00037
26.25735,0.48529,0.99995,0.00001,0.00000,0.00005
26.36029,0.48529,0.99861,0.00002,0.00128,0.00010
26.46324,0.48529,0.97470,0.00011,0.00079,0.02440
26.56618,0.48529,0.09036,0.00001,0.00006,0.90958
26.66912,0.48529,0.99902,0.00000,0.00000,0.00097
26.77206,0.48529,0.99925,0.00000,0.00067,0.00008
26.87500,0.48529,0.99966,0.00001,0.00033,0.00000
26.97794,0.48529,0.16598,0.00054,0.83321,0.00028
27.08088,0.48529,0.03334,0.00023,0.96625,0.00017
27.18382,0.48529,0.02517,0.00008,0.97465,0.00010
27.28676,0.48529,0.02852,0.00010,0.97125,0.00012
27.38971,0.48529,0.03607,0.00020,0.96351,0.00023
27.49265,0.48529,0.15444,0.00075,0.84407,0.00073
27.59559,0.48529,0.92991,0.00006,0.06957,0.00046
27.69853,0.48529,0.99993,0.00000,0.00002,0.00005
27.80147,0.48529,0.97674,0.00128,0.01806,0.00392
27.90441,0.48529,0.98564,0.00049,0.00513,0.00874
28.00735,0.48529,0.14500,0.00013,0.00008,0.85480
28.11029,0.48529,0.99992,0.00000,0.00003,0.00006
28.21324,0.48529,0.99795,0.00000,0.00175,0.00030
28.31618,0.48529,0.98346,0.00000,0.01649,0.00005
28.41912,0.48529,0.99909,0.00021,0.00020,0.00050
28.52206,0.48529,0.05636,0.00025,0.94315,0.00024
28.62500,0.48529,0.04686,0.00036,0.95252,0.00026
28.72794,0.48529,0.05115,0.00040,0.94806,0.00038
28.83088,0.48529,0.08133,0.00051,0.91761,0.00055
28.93382,0.48529,0.32358,0.00071,0.67445,0.00126
29.03676,0.48529,0.89869,0.00009,0.10068,0.00054
29.13971,0.48529,0.99965,0.00001,0.00017,0.00018
29.24265,0.48529,0.99899,0.00001,0.00034,0.00066
29.34559,0.48529,0.98653,0.00160,0.00870,0.00317
29.44853,0.48529,0.37238,0.00464,0.00865,0.61432
29.55147,0.48529,0.63895,0.00004,0.00003,0.36098
29.65441,0.48529,0.99970,0.00000,0.00005,0.00025
29.75735,0.48529,0.99989,0.00000,0.00011,0.00000
29.86029,0.48529,0.99981,0.00000,0.00019,0.00000
29.96324,0.48529,1.00000,0.00000,0.00000,0.00000
30.06618,0.48529,0.04624,0.00036,0.95316,0.00024
30.16912,0.48529,0.04445,0.00027,0.95502,0.00026
30.27206,0.48529,0.07324,0.00038,0.92594,0.00043
30.37500,0.48529,0.20689,0.00046,0.79190,0.00075
30.47794,0.48529,0.87278,0.00009,0.12655,0.00058
30.58088,0.48529,0.99732,0.00000,0.00044,0.00223
30.68382,0.48529,0.99734,0.00008,0.00221,0.00037
30.78676,0.48529,0.98458,0.00056,0.00654,0.00832
30.88971,0.48529,0.55302,0.00250,0.00171,0.44277
30.99265,0.48529,0.39834,0.00010,0.00000,0.60155
31.09559,0.48529,0.99942,0.00000,0.00038,0.00020
31.19853,0.48529,0.99970,0.00002,0.00021,0.00007
31.30147,0.48529,0.99989,0.00000,0.00011,0.00000
31.40441,0.48529,0.93260,0.00089,0.06635,0.00016
31.50735,0.48529,0.02451,0.00008,0.97531,0.00010
31.61029,0.48529,0.02212,0.00006,0.97775,0.00007
31.71324,0.48529,0.02158,0.00011,0.97821,0.00010
31.81618,0.48529,0.03072,0.00019,0.96891,0.00018
31.91912,0.48529,0.12561,0.00104,0.87266,0.00069
32.02206,0.48529,0.85604,0.00013,0.14327,0.00056
32.12500,0.48529,0.99998,0.00000,0.00002,0.00001
32.22794,0.48529,0.98214,0.00009,0.01771,0.00006
32.33088,0.48529,0.99456,0.00001,0.00044,0.00499
32.43382,0.48529,0.29260,0.00004,0.00001,0.70735
32.53677,0.48529,0.08833,0.00123,0.00016,0.91028
32.63971,0.48529,0.09181,0.00113,0.00014,0.90692
32.74265,0.48529,0.08726,0.00110,0.00014,0.91150
32.84559,0.48529,0.08859,0.00102,0.00013,0.91027
32.94853,0.48529,0.09068,0.00104,0.00013,0.90815
33.05147,0.48529,0.09430,0.00101,0.00012,0.90456
33.15441,0.48529,0.11079,0.00109,0.00015,0.88796
33.25735,0.48529,0.44723,0.00064,0.00001,0.55213
33.36029,0.48529,0.99966,0.00000,0.00018,0.00016
33.46323,0.48529,0.99938,0.00002,0.00052,0.00009
33.56618,0.48529,0.99990,0.00000,0.00010,0.00000
33.66912,0.48529,0.99049,0.00023,0.00919,0.00009
33.77206,0.48529,0.02659,0.00010,0.97322,0.00009
33.87500,0.48529,0.03230,0.00022,0.96730,0.00018
33.97794,0.48529,0.04329,0.00023,0.95627,0.00021
34.08088,0.48529,0.05511,0.00030,0.94420,0.00039
34.18382,0.48529,0.15809,0.00071,0.84031,0.00089
34.28677,0.48529,0.96290,0.00004,0.03675,0.00031
34.38971,0.48529,0.99988,0.00000,0.00002,0.00010
34.49265,0.48529,0.97461,0.00152,0.01682,0.00705
34.59559,0.48529,0.75201,0.00036,0.02417,0.22346
34.69853,0.48529,0.94827,0.00004,0.00005,0.05164
34.80147,0.48529,0.99823,0.00000,0.00170,0.00007
34.90441,0.48529,0.98162,0.00000,0.01794,0.00044
35.00735,0.48529,0.99557,0.00017,0.00413,0.00012
35.11029,0.48529,0.07039,0.00036,0.92890,0.00034
35.21323,0.48529,0.04242,0.00029,0.95703,0.00027
35.31618,0.48529,0.04438,0.00026,0.95504,0.00031
35.41912,0.48529,0.07199,0.00036,0.92723,0.00042
35.52206,0.48529,0.22453,0.00048,0.77406,0.00093
35.62500,0.48529,0.80952,0.00016,0.18963,0.00069
35.72794,0.48529,0.99995,0.00000,0.00000,0.00004
35.83088,0.48529,0.99466,0.00035,0.00434,0.00066
35.93382,0.48529,0.99926,0.00011,0.00049,0.00014
36.03677,0.48529,0.04224,0.00001,0.00009,0.95767
36.13971,0.48529,0.99996,0.00000,0.00003,0.00002
36.24265,0.48529,0.99618,0.00000,0.00365,0.00017
36.34559,0.48529,0.99073,0.00000,0.00924,0.00002
36.44853,0.48529,0.99999,0.00000,0.00001,0.00000
36.55147,0.48529,0.08778,0.00033,0.91144,0.00045
36.65441,0.48529,0.05834,0.00036,0.94083,0.00047
36.75735,0.48529,0.11385,0.00032,0.88516,0.00067
36.86029,0.48529,0.68064,0.00032,0.31815,0.00089
36.96323,0.48529,0.99439,0.00001,0.00540,0.00020
37.06618,0.48529,0.99987,0.00000,0.00009,0.00004
37.16912,0.48529,0.99321,0.00003,0.00650,0.00026
37.27206,0.48529,0.96026,0.00003,0.00423,0.03548
37.37500,0.48529,0.08205,0.00004,0.00000,0.91791
37.47794,0.48529,0.99994,0.00000,0.00003,0.00003
37.58088,0.48529,0.99841,0.00000,0.00141,0.00018
37.68382,0.48529,0.99099,0.00000,0.00882,0.00018
37.78677,0.48529,0.99840,0.00034,0.00051,0.00075
37.88971,0.48529,0.11544,0.00046,0.88357,0.00053
37.99265,0.48529,0.06160,0.00033,0.93760,0.00047
38.09559,0.48529,0.07601,0.00038,0.92305,0.00056
38.19853,0.48529,0.54263,0.00047,0.45571,0.00119
38.30147,0.48529,0.99963,0.00000,0.00007,0.00030
38.40441,0.48529,0.99984,0.00000,0.00015,0.00001
38.50735,0.48529,0.99024,0.00016,0.00827,0.00133
38.61029,0.48529,0.73765,0.00046,0.01189,0.25000
38.71323,0.48529,0.34154,0.00000,0.00000,0.65846
38.81618,0.48529,0.99982,0.00000,0.00007,0.00010
38.91912,0.48529,0.99995,0.00000,0.00003,0.00003
39.02206,0.48529,0.99983,0.00000,0.00017,0.00001
39.12500,0.48529,0.97921,0.00298,0.01611,0.00169
39.22794,0.48529,0.09306,0.00039,0.90619,0.00036
39.33088,0.48529,0.05908,0.00038,0.94009,0.00045
39.43382,0.48529,0.05996,0.00036,0.93916,0.00052
39.53677,0.48529,0.54216,0.00053,0.45614,0.00117
39.63971,0.48529,0.99988,0.00000,0.00004,0.00007
39.74265,0.48529,0.99806,0.00001,0.00037,0.00157
39.84559,0.48529,0.99719,0.00023,0.00199,0.00059
39.94853,0.48529,0.10094,0.00008,0.00165,0.89733
40.05147,0.48529,0.99701,0.00002,0.00002,0.00295
40.15441,0.48529,0.99987,0.00000,0.00009,0.00004
40.25735,0.48529,0.99206,0.00000,0.00655,0.00139
40.36029,0.48529,0.99982,0.00006,0.00010,0.00002
40.46323,0.48529,0.41209,0.00256,0.58451,0.00084
40.56618,0.48529,0.05926,0.00042,0.93994,0.00038
40.66912,0.48529,0.05357,0.00037,0.94567,0.00039
40.77206,0.48529,0.05967,0.00050,0.93932,0.00051
40.87500,0.48529,0.09246,0.00039,0.90653,0.00062
40.97794,0.48529,0.76812,0.00023,0.23084,0.00082
41.08088,0.48529,0.99992,0.00000,0.00000,0.00008
41.18382,0.48529,0.99649,0.00001,0.00324,0.00025
41.28677,0.48529,0.48555,0.00001,0.00053,0.51390
41.38971,0.48529,0.95863,0.00000,0.00034,0.04103
41.49265,0.48529,0.99960,0.00001,0.00012,0.00028
41.59559,0.48529,0.98817,0.00000,0.01176,0.00007
41.69853,0.48529,0.99998,0.00001,0.00001,0.00001
41.80147,0.48529,0.11421,0.00035,0.88508,0.00036
41.90441,0.48529,0.05494,0.00036,0.94436,0.00034
42.00735,0.48529,0.04593,0.00030,0.95342,0.00035
42.11029,0.48529,0.06466,0.00045,0.93438,0.00051
42.21323,0.48529,0.13891,0.00053,0.85974,0.00081
42.31618,0.48529,0.90325,0.00012,0.09595,0.00067
42.41912,0.48529,0.99995,0.00000,0.00003,0.00002
42.52206,0.48529,0.94303,0.00001,0.05690,0.00007
42.62500,0.48529,0.97891,0.00000,0.00098,0.02011
42.72794,0.48529,0.48348,0.00004,0.00054,0.51594
42.83088,0.48529,0.99490,0.00000,0.00496,0.00014
42.93382,0.48529,0.97519,0.00001,0.02350,0.00131
43.03677,0.48529,0.99694,0.00036,0.00258,0.00012
43.13971,0.48529,0.40239,0.00136,0.59568,0.00057
43.24265,0.48529,0.07935,0.00040,0.91979,0.00047
43.34559,0.48529,0.05921,0.00034,0.93993,0.00052
43.44853,0.48529,0.18527,0.00047,0.81348,0.00078
43.55147,0.48529,0.87455,0.00013,0.12462,0.00070
43.65441,0.48529,0.99355,0.00001,0.00121,0.00522
43.75735,0.48529,0.99454,0.00004,0.00496,0.00045
43.86029,0.48529,0.96602,0.00036,0.02092,0.01270
43.96323,0.48529,0.29659,0.00159,0.00212,0.69970
44.06618,0.48529,0.99711,0.00011,0.00002,0.00275
44.16912,0.48529,0.99936,0.00000,0.00052,0.00012
44.27206,0.48529,0.97934,0.00001,0.01808,0.00256
44.37500,0.48529,0.99905,0.00008,0.00084,0.00003
44.47794,0.48529,0.24574,0.00105,0.75251,0.00071
44.58088,0.48529,0.06096,0.00026,0.93836,0.00042
44.68382,0.48529,0.27336,0.00056,0.72507,0.00101
44.78677,0.48529,0.76987,0.00024,0.22877,0.00112
44.88971,0.48529,0.99967,0.00000,0.00003,0.00030
44.99265,0.48529,0.99963,0.00000,0.00033,0.00005
45.09559,0.48529,0.99448,0.00008,0.00393,0.00151
45.19853,0.48529,0.87607,0.00037,0.02422,0.09934
45.30147,0.48529,0.20301,0.00000,0.00001,0.79698
45.40441,0.48529,0.99990,0.00000,0.00005,0.00005
45.50735,0.48529,0.99272,0.00000,0.00655,0.00073
45.61029,0.48529,0.98336,0.00000,0.01645,0.00019
45.71323,0.48529,0.99998,0.00000,0.00001,0.00001
45.81618,0.48529,0.20531,0.00059,0.79361,0.00049
45.91912,0.48529,0.06152,0.00024,0.93781,0.00043
46.02206,0.48529,0.27798,0.00037,0.72085,0.00080
46.12500,0.48529,0.99843,0.00002,0.00102,0.00053
46.22794,0.48529,0.99819,0.00001,0.00091,0.00089
46.33088,0.48529,0.96349,0.00036,0.03360,0.00255
46.43382,0.48529,0.82794,0.00081,0.01050,0.16075
46.53677,0.48529,0.09535,0.00003,0.00001,0.90461
46.63971,0.48529,0.99986,0.00000,0.00002,0.00013
46.74265,0.48529,0.99855,0.00000,0.00092,0.00053
46.84559,0.48529,0.99416,0.00000,0.00563,0.00022
46.94853,0.48529,0.99908,0.00048,0.00021,0.00023
47.05147,0.48529,0.18368,0.00077,0.81493,0.00062
47.15441,0.48529,0.05277,0.00021,0.94662,0.00039
47.25735,0.48529,0.19188,0.00050,0.80681,0.00081
47.36029,0.48529,0.86048,0.00010,0.13876,0.00066
47.46323,0.48529,0.99855,0.00000,0.00046,0.00099
47.56618,0.48529,0.97373,0.00123,0.02171,0.00333
47.66912,0.48529,0.99805,0.00053,0.00081,0.00062
47.77206,0.48529,0.39348,0.00180,0.00087,0.60385
47.87500,0.48529,0.07716,0.00054,0.00010,0.92221
47.97794,0.48529,0.67159,0.00003,0.00003,0.32835
48.08088,0.48529,0.99982,0.00000,0.00006,0.00012
48.18382,0.48529,0.99324,0.00000,0.00666,0.00010
48.28677,0.48529,0.99346,0.00000,0.00651,0.00002
48.38971,0.48529,0.99997,0.00000,0.00002,0.00001
48.49265,0.48529,0.08332,0.00027,0.91592,0.00049
48.59559,0.48529,0.05710,0.00024,0.94222,0.00045
48.69853,0.48529,0.12549,0.00027,0.87359,0.00065
48.80147,0.48529,0.72444,0.00015,0.27450,0.00091
48.90441,0.48529,0.99873,0.00007,0.00070,0.00050
49.00735,0.48529,0.99625,0.00003,0.00260,0.00112
49.11029,0.48529,0.99495,0.00092,0.00336,0.00076
49.21323,0.48529,0.69331,0.00497,0.00244,0.29929
49.31618,0.48529,0.04629,0.00108,0.00008,0.95254
49.41912,0.48529,0.06299,0.00142,0.00017,0.93543
49.52206,0.48529,0.99828,0.00001,0.00001,0.00170
49.62500,0.48529,0.99922,0.00000,0.00058,0.00020
49.72794,0.48529,0.99226,0.00001,0.00617,0.00156
49.83088,0.48529,0.99921,0.00005,0.00070,0.00005
49.93382,0.48529,0.40302,0.00143,0.59466,0.00088
50.03677,0.48529,0.05500,0.00019,0.94441,0.00040
50.13971,0.48529,0.11934,0.00031,0.87976,0.00059
50.24265,0.48529,0.73349,0.00014,0.26560,0.00077
50.34559,0.48529,0.99467,0.00005,0.00496,0.00032
50.44853,0.48529,0.99805,0.00001,0.00045,0.00150
50.55147,0.48529,0.99419,0.00233,0.00295,0.00053
50.65441,0.48529,0.31589,0.00176,0.00523,0.67711
50.75735,0.48529,0.07185,0.00036,0.00002,0.92778
50.86029,0.48529,0.04982,0.00215,0.00019,0.94783
50.96323,0.48529,0.98795,0.00005,0.00001,0.01200
51.06618,0.48529,0.99895,0.00000,0.00092,0.00013
51.16912,0.48529,0.99699,0.00002,0.00278,0.00022
51.27206,0.48529,0.99794,0.00003,0.00200,0.00003
51.37500,0.48529,0.10586,0.00040,0.89324,0.00049
51.47794,0.48529,0.05608,0.00020,0.94334,0.00038
51.58088,0.48529,0.06301,0.00029,0.93618,0.00052
51.68382,0.48529,0.27760,0.00041,0.72115,0.00083
51.78677,0.48529,0.83362,0.00011,0.16548,0.00079
51.88971,0.48529,0.99244,0.00011,0.00573,0.00173
51.99265,0.48529,0.99857,0.00001,0.00048,0.00093
52.09559,0.48529,0.98608,0.00260,0.00829,0.00303
52.19853,0.48529,0.68215,0.00845,0.00245,0.30695
52.30147,0.48529,0.04612,0.00059,0.00004,0.95326
52.40441,0.48529,0.04167,0.00217,0.00018,0.95598
52.50735,0.48529,0.99612,0.00001,0.00000,0.00388
52.61029,0.48529,0.99880,0.00000,0.00098,0.00021
52.71323,0.48529,0.99885,0.00001,0.00084,0.00030
52.81618,0.48529,0.99602,0.00001,0.00383,0.00014
52.91912,0.48529,0.79539,0.00145,0.20271,0.00044
53.02206,0.48529,0.05667,0.00015,0.94286,0.00032
53.12500,0.48529,0.13138,0.00025,0.86782,0.00054
53.22794,0.48529,0.73537,0.00015,0.26347,0.00100
53.33088,0.48529,0.99871,0.00001,0.00091,0.00037
53.43382,0.48529,0.99856,0.00001,0.00059,0.00085
53.53677,0.48529,0.98434,0.00205,0.01033,0.00328
53.63971,0.48529,0.59117,0.00863,0.00443,0.39577
53.74265,0.48529,0.05880,0.00143,0.00008,0.93969
53.84559,0.48529,0.08606,0.00097,0.00016,0.91281
53.94853,0.48529,0.14676,0.00032,0.00003,0.85289
54.05147,0.48529,0.99944,0.00002,0.00003,0.00051
54.15441,0.48529,0.99253,0.00000,0.00691,0.00056
54.25735,0.48529,0.96210,0.00001,0.03667,0.00122
54.36029,0.48529,0.99528,0.00016,0.00427,0.00028
54.46323,0.48529,0.11305,0.00033,0.88611,0.00051
54.56618,0.48529,0.14267,0.00024,0.85654,0.00055
54.66912,0.48529,0.63808,0.00025,0.36048,0.00119
54.77206,0.48529,0.99985,0.00000,0.00001,0.00015
54.87500,0.48529,0.99891,0.00000,0.00096,0.00013
54.97794,0.48529,0.99417,0.00006,0.00399,0.00179
55.08088,0.48529,0.85546,0.00042,0.00440,0.13973
55.18382,0.48529,0.22974,0.00002,0.00001,0.77024
55.28677,0.48529,0.08440,0.00096,0.00016,0.91448
55.38971,0.48529,0.14977,0.00017,0.00001,0.85005
55.49265,0.48529,0.99877,0.00002,0.00002,0.00120
55.59559,0.48529,0.98058,0.00001,0.01809,0.00132
55.69853,0.48529,0.98522,0.00001,0.01458,0.00019
55.80147,0.48529,0.98687,0.00122,0.01076,0.00116
55.90441,0.48529,0.11779,0.00049,0.88121,0.00051
56.00735,0.48529,0.05489,0.00033,0.94429,0.00049
56.11029,0.48529,0.28635,0.00051,0.71210,0.00104
56.21323,0.48529,0.92630,0.00008,0.07303,0.00058
56.31618,0.48529,0.99880,0.00001,0.00009,0.00109
56.41912,0.48529,0.99931,0.00005,0.00054,0.00010
56.52206,0.48529,0.99538,0.00058,0.00138,0.00267
56.62500,0.48529,0.43427,0.00012,0.00012,0.56549
56.72794,0.48529,0.02681,0.00047,0.00000,0.97272
56.83088,0.48529,0.09391,0.00094,0.00016,0.90499
56.93382,0.48529,0.61215,0.00011,0.00003,0.38771
57.03677,0.48529,0.99929,0.00000,0.00042,0.00028
57.13971,0.48529,0.99885,0.00002,0.00058,0.00055
57.24265,0.48529,0.99966,0.00000,0.00033,0.00001
57.34559,0.48529,0.94506,0.00123,0.05330,0.00041
57.44853,0.48529,0.06462,0.00017,0.93491,0.00030
57.55147,0.48529,0.20620,0.00036,0.79269,0.00076
57.65441,0.48529,0.89128,0.00009,0.10787,0.00076
57.75735,0.48529,0.99850,0.00002,0.00021,0.00127
57.86029,0.48529,0.99894,0.00006,0.00086,0.00015
57.96323,0.48529,0.99487,0.00093,0.00162,0.00258
58.06618,0.48529,0.39975,0.00018,0.00020,0.59988
58.16912,0.48529,0.02869,0.00056,0.00000,0.97075
58.27206,0.48529,0.10047,0.00097,0.00013,0.89843
58.37500,0.48529,0.78017,0.00006,0.00009,0.21968
58.47794,0.48529,0.99987,0.00000,0.00009,0.00005
58.58088,0.48529,0.99792,0.00001,0.00108,0.00099
58.68382,0.48529,0.99982,0.00000,0.00017,0.00001
58.78677,0.48529,0.91257,0.00135,0.08581,0.00027
58.88971,0.48529,0.07683,0.00032,0.92240,0.00044
58.99265,0.48529,0.09328,0.00027,0.90599,0.00046
59.09559,0.48529,0.81336,0.00016,0.18565,0.00083
59.19853,0.48529,0.99912,0.00004,0.00044,0.00039
59.30147,0.48529,0.99519,0.00004,0.00329,0.00148
59.40441,0.48529,0.99372,0.00120,0.00408,0.00099
59.50735,0.48529,0.68749,0.00574,0.00281,0.30396
59.61029,0.48529,0.04504,0.00094,0.00010,0.95392
59.71323,0.48529,0.08060,0.00103,0.00018,0.91819
59.81618,0.48529,0.98818,0.00002,0.00000,0.01180
59.91912,0.48529,0.99954,0.00000,0.00013,0.00032
60.02206,0.48529,0.99837,0.00001,0.00145,0.00017
60.12500,0.48529,0.99899,0.00001,0.00096,0.00005
60.22794,0.48529,0.40717,0.00157,0.59026,0.00100
60.33088,0.48529,0.13318,0.00026,0.86602,0.00054
60.43382,0.48529,0.67772,0.00024,0.32081,0.00123
60.53677,0.48529,0.99485,0.00001,0.00490,0.00024
60.63971,0.48529,0.99535,0.00001,0.00237,0.00227
60.74265,0.48529,0.95555,0.00120,0.04027,0.00299
60.84559,0.48529,0.87214,0.00047,0.00560,0.12178
60.94853,0.48529,0.16345,0.00021,0.00010,0.83624
61.05147,0.48529,0.09300,0.00098,0.00017,0.90585
61.15441,0.48529,0.19691,0.00013,0.00002,0.80294
61.25735,0.48529,0.99925,0.00003,0.00012,0.00060
61.36029,0.48529,0.97469,0.00000,0.02491,0.00040
61.46323,0.48529,0.97219,0.00001,0.02691,0.00088
61.56618,0.48529,0.99016,0.00026,0.00917,0.00040
61.66912,0.48529,0.19767,0.00059,0.80118,0.00056
61.77206,0.48529,0.07061,0.00018,0.92883,0.00038
61.87500,0.48529,0.39098,0.00039,0.60754,0.00110
61.97794,0.48529,0.94098,0.00007,0.05804,0.00091
62.08088,0.48529,0.99162,0.00002,0.00214,0.00622
62.18382,0.48529,0.97536,0.00057,0.02190,0.00218
62.28677,0.48529,0.97424,0.00088,0.01476,0.01011
62.38971,0.48529,0.79684,0.00400,0.00087,0.19828
62.49265,0.48529,0.04738,0.00031,0.00003,0.95228
62.59559,0.48529,0.11913,0.00039,0.00008,0.88040
62.69853,0.48529,0.99868,0.00070,0.00006,0.00055
62.80147,0.48529,0.99972,0.00000,0.00025,0.00003
62.90441,0.48529,0.99288,0.00000,0.00572,0.00140
63.00735,0.48529,0.99906,0.00010,0.00080,0.00003
63.11029,0.48529,0.26247,0.00040,0.73645,0.00067
63.21323,0.48529,0.45375,0.00024,0.54484,0.00117
63.31618,0.48529,0.94521,0.00005,0.05392,0.00082
63.41912,0.48529,0.99976,0.00000,0.00010,0.00013
63.52206,0.48529,0.99888,0.00006,0.00061,0.00045
63.62500,0.48529,0.99286,0.00065,0.00393,0.00256
63.72794,0.48529,0.57985,0.01922,0.00204,0.39889
63.83088,0.48529,0.07766,0.00149,0.00013,0.92071
63.93382,0.48530,0.07962,0.00102,0.00018,0.91918
64.03677,0.48529,0.21531,0.00038,0.00001,0.78430
64.13971,0.48529,0.99936,0.00001,0.00001,0.00062
64.24265,0.48530,0.98988,0.00001,0.00936,0.00076
64.34559,0.48529,0.98417,0.00000,0.01540,0.00043
64.44853,0.48529,0.99642,0.00038,0.00215,0.00105
64.55147,0.48530,0.13805,0.00032,0.86113,0.00049
64.65441,0.48530,0.35632,0.00023,0.64261,0.00084
64.75735,0.48529,0.93911,0.00004,0.06016,0.00069
64.86029,0.48530,0.99991,0.00000,0.00003,0.00006
64.96323,0.48530,0.99917,0.00003,0.00050,0.00030
65.06618,0.48529,0.99364,0.00039,0.00445,0.00151
65.16912,0.48529,0.64268,0.01177,0.00204,0.34351
65.27206,0.48530,0.06600,0.00073,0.00012,0.93315
65.37500,0.48529,0.08094,0.00097,0.00017,0.91792
65.47794,0.48529,0.21690,0.00016,0.00001,0.78293
65.58088,0.48530,0.99970,0.00000,0.00004,0.00026
65.68382,0.48530,0.99066,0.00000,0.00471,0.00462
65.78677,0.48529,0.99354,0.00000,0.00587,0.00059
65.88971,0.48529,0.99966,0.00005,0.00013,0.00016
65.99265,0.48530,0.29240,0.00056,0.70612,0.00092
66.09559,0.48529,0.46965,0.00012,0.52906,0.00116
66.19853,0.48529,0.98202,0.00001,0.01767,0.00031
66.30147,0.48530,0.99494,0.00006,0.00163,0.00338
66.40441,0.48530,0.98763,0.00039,0.01043,0.00155
66.50735,0.48529,0.98636,0.00272,0.00689,0.00403
66.61029,0.48530,0.41110,0.00095,0.00080,0.58716
66.71323,0.48530,0.03495,0.00062,0.00001,0.96442
66.81618,0.48529,0.08418,0.00103,0.00019,0.91461
66.91912,0.48529,0.10048,0.00105,0.00021,0.89827
67.02206,0.48530,0.65942,0.00018,0.00005,0.34035
67.12500,0.48529,0.99847,0.00000,0.00078,0.00075
67.22794,0.48529,0.99551,0.00003,0.00297,0.00148
67.33088,0.48530,0.99891,0.00000,0.00104,0.00005
67.43382,0.48530,0.93105,0.00037,0.06820,0.00038
67.53677,0.48529,0.26884,0.00019,0.73001,0.00096
67.63971,0.48529,0.92489,0.00002,0.07441,0.00067
67.74265,0.48530,0.99979,0.00000,0.00005,0.00017
67.84559,0.48529,0.96643,0.00036,0.03092,0.00229
67.94853,0.48529,0.99467,0.00086,0.00386,0.00061
68.05147,0.48530,0.43462,0.00238,0.00210,0.56090
68.15441,0.48530,0.04422,0.00039,0.00016,0.95523
68.25735,0.48529,0.08491,0.00105,0.00019,0.91386
68.36029,0.48530,0.09635,0.00117,0.00021,0.90227
68.46323,0.48530,0.65865,0.00002,0.00006,0.34128
68.56618,0.48529,0.99965,0.00000,0.00012,0.00023
68.66912,0.48529,0.99693,0.00000,0.00287,0.00020
68.77206,0.48530,0.95874,0.00000,0.04096,0.00030
68.87500,0.48529,0.99999,0.00000,0.00001,0.00000
68.97794,0.48529,0.29271,0.00018,0.70591,0.00120
69.08088,0.48530,0.95998,0.00002,0.03948,0.00052
69.18382,0.48530,0.98160,0.00004,0.00918,0.00918
69.28677,0.48529,0.98820,0.00035,0.00994,0.00151
69.38971,0.48529,0.96964,0.00186,0.02164,0.00687
69.49265,0.48530,0.60806,0.00237,0.00160,0.38797
69.59559,0.48529,0.03590,0.00038,0.00001,0.96370
69.69853,0.48529,0.08492,0.00108,0.00020,0.91380
69.80147,0.48530,0.08956,0.00115,0.00020,0.90909
69.90441,0.48530,0.23556,0.00012,0.00001,0.76431
70.00735,0.48529,0.99868,0.00001,0.00009,0.00121
70.11029,0.48530,0.99430,0.00000,0.00459,0.00111
70.21323,0.48530,0.99096,0.00001,0.00674,0.00230
70.31618,0.48529,0.99356,0.00049,0.00357,0.00238
70.41912,0.48529,0.27725,0.00019,0.72151,0.00106
70.52206,0.48530,0.85065,0.00005,0.14833,0.00096
70.62500,0.48529,0.99990,0.00000,0.00004,0.00005
70.72794,0.48529,0.99924,0.00003,0.00050,0.00022
70.83088,0.48530,0.99539,0.00011,0.00399,0.00052
70.93382,0.48530,0.69825,0.00960,0.00091,0.29125
71.03677,0.48529,0.06268,0.00059,0.00011,0.93662
71.13971,0.48529,0.08666,0.00108,0.00021,0.91205
71.24265,0.48530,0.08705,0.00110,0.00021,0.91164
71.34559,0.48529,0.11013,0.00115,0.00026,0.88847
71.44853,0.48529,0.53907,0.00011,0.00008,0.46075
71.55147,0.48530,0.99993,0.00000,0.00002,0.00005
71.65441,0.48530,0.99999,0.00000,0.00001,0.00000
71.75735,0.48529,0.99725,0.00000,0.00265,0.00010
71.86029,0.48530,1.00000,0.00000,0.00000,0.00000
71.96323,0.48530,0.40473,0.00017,0.59385,0.00125
72.06618,0.48529,0.99934,0.00000,0.00046,0.00019
72.16912,0.48529,0.99755,0.00000,0.00212,0.00032
72.27206,0.48530,0.98654,0.00037,0.00856,0.00453
72.37500,0.48529,0.89946,0.00121,0.00787,0.09146
72.47794,0.48529,0.30202,0.00013,0.00015,0.69769
72.58088,0.48530,0.08543,0.00112,0.00022,0.91323
72.68382,0.48530,0.08631,0.00111,0.00021,0.91237
72.78677,0.48529,0.10882,0.00119,0.00027,0.88972
72.88971,0.48529,0.55339,0.00003,0.00000,0.44659
72.99265,0.48530,0.99958,0.00001,0.00007,0.00034
73.09559,0.48529,1.00000,0.00000,0.00000,0.00000
73.19853,0.48529,0.99633,0.00000,0.00363,0.00003
73.30147,0.48530,1.00000,0.00000,0.00000,0.00000
73.40441,0.48530,0.75895,0.00009,0.23961,0.00135
73.50735,0.48529,0.99975,0.00000,0.00015,0.00011
73.61029,0.48530,0.99866,0.00004,0.00092,0.00038
73.71323,0.48530,0.99402,0.00034,0.00480,0.00084
73.81618,0.48529,0.66912,0.01393,0.00234,0.31461
73.91912,0.48529,0.07311,0.00063,0.00015,0.92611
74.02206,0.48530,0.08706,0.00113,0.00021,0.91160
74.12500,0.48529,0.10517,0.00125,0.00024,0.89333
74.22794,0.48529,0.66611,0.00003,0.00001,0.33385
74.33088,0.48530,0.99910,0.00000,0.00007,0.00083
74.43382,0.48530,0.99668,0.00000,0.00306,0.00025
74.53677,0.48529,0.99938,0.00000,0.00060,0.00002
74.63971,0.48529,0.99995,0.00000,0.00005,0.00001
74.74265,0.48530,0.10373,0.00025,0.89552,0.00051
74.84559,0.48529,0.57574,0.00018,0.42313,0.00094
74.94853,0.48529,0.99667,0.00000,0.00312,0.00020
75.05147,0.48530,0.99659,0.00001,0.00134,0.00206
75.15441,0.48530,0.79270,0.00214,0.18239,0.02277
75.25735,0.48529,0.97474,0.00065,0.00446,0.02015
75.36029,0.48530,0.42879,0.00047,0.00071,0.57003
75.46323,0.48530,0.08768,0.00101,0.00010,0.91121
75.56618,0.48529,0.79411,0.00002,0.00003,0.20585
75.66912,0.48529,0.99901,0.00000,0.00025,0.00074
75.77206,0.48530,0.99698,0.00000,0.00295,0.00007
75.87500,0.48529,0.99834,0.00000,0.00165,0.00001
75.97794,0.48529,0.99997,0.00000,0.00002,0.00000
76.08088,0.48530,0.09179,0.00042,0.90736,0.00042
76.18382,0.48530,0.05557,0.00031,0.94373,0.00039
76.28677,0.48529,0.05805,0.00038,0.94107,0.00050
76.38971,0.48529,0.07917,0.00029,0.92002,0.00052
76.49265,0.48530,0.51493,0.00037,0.48376,0.00094
76.59559,0.48529,0.99998,0.00000,0.00000,0.00002
76.69853,0.48529,0.99472,0.00003,0.00490,0.00035
76.80147,0.48530,0.98692,0.00015,0.01200,0.00093
76.90441,0.48530,0.08950,0.00010,0.00022,0.91018
77.00735,0.48529,0.99100,0.00000,0.00004,0.00896
77.11029,0.48530,0.99772,0.00000,0.00176,0.00051
77.21323,0.48530,0.99470,0.00000,0.00476,0.00053
77.31618,0.48529,0.99750,0.00161,0.00036,0.00053
77.41912,0.48529,0.33494,0.00109,0.66335,0.00062
77.52206,0.48530,0.06661,0.00024,0.93275,0.00040
77.62500,0.48529,0.05467,0.00025,0.94461,0.00046
77.72794,0.48529,0.07979,0.00044,0.91909,0.00068
77.83088,0.48530,0.11764,0.00035,0.88136,0.00064
77.93382,0.48530,0.40049,0.00042,0.59807,0.00102
78.03677,0.48529,0.99825,0.00002,0.00091,0.00081
78.13971,0.48529,0.99683,0.00001,0.00233,0.00084
78.24265,0.48530,0.98135,0.00023,0.01625,0.00218
78.34559,0.48529,0.72891,0.00142,0.05739,0.21228
78.44853,0.48529,0.69751,0.00000,0.00001,0.30247
78.55147,0.48530,0.99948,0.00000,0.00012,0.00039
78.65441,0.48530,0.99801,0.00001,0.00163,0.00036
78.75735,0.48529,0.99927,0.00002,0.00069,0.00002
78.86029,0.48530,0.57286,0.00179,0.42466,0.00069
78.96323,0.48530,0.08811,0.00036,0.91104,0.00049
79.06618,0.48529,0.05628,0.00028,0.94298,0.00047
79.16912,0.48529,0.09486,0.00037,0.90415,0.00062
79.27206,0.48530,0.57376,0.00039,0.42463,0.00122
79.37500,0.48529,0.99986,0.00000,0.00005,0.00009
79.47794,0.48529,0.99500,0.00005,0.00404,0.00091
79.58088,0.48530,0.97692,0.00080,0.01854,0.00374
79.68382,0.48530,0.71271,0.00211,0.00638,0.27880
79.78677,0.48529,0.10584,0.00013,0.00001,0.89402
79.88971,0.48529,0.99881,0.00001,0.00003,0.00115
79.99265,0.48530,0.98573,0.00001,0.01267,0.00159
80.09559,0.48529,0.98782,0.00000,0.01192,0.00026
80.19853,0.48529,0.99222,0.00161,0.00480,0.00137
80.30147,0.48530,0.14051,0.00057,0.85837,0.00054
80.40441,0.48530,0.05783,0.00036,0.94131,0.00050
80.50735,0.48529,0.05969,0.00028,0.93954,0.00049
80.61029,0.48530,0.22702,0.00053,0.77158,0.00087
80.71323,0.48530,0.78934,0.00020,0.20949,0.00097
80.81618,0.48529,0.99629,0.00001,0.00348,0.00023
80.91912,0.48529,0.99303,0.00000,0.00671,0.00026
81.02206,0.48530,0.89161,0.00006,0.10652,0.00181
81.12500,0.48529,0.75218,0.00117,0.21424,0.03241
81.22794,0.48529,0.77581,0.00132,0.07341,0.14946
81.33088,0.48530,0.93954,0.00295,0.03664,0.02087
81.43382,0.48530,0.98800,0.00028,0.01087,0.00085
81.53677,0.48529,0.99734,0.00059,0.00163,0.00044
81.63971,0.48529,0.99312,0.00143,0.00516,0.00028
81.74265,0.48530,0.47077,0.00130,0.52709,0.00084
81.84559,0.48529,0.06034,0.00014,0.93915,0.00038
81.94853,0.48529,0.17669,0.00024,0.82245,0.00062
82.05147,0.48530,0.52188,0.00027,0.47668,0.00118
82.15441,0.48530,0.94994,0.00004,0.04913,0.00089
82.25735,0.48529,0.99056,0.00006,0.00313,0.00625
82.36029,0.48530,0.96628,0.00021,0.03201,0.00149
82.46323,0.48530,0.98316,0.00250,0.00797,0.00636
82.56618,0.48529,0.37361,0.00033,0.00079,0.62527
82.66912,0.48529,0.44403,0.00002,0.00000,0.55595
82.77206,0.48530,0.99971,0.00000,0.00008,0.00021
82.87500,0.48529,0.99554,0.00000,0.00439,0.00007
82.97794,0.48529,0.99687,0.00000,0.00312,0.00001
83.08088,0.48530,0.99997,0.00000,0.00002,0.00000
83.18382,0.48530,0.08064,0.00030,0.91866,0.00040
83.28677,0.48529,0.06038,0.00034,0.93880,0.00048
83.38971,0.48529,0.06032,0.00040,0.93869,0.00060
83.49265,0.48530,0.32167,0.00044,0.67682,0.00107
83.59559,0.48529,0.97768,0.00002,0.02195,0.00034
83.69853,0.48529,0.99802,0.00002,0.00034,0.00162
83.80147,0.48530,0.97905,0.00046,0.01488,0.00561
83.90441,0.48530,0.98795,0.00042,0.00680,0.00482
84.00735,0.48529,0.59396,0.00183,0.00117,0.40304
84.11029,0.48530,0.59569,0.00001,0.00001,0.40430
84.21323,0.48530,0.99938,0.00000,0.00019,0.00043
84.31618,0.48529,0.99664,0.00000,0.00323,0.00014
84.41912,0.48529,0.99527,0.00000,0.00468,0.00006
84.52206,0.48530,0.99999,0.00000,0.00001,0.00000
84.62500,0.48529,0.19069,0.00065,0.80813,0.00053
84.72794,0.48529,0.06005,0.00019,0.93938,0.00038
84.83088,0.48530,0.30025,0.00033,0.69862,0.00081
84.93382,0.48530,0.97191,0.00002,0.02758,0.00049
85.03677,0.48529,0.98827,0.00001,0.00498,0.00674
85.13971,0.48529,0.99103,0.00029,0.00729,0.00139
85.24265,0.48530,0.97227,0.00100,0.01788,0.00885
85.34559,0.48529,0.55059,0.00240,0.00170,0.44531
85.44853,0.48529,0.63768,0.00001,0.00000,0.36231
85.55147,0.48530,0.99964,0.00000,0.00010,0.00026
85.65441,0.48530,0.99676,0.00000,0.00319,0.00005
85.75735,0.48529,0.99546,0.00000,0.00452,0.00002
85.86029,0.48530,0.99998,0.00000,0.00001,0.00000
85.96323,0.48530,0.11705,0.00047,0.88196,0.00052
86.06618,0.48529,0.05690,0.00026,0.94242,0.00043
86.16912,0.48529,0.10223,0.00036,0.89682,0.00059
86.27206,0.48530,0.70000,0.00024,0.29858,0.00118
86.37500,0.48529,0.99185,0.00003,0.00751,0.00061
86.47794,0.48529,0.99789,0.00000,0.00040,0.00171
86.58088,0.48530,0.99485,0.00148,0.00305,0.00062
86.68382,0.48530,0.20981,0.00032,0.00268,0.78719
86.78677,0.48529,0.18670,0.00041,0.00000,0.81288
86.88971,0.48529,0.99931,0.00001,0.00001,0.00066
86.99265,0.48530,0.98984,0.00001,0.00904,0.00111
87.09559,0.48529,0.98917,0.00001,0.01049,0.00034
87.19853,0.48529,0.99509,0.00017,0.00420,0.00053
87.30147,0.48530,0.22412,0.00090,0.77430,0.00068
87.40441,0.48530,0.05760,0.00023,0.94172,0.00044
87.50735,0.48529,0.08104,0.00035,0.91805,0.00057
87.61029,0.48530,0.56294,0.00035,0.43553,0.00119
87.71323,0.48530,0.99075,0.00001,0.00900,0.00025
87.81618,0.48529,0.99871,0.00004,0.00017,0.00108
87.91912,0.48529,0.92087,0.00345,0.05121,0.02447
88.02206,0.48530,0.96994,0.00086,0.01622,0.01298
88.12500,0.48529,0.41896,0.00062,0.00048,0.57994
88.22794,0.48529,0.39550,0.00001,0.00001,0.60447
88.33088,0.48530,0.99948,0.00000,0.00014,0.00038
88.43382,0.48530,0.99378,0.00000,0.00613,0.00009
88.53677,0.48529,0.99118,0.00000,0.00878,0.00005
88.63971,0.48529,1.00000,0.00000,0.00000,0.00000
88.74265,0.48530,0.14546,0.00044,0.85349,0.00061
88.84559,0.48529,0.06054,0.00018,0.93887,0.00040
88.94853,0.48529,0.43725,0.00020,0.56169,0.00085
89.05147,0.48530,0.99982,0.00000,0.00008,0.00009
89.15441,0.48530,0.99438,0.00011,0.00350,0.00202
89.25735,0.48529,0.99023,0.00041,0.00744,0.00193
89.36029,0.48530,0.46140,0.00197,0.01002,0.52660
89.46323,0.48530,0.28982,0.00002,0.00002,0.71015
89.56618,0.48529,0.99605,0.00000,0.00317,0.00078
89.66912,0.48529,0.99965,0.00001,0.00020,0.00015
89.77206,0.48530,0.99980,0.00000,0.00018,0.00002
89.87500,0.48529,0.94731,0.00211,0.05022,0.00036
89.97794,0.48529,0.07474,0.00026,0.92464,0.00036
90.08088,0.48530,0.05758,0.00029,0.94168,0.00046
90.18382,0.48530,0.05425,0.00024,0.94505,0.00046
90.28677,0.48529,0.18194,0.00050,0.81672,0.00084
90.38971,0.48529,0.70982,0.00025,0.28894,0.00099
90.49265,0.48530,0.99982,0.00000,0.00001,0.00017
90.59559,0.48529,0.99969,0.00000,0.00025,0.00005
90.69853,0.48529,0.98954,0.00006,0.00822,0.00217
90.80147,0.48530,0.84205,0.00030,0.01679,0.14087
90.90441,0.48530,0.15774,0.00000,0.00000,0.84225
91.00735,0.48529,0.99989,0.00000,0.00007,0.00004
91.11029,0.48530,0.99607,0.00000,0.00349,0.00044
91.21323,0.48530,0.98460,0.00000,0.01531,0.00009
91.31618,0.48529,0.99996,0.00001,0.00002,0.00002
91.41912,0.48529,0.08708,0.00028,0.91225,0.00040
91.52206,0.48530,0.05576,0.00032,0.94342,0.00050
91.62500,0.48529,0.05813,0.00026,0.94118,0.00043
91.72794,0.48529,0.42379,0.00057,0.57458,0.00106
91.83088,0.48530,0.97227,0.00003,0.02731,0.00039
91.93382,0.48530,0.99941,0.00001,0.00004,0.00055
92.03677,0.48529,0.96159,0.00069,0.03047,0.00726
92.13971,0.48529,0.98092,0.00060,0.01022,0.00826
92.24265,0.48530,0.16343,0.00002,0.00013,0.83642
92.34559,0.48529,0.99980,0.00000,0.00003,0.00018
92.44853,0.48529,0.99858,0.00000,0.00135,0.00008
92.55147,0.48530,0.99263,0.00000,0.00732,0.00005
92.65441,0.48530,0.99999,0.00000,0.00000,0.00000
92.75735,0.48529,0.24861,0.00097,0.74977,0.00065
92.86029,0.48530,0.06530,0.00021,0.93412,0.00037
92.96323,0.48530,0.07230,0.00027,0.92695,0.00048
93.06618,0.48529,0.38612,0.00038,0.61253,0.00096
93.16912,0.48529,0.99947,0.00000,0.00006,0.00047
93.27206,0.48530,0.99950,0.00000,0.00045,0.00005
93.37500,0.48529,0.99016,0.00012,0.00773,0.00199
93.47794,0.48529,0.88882,0.00032,0.01264,0.09822
93.58088,0.48530,0.27224,0.00000,0.00001,0.72774
93.68382,0.48530,0.99981,0.00000,0.00013,0.00006
93.78677,0.48529,0.99433,0.00000,0.00515,0.00052
93.88971,0.48529,0.98358,0.00000,0.01633,0.00010
93.99265,0.48530,0.99998,0.00000,0.00001,0.00001
94.09559,0.48529,0.09772,0.00034,0.90147,0.00046
94.19853,0.48529,0.08900,0.00034,0.91011,0.00055
94.30147,0.48530,0.61549,0.00035,0.38307,0.00109
94.40441,0.48530,0.98902,0.00001,0.01063,0.00034
94.50735,0.48529,0.99898,0.00001,0.00013,0.00088
94.61029,0.48530,0.86176,0.00186,0.11776,0.01862
94.71323,0.48530,0.96906,0.00097,0.01526,0.01471
94.81618,0.48529,0.41575,0.00053,0.00059,0.58314
94.91912,0.48529,0.53185,0.00005,0.00000,0.46810
95.02206,0.48530,0.99938,0.00000,0.00003,0.00059
95.12500,0.48529,0.99901,0.00000,0.00086,0.00013
95.22794,0.48529,0.99964,0.00000,0.00035,0.00001
95.33088,0.48530,0.99985,0.00001,0.00013,0.00001
95.43382,0.48530,0.06090,0.00018,0.93855,0.00037
95.53677,0.48529,0.18646,0.00038,0.81242,0.00074
95.63971,0.48529,0.73596,0.00017,0.26268,0.00119
95.74265,0.48530,0.99463,0.00001,0.00514,0.00022
95.84559,0.48529,0.99575,0.00001,0.00256,0.00169
95.94853,0.48529,0.57777,0.00132,0.41336,0.00754
96.05147,0.48530,0.98165,0.00012,0.00138,0.01685
96.15441,0.48530,0.35771,0.00017,0.00045,0.64168
96.25735,0.48529,0.14610,0.00078,0.00001,0.85311
96.36029,0.48530,0.99931,0.00001,0.00003,0.00065
96.46323,0.48530,0.98129,0.00001,0.01730,0.00141
96.56618,0.48529,0.97461,0.00001,0.02324,0.00214
96.66912,0.48529,0.98506,0.00124,0.01005,0.00365
96.77206,0.48530,0.39018,0.00107,0.60763,0.00112
96.87500,0.48529,0.08989,0.00020,0.90933,0.00058
96.97794,0.48529,0.28547,0.00030,0.71302,0.00121
97.08088,0.48530,0.96030,0.00002,0.03905,0.00063
97.18382,0.48530,0.99670,0.00001,0.00181,0.00148
97.28677,0.48529,0.82178,0.00403,0.16626,0.00793
97.38971,0.48529,0.96217,0.00066,0.01088,0.02629
97.49265,0.48530,0.36400,0.00040,0.00017,0.63543
97.59559,0.48529,0.71528,0.00008,0.00003,0.28461
97.69853,0.48529,0.99935,0.00000,0.00031,0.00034
97.80147,0.48530,0.99783,0.00002,0.00160,0.00055
97.90441,0.48530,0.99959,0.00000,0.00039,0.00001
98.00735,0.48529,0.89003,0.00156,0.10799,0.00041
98.11029,0.48530,0.06255,0.00021,0.93682,0.00042
98.21323,0.48530,0.14624,0.00031,0.85276,0.00069
98.31618,0.48529,0.81899,0.00010,0.18004,0.00087
98.41912,0.48529,0.99865,0.00000,0.00041,0.00094
98.52206,0.48530,0.94099,0.00055,0.05510,0.00336
98.62500,0.48529,0.99832,0.00030,0.00105,0.00033
98.72794,0.48529,0.34858,0.00250,0.00315,0.64576
98.83088,0.48530,0.93274,0.00000,0.00006,0.06720
98.93382,0.48530,0.99967,0.00000,0.00011,0.00023
99.03677,0.48529,0.99652,0.00000,0.00343,0.00005
99.13971,0.48529,0.99637,0.00000,0.00361,0.00001
99.24265,0.48530,0.99999,0.00000,0.00001,0.00000
99.34559,0.48529,0.13887,0.00048,0.86014,0.00050
99.44853,0.48529,0.06140,0.00027,0.93785,0.00048
99.55147,0.48530,0.07919,0.00028,0.92000,0.00053
99.65441,0.48530,0.64062,0.00025,0.35816,0.00097
99.75735,0.48529,0.99940,0.00002,0.00043,0.00015
99.86029,0.48530,0.99941,0.00000,0.00030,0.00029
99.96323,0.48530,0.99547,0.00041,0.00367,0.00045
100.06618,0.48529,0.27578,0.00133,0.00235,0.72054
100.16912,0.48529,0.99418,0.00002,0.00000,0.00580
100.27206,0.48530,0.99921,0.00000,0.00049,0.00030
100.37500,0.48529,0.99860,0.00001,0.00115,0.00024
100.47794,0.48529,0.99613,0.00001,0.00368,0.00017
100.58088,0.48530,0.40615,0.00112,0.59193,0.00080
100.68382,0.48530,0.05975,0.00019,0.93958,0.00048
100.78677,0.48529,0.07200,0.00018,0.92734,0.00047
100.88971,0.48529,0.19312,0.00029,0.80582,0.00078
100.99265,0.48530,0.56564,0.00020,0.43293,0.00123
101.09559,0.48529,0.99830,0.00000,0.00144,0.00026
101.19853,0.48529,0.99956,0.00000,0.00008,0.00036
101.30147,0.48530,0.99849,0.00033,0.00095,0.00023
101.40441,0.48530,0.20012,0.00011,0.00220,0.79757
101.50735,0.48529,0.37726,0.00004,0.00001,0.62269
101.61029,0.48530,0.99913,0.00000,0.00012,0.00075
101.71323,0.48530,0.99622,0.00000,0.00353,0.00024
101.81618,0.48529,0.99904,0.00000,0.00093,0.00003
101.91912,0.48529,0.99985,0.00000,0.00013,0.00002
102.02206,0.48530,0.07581,0.00018,0.92353,0.00048
102.12500,0.48529,0.19696,0.00025,0.80204,0.00075
102.22794,0.48529,0.59344,0.00016,0.40530,0.00111
102.33088,0.48530,0.99996,0.00000,0.00000,0.00003
102.43382,0.48530,0.99472,0.00007,0.00489,0.00033
102.53677,0.48529,0.99581,0.00010,0.00309,0.00100
102.63971,0.48529,0.71230,0.00117,0.00107,0.28547
102.74265,0.48530,0.01779,0.00019,0.00003,0.98199
102.84559,0.48529,0.95575,0.00015,0.00004,0.04406
102.94853,0.48529,0.99956,0.00000,0.00023,0.00021
103.05147,0.48530,0.99360,0.00002,0.00560,0.00078
103.15441,0.48530,0.99823,0.00003,0.00172,0.00003
103.25735,0.48529,0.38670,0.00098,0.61157,0.00074
103.36029,0.48530,0.05795,0.00017,0.94151,0.00037
103.46323,0.48530,0.07142,0.00016,0.92805,0.00037
103.56618,0.48529,0.24540,0.00027,0.75363,0.00070
103.66912,0.48529,0.83189,0.00010,0.16702,0.00098
103.77206,0.48530,0.99983,0.00000,0.00010,0.00007
103.87500,0.48529,0.99773,0.00004,0.00127,0.00097
103.97794,0.48529,0.99396,0.00030,0.00512,0.00062
104.08088,0.48530,0.60282,0.01065,0.00581,0.38072
104.18382,0.48530,0.06973,0.00040,0.00022,0.92965
104.28677,0.48529,0.91560,0.00003,0.00003,0.08433
104.38971,0.48529,0.99937,0.00000,0.00031,0.00032
104.49265,0.48530,0.99484,0.00002,0.00433,0.00080
104.59559,0.48529,0.99918,0.00001,0.00078,0.00003
104.69853,0.48529,0.73535,0.00161,0.26243,0.00061
104.80147,0.48530,0.06096,0.00014,0.93857,0.00032
104.90441,0.48530,0.19053,0.00026,0.80856,0.00065
105.00735,0.48529,0.78614,0.00011,0.21268,0.00108
105.11029,0.48530,0.99881,0.00000,0.00105,0.00013
105.21323,0.48530,0.99933,0.00000,0.00062,0.00005
105.31618,0.48529,0.99282,0.00025,0.00456,0.00238
105.41912,0.48529,0.72437,0.00141,0.00982,0.26440
105.52206,0.48530,0.40358,0.00002,0.00005,0.59636
105.62500,0.48529,0.86011,0.00004,0.00003,0.13982
105.72794,0.48529,0.99895,0.00000,0.00053,0.00052
105.83088,0.48530,0.99351,0.00003,0.00526,0.00119
105.93382,0.48530,0.99920,0.00001,0.00076,0.00003
106.03677,0.48529,0.86580,0.00126,0.13240,0.00053
106.13971,0.48529,0.08173,0.00022,0.91758,0.00048
106.24265,0.48530,0.08984,0.00022,0.90939,0.00054
106.34559,0.48529,0.31793,0.00027,0.68073,0.00107
106.44853,0.48529,0.71422,0.00018,0.28401,0.00158
106.55147,0.48530,0.99958,0.00000,0.00023,0.00019
106.65441,0.48530,0.99713,0.00010,0.00169,0.00107
106.75735,0.48529,0.99261,0.00067,0.00484,0.00188
106.86029,0.48530,0.57026,0.01448,0.00733,0.40792
106.96323,0.48530,0.06693,0.00109,0.00016,0.93182
107.06618,0.48529,0.93570,0.00003,0.00007,0.06420
107.16912,0.48529,0.99975,0.00000,0.00014,0.00011
107.27206,0.48530,0.99241,0.00001,0.00625,0.00132
107.37500,0.48529,0.99812,0.00001,0.00184,0.00003
107.47794,0.48529,0.58393,0.00133,0.41368,0.00107
107.58088,0.48530,0.13029,0.00025,0.86871,0.00075
107.68382,0.48530,0.43328,0.00022,0.56509,0.00141
107.78677,0.48529,0.87989,0.00007,0.11882,0.00122
107.88971,0.48529,0.99997,0.00000,0.00001,0.00003
107.99265,0.48530,0.99826,0.00008,0.00140,0.00027
108.09559,0.48529,0.99574,0.00011,0.00283,0.00132
108.19853,0.48529,0.72934,0.00356,0.00037,0.26673
108.30147,0.48530,0.04788,0.00014,0.00004,0.95194
108.40441,0.48530,0.25020,0.00017,0.00000,0.74962
108.50735,0.48529,0.99939,0.00000,0.00006,0.00055
108.61029,0.48530,0.99164,0.00001,0.00745,0.00090
108.71323,0.48530,0.98341,0.00000,0.01597,0.00061
108.81618,0.48529,0.99616,0.00131,0.00099,0.00154
108.91912,0.48529,0.15590,0.00040,0.84313,0.00057
109.02206,0.48530,0.07231,0.00019,0.92705,0.00046
109.12500,0.48529,0.27368,0.00043,0.72467,0.00123
109.22794,0.48529,0.63897,0.00022,0.35936,0.00145
109.33088,0.48530,0.99186,0.00007,0.00682,0.00126
109.43382,0.48530,0.99872,0.00001,0.00049,0.00078
109.53677,0.48529,0.98665,0.00207,0.00862,0.00266
109.63971,0.48529,0.60678,0.00995,0.00560,0.37767
109.74265,0.48530,0.09983,0.00038,0.00002,0.89977
109.84559,0.48529,0.99870,0.00005,0.00013,0.00113
109.94853,0.48529,0.99489,0.00000,0.00486,0.00024
110.05147,0.48530,0.96233,0.00001,0.03633,0.00133
110.15441,0.48530,0.99237,0.00031,0.00706,0.00027
110.25735,0.48529,0.18731,0.00058,0.81150,0.00061
110.36029,0.48530,0.05786,0.00019,0.94152,0.00043
110.46323,0.48530,0.17541,0.00033,0.82351,0.00075
110.56618,0.48529,0.64947,0.00023,0.34915,0.00115
110.66912,0.48529,0.98127,0.00002,0.01820,0.00050
110.77206,0.48530,0.99614,0.00000,0.00289,0.00097
110.87500,0.48529,0.52649,0.00141,0.46552,0.00658
110.97794,0.48529,0.98759,0.00007,0.00187,0.01047
111.08088,0.48530,0.35907,0.00010,0.00043,0.64040
111.18382,0.48530,0.37317,0.00064,0.00001,0.62618
111.28677,0.48529,0.99957,0.00000,0.00008,0.00035
111.38971,0.48529,0.99820,0.00002,0.00108,0.00070
111.49265,0.48530,0.99971,0.00000,0.00027,0.00002
111.59559,0.48529,0.99382,0.00014,0.00589,0.00015
111.69853,0.48529,0.07576,0.00022,0.92357,0.00044
111.80147,0.48530,0.15731,0.00026,0.84174,0.00069
111.90441,0.48530,0.75320,0.00012,0.24588,0.00080
112.00735,0.48529,0.99991,0.00000,0.00002,0.00007
112.11029,0.48530,0.98321,0.00015,0.01547,0.00117
112.21323,0.48530,0.99702,0.00052,0.00223,0.00024
112.31618,0.48529,0.35601,0.00151,0.00331,0.63917
112.41912,0.48529,0.30774,0.00003,0.00000,0.69223
112.52206,0.48530,0.99986,0.00000,0.00006,0.00007
112.62500,0.48529,0.99538,0.00000,0.00412,0.00050
112.72794,0.48529,0.98796,0.00000,0.01193,0.00010
112.83088,0.48530,0.99995,0.00001,0.00002,0.00002
112.93382,0.48530,0.08862,0.00035,0.91052,0.00052
113.03677,0.48529,0.06637,0.00022,0.93298,0.00043
113.13971,0.48529,0.21848,0.00039,0.78030,0.00084
113.24265,0.48530,0.71249,0.00029,0.28609,0.00113
113.34559,0.48529,0.99883,0.00001,0.00089,0.00027
113.44853,0.48529,0.99924,0.00000,0.00072,0.00004
113.55147,0.48530,0.99442,0.00012,0.00437,0.00109
113.65441,0.48530,0.78078,0.00072,0.01398,0.20451
113.75735,0.48529,0.42469,0.00001,0.00003,0.57527
113.86029,0.48530,0.60668,0.00011,0.00003,0.39318
113.96323,0.48530,0.99949,0.00000,0.00033,0.00018
114.06618,0.48529,0.99846,0.00004,0.00101,0.00050
114.16912,0.48529,0.99979,0.00000,0.00020,0.00001
114.27206,0.48530,0.94612,0.00109,0.05240,0.00039
114.37500,0.48529,0.06504,0.00020,0.93435,0.00041
114.47794,0.48529,0.08878,0.00022,0.91059,0.00041
114.58088,0.48530,0.62228,0.00026,0.37648,0.00098
114.68382,0.48530,0.99469,0.00000,0.00513,0.00018
114.78677,0.48529,0.99677,0.00001,0.00120,0.00201
114.88971,0.48529,0.92537,0.00442,0.06015,0.01006
114.99265,0.48530,0.95601,0.00091,0.00942,0.03367
115.09559,0.48529,0.35692,0.00051,0.00016,0.64241
115.19853,0.48529,0.03951,0.00210,0.00009,0.95830
115.30147,0.48530,0.99107,0.00003,0.00000,0.00890
115.40441,0.48530,0.99913,0.00000,0.00048,0.00039
115.50735,0.48529,0.99776,0.00002,0.00189,0.00032
115.61029,0.48530,0.99549,0.00002,0.00432,0.00018
115.71323,0.48530,0.28698,0.00075,0.71151,0.00077
115.81618,0.48529,0.06042,0.00013,0.93911,0.00033
115.91912,0.48529,0.25963,0.00022,0.73947,0.00067
116.02206,0.48530,0.88896,0.00007,0.11003,0.00094
116.12500,0.48529,0.99840,0.00008,0.00087,0.00065
116.22794,0.48529,0.98922,0.00009,0.00875,0.00195
116.33088,0.48530,0.98487,0.00333,0.00950,0.00230
116.43382,0.48530,0.64651,0.00633,0.00408,0.34307
116.53677,0.48529,0.03531,0.00649,0.00007,0.95813
116.63971,0.48529,0.97735,0.00006,0.00002,0.02258
116.74265,0.48530,0.99944,0.00000,0.00027,0.00029
116.84559,0.48529,0.99671,0.00001,0.00296,0.00031
116.94853,0.48529,0.99838,0.00003,0.00156,0.00003
117.05147,0.48530,0.23601,0.00102,0.76223,0.00074
117.15441,0.48530,0.06179,0.00024,0.93758,0.00039
117.25735,0.48529,0.11454,0.00040,0.88447,0.00059
117.36029,0.48530,0.67538,0.00024,0.32335,0.00103
117.46323,0.48530,0.99516,0.00000,0.00462,0.00021
117.56618,0.48529,0.99737,0.00001,0.00089,0.00173
117.66912,0.48529,0.90988,0.00567,0.07655,0.00790
117.77206,0.48530,0.94444,0.00076,0.00933,0.04547
117.87500,0.48529,0.30973,0.00046,0.00017,0.68964
117.97794,0.48529,0.70120,0.00003,0.00003,0.29874
118.08088,0.48530,0.99974,0.00000,0.00007,0.00019
118.18382,0.48530,0.99678,0.00000,0.00316,0.00006
118.28677,0.48529,0.99640,0.00000,0.00359,0.00001
118.38971,0.48529,0.99997,0.00000,0.00002,0.00000
118.49265,0.48530,0.06770,0.00024,0.93166,0.00040
118.59559,0.48529,0.10088,0.00025,0.89840,0.00047
118.69853,0.48529,0.65147,0.00020,0.34738,0.00095
118.80147,0.48530,0.99888,0.00000,0.00094,0.00018
118.90441,0.48530,0.99498,0.00003,0.00182,0.00318
119.00735,0.48529,0.96531,0.00100,0.02943,0.00426
119.11029,0.48530,0.84746,0.00083,0.00792,0.14379
119.21323,0.48530,0.18600,0.00023,0.00021,0.81355
119.31618,0.48529,0.35459,0.00031,0.00001,0.64509
119.41912,0.48529,0.99927,0.00000,0.00010,0.00063
119.52206,0.48530,0.99757,0.00000,0.00222,0.00021
119.62500,0.48529,0.99941,0.00000,0.00057,0.00002
119.72794,0.48529,0.99948,0.00002,0.00044,0.00006
119.83088,0.48530,0.06131,0.00016,0.93823,0.00030
119.93382,0.48530,0.14525,0.00024,0.85394,0.00058
120.03677,0.48529,0.59095,0.00026,0.40752,0.00127
120.13971,0.48529,0.99505,0.00001,0.00459,0.00035
120.24265,0.48530,0.99444,0.00002,0.00358,0.00196
120.34559,0.48529,0.70313,0.00142,0.29286,0.00259
120.44853,0.48529,0.91994,0.00029,0.00245,0.07732
120.55147,0.48530,0.16382,0.00015,0.00007,0.83596
120.65441,0.48530,0.27110,0.00024,0.00000,0.72866
120.75735,0.48529,0.99987,0.00000,0.00002,0.00011
120.86029,0.48530,0.99850,0.00000,0.00101,0.00049
120.96323,0.48530,0.99333,0.00000,0.00648,0.00019
121.06618,0.48529,0.99896,0.00051,0.00024,0.00029
121.16912,0.48529,0.14767,0.00064,0.85120,0.00049
121.27206,0.48530,0.06871,0.00043,0.93032,0.00055
121.37500,0.48529,0.16361,0.00056,0.83502,0.00082
121.47794,0.48529,0.69315,0.00032,0.30536,0.00116
121.58088,0.48530,0.99923,0.00001,0.00046,0.00031
121.68382,0.48530,0.99960,0.00000,0.00036,0.00004
121.78677,0.48529,0.99431,0.00011,0.00436,0.00122
121.88971,0.48529,0.78932,0.00077,0.00792,0.20199
121.99265,0.48530,0.40000,0.00002,0.00002,0.59996
122.09559,0.48529,0.34371,0.00043,0.00001,0.65586
122.19853,0.48529,0.99936,0.00000,0.00008,0.00056
122.30147,0.48530,0.99855,0.00001,0.00124,0.00021
122.40441,0.48530,0.99970,0.00000,0.00029,0.00001
122.50735,0.48529,0.99920,0.00005,0.00071,0.00004
122.61029,0.48530,0.08368,0.00032,0.91556,0.00045
122.71323,0.48530,0.07207,0.00032,0.92703,0.00057
122.81618,0.48529,0.48941,0.00034,0.50927,0.00098
122.91912,0.48529,0.99993,0.00000,0.00000,0.00007
123.02206,0.48530,0.99778,0.00001,0.00196,0.00025
123.12500,0.48529,0.99724,0.00002,0.00204,0.00070
123.22794,0.48529,0.89012,0.00012,0.00057,0.10919
123.33088,0.48530,0.03723,0.00001,0.00002,0.96274
123.43382,0.48530,0.99902,0.00002,0.00002,0.00094
123.53677,0.48529,0.99985,0.00000,0.00011,0.00004
123.63971,0.48529,0.99048,0.00000,0.00711,0.00242
123.74265,0.48530,0.99969,0.00008,0.00020,0.00003
123.84559,0.48529,0.36067,0.00135,0.63743,0.00055
