Time(Seconds),Length(Seconds),Label(string),Confidence(double),Comment(string)
0.0205223,1.8115113,Dry,1,
2.3681373,0.36580850000000004,Touch,1,
2.9389701,1.2332785,Dry,1,
4.4565645,0.405193,Touch,1,
5.0655102,1.0753848,Dry,1,
6.4087434,0.34400529999999996,Touch,1,
7.0155418,0.8965592,Dry,1,
8.149725,0.43307260000000003,Touch,1,
8.9398642,0.371744,Dry,1,
9.796214599999999,0.41875300000000004,Touch,1,
10.6799043,0.2967704,Dry,1,
11.520620300000001,0.4423657999999999,Touch,1,
12.1711917,0.7247447,Dry,1,
13.1434037,0.4721443999999999,Touch,1,
13.8049914,0.7747271,Dry,1,
14.7896436,0.581943,Touch,1,
15.6064764,0.559178,Dry,1,
16.3906614,0.5777877,Touch,1,
17.2558956,0.468585,Dry,1,
18.0385768,0.45156969999999996,Touch,1,
18.7819346,0.6060365,Dry,1,
19.5991225,0.5210008,Touch,1,
20.3461364,0.5373108,Dry,1,
21.167812,0.5205987000000001,Touch,1,
21.8705995,0.7965945,Dry,1,
22.8935804,0.5169127000000001,Touch,1,
23.6162287,0.5841693,Dry,1,
24.4619673,0.5200402000000002,Touch,1,
25.171931,0.6716385,Dry,1,
26.0288327,0.5182753999999999,Touch,1,
26.6833721,0.6716385,Dry,1,
27.6452718,0.5345384999999999,Touch,1,
28.3484108,0.7403642,Dry,1,
29.3700796,0.4783995000000001,Touch,1,
30.1846871,0.6122844,Dry,1,
31.0710959,0.4855258,Touch,1,
31.8184868,0.6403995,Dry,1,
32.6778579,0.514031,Touch,1,
33.3678431,0.840329,Dry,1,
34.3856878,0.4763888999999999,Touch,1,
35.1237404,0.7622315,Dry,1,
36.202914,0.5507123,Touch,1,
36.9668414,0.7934705,Dry,1,
37.9785448,0.46830210000000005,Touch,1,
38.7038189,0.8434529,Dry,1,
39.8378139,0.4305036,Touch,1,
40.4693903,0.7934705,Dry,1,
41.580560299999995,0.4658222999999999,Touch,1,
42.2125265,0.7153731,Dry,1,
43.2007801,0.49113290000000004,Touch,1,
43.9290289,0.7559838,Dry,1,
44.8993167,0.42313169999999994,Touch,1,
45.5472091,0.7840988,Dry,1,
46.5710236,0.49841560000000007,Touch,1,
47.3011119,0.6935057,Dry,1,
48.290939099999996,0.4822419,Touch,1,
49.0036374,0.7341164,Dry,1,
49.988657599999996,0.4108002999999999,Touch,1,
50.5848699,0.7903467,Dry,1,
51.667490799999996,0.4172117000000001,Touch,1,
52.3373778,0.7309926,Dry,1,
53.3108489,0.5957264000000001,Touch,1,
54.1714914,0.4592133,Dry,1,
54.919201099999995,0.5526336000000001,Touch,1,
55.5752448,0.7903467,Dry,1,
56.6970352,0.8776504,Touch,1,
58.3544002,0.7669806,Touch,1,
60.1831251,0.5091956,Dry,1,
60.9783715,0.2392554,Touch,1,
61.5178575,0.5872932,Dry,1,
62.3836602,0.20136780000000004,Touch,1,
62.8330194,0.5997887,Dry,1,
63.8722729,0.25000070000000013,Touch,1,
64.5384806,0.3311334,Dry,1,
65.23011029999999,0.33064620000000006,Touch,1,
65.9192445,0.4435938,Dry,1,
66.69758979999999,0.29756150000000003,Touch,1,
67.2500322,0.6372755,Dry,1,
68.0726509,0.2804941,Touch,1,
68.5901853,0.5779215,Dry,1,
69.39559430000001,0.31469579999999997,Touch,1,
69.977178,0.5154435,Dry,1,
70.7611165,0.9966528,Touch,1,
71.9519462,0.8653203,Dry,1,
73.1940631,0.9114499,Touch,1,
74.3300504,0.9402939,Dry,1,
75.6327209,0.8550652000000001,Touch,1,
76.7569849,0.7934705,Dry,1,
77.8653718,0.8112574000000001,Touch,1,
78.9530866,0.8621963,Dry,1,
80.2747725,0.8588403999999998,Touch,1,
81.4951627,0.5560542,Dry,1,
82.4327277,1.0625764,Touch,1,
83.7914767,0.5091956,Dry,1,
86.5747735,0.5685497,Dry,1,
87.4673038,0.9083225000000001,Touch,1,
88.6740226,0.7934706,Dry,1,
89.7412827,0.9228207999999999,Touch,1,
91.0296331,0.6622667,Dry,1,
91.97837220000001,1.0347861,Touch,1,
93.3482644,0.4092309,Dry,1,
94.22927449999999,0.8783875000000001,Touch,1,
96.28300859999999,1.0165348,Touch,1,
98.9208751,1.1477792999999998,Touch,1,
100.318759,0.7091252,Dry,1,
101.3561451,0.8058066999999998,Touch,1,
102.4308457,0.7903467,Dry,1,
103.4635386,0.8957453,Touch,1,
104.6314563,0.6154082,Dry,1,
105.5928385,0.8909422999999999,Touch,1,
106.742949,0.6622667,Dry,1,
107.8723353,0.8782981000000001,Touch,1,
109.0393314,0.499824,Dry,1,
109.8711135,0.8701219,Touch,1,
111.0573708,0.4435938,Dry,1,
112.0303123,0.9414964,Touch,1,
113.2998332,0.5341869,Dry,1,
114.1603803,0.9396424000000001,Touch,1,
115.3931513,0.6403995,Dry,1,
116.4415024,0.7499133000000001,Touch,1,
117.449285,0.652895,Dry,1,
118.6489991,0.7868404000000001,Touch,1,
119.7422087,0.7403642,Dry,1,
120.9091275,0.7294057,Touch,1,
121.830478,4.1529196,Dry,1,
