Time (seconds), Duration (seconds),pred_unlabelled,pred_Dry,pred_Wet,pred_Touch
0.00735,0.48529,0.05061,0.93516,0.01097,0.00326
0.11029,0.48529,0.05061,0.93516,0.01097,0.00326
0.21324,0.48529,0.05061,0.93516,0.01097,0.00326
0.31618,0.48529,0.05061,0.93516,0.01097,0.00326
0.41912,0.48529,0.05061,0.93516,0.01097,0.00326
0.52206,0.48529,0.05061,0.93516,0.01097,0.00326
0.62500,0.48529,0.05061,0.93516,0.01097,0.00326
0.72794,0.48529,0.05061,0.93516,0.01097,0.00326
0.83088,0.48529,0.05061,0.93516,0.01097,0.00326
0.93382,0.48529,0.05061,0.93516,0.01097,0.00326
1.03676,0.48529,0.05061,0.93516,0.01097,0.00326
1.13971,0.48529,0.05061,0.93516,0.01097,0.00326
1.24265,0.48529,0.05061,0.93516,0.01097,0.00326
1.34559,0.48529,0.05061,0.93516,0.01097,0.00326
1.44853,0.48529,0.05061,0.93516,0.01097,0.00326
1.55147,0.48529,0.05061,0.93516,0.01097,0.00326
1.65441,0.48529,0.05061,0.93516,0.01097,0.00326
1.75735,0.48529,0.05061,0.93516,0.01097,0.00326
1.86029,0.48529,0.05061,0.93516,0.01097,0.00326
1.96324,0.48529,0.05061,0.93516,0.01097,0.00326
2.06618,0.48529,0.05061,0.93516,0.01097,0.00326
2.16912,0.48529,0.05061,0.93516,0.01097,0.00326
2.27206,0.48529,0.05061,0.93516,0.01097,0.00326
2.37500,0.48529,0.05061,0.93516,0.01097,0.00326
2.47794,0.48529,0.05061,0.93516,0.01097,0.00326
2.58088,0.48529,0.05061,0.93516,0.01097,0.00326
2.68382,0.48529,0.05061,0.93516,0.01097,0.00326
2.78676,0.48529,0.05061,0.93516,0.01097,0.00326
2.88971,0.48529,0.05061,0.93516,0.01097,0.00326
2.99265,0.48529,0.05061,0.93516,0.01097,0.00326
3.09559,0.48529,0.05061,0.93516,0.01097,0.00326
3.19853,0.48529,0.05061,0.93516,0.01097,0.00326
3.30147,0.48529,0.05061,0.93516,0.01097,0.00326
3.40441,0.48529,0.05061,0.93516,0.01097,0.00326
3.50735,0.48529,0.05061,0.93516,0.01097,0.00326
3.61029,0.48529,0.05061,0.93516,0.01097,0.00326
3.71324,0.48529,0.05061,0.93516,0.01097,0.00326
3.81618,0.48529,0.05061,0.93516,0.01097,0.00326
3.91912,0.48529,0.05061,0.93516,0.01097,0.00326
4.02206,0.48529,0.05061,0.93516,0.01097,0.00326
4.12500,0.48529,0.05061,0.93516,0.01097,0.00326
4.22794,0.48529,0.05061,0.93516,0.01097,0.00326
4.33088,0.48529,0.05061,0.93516,0.01097,0.00326
4.43382,0.48529,0.05061,0.93516,0.01097,0.00326
4.53676,0.48529,0.05061,0.93516,0.01097,0.00326
4.63971,0.48529,0.05061,0.93516,0.01097,0.00326
4.74265,0.48529,0.05061,0.93516,0.01097,0.00326
4.84559,0.48529,0.05061,0.93516,0.01097,0.00326
4.94853,0.48529,0.05061,0.93516,0.01097,0.00326
5.05147,0.48529,0.05061,0.93516,0.01097,0.00326
5.15441,0.48529,0.05061,0.93516,0.01097,0.00326
5.25735,0.48529,0.05061,0.93516,0.01097,0.00326
5.36029,0.48529,0.05061,0.93516,0.01097,0.00326
5.46324,0.48529,0.05061,0.93516,0.01097,0.00326
5.56618,0.48529,0.05061,0.93516,0.01097,0.00326
5.66912,0.48529,0.05061,0.93516,0.01097,0.00326
5.77206,0.48529,0.05061,0.93516,0.01097,0.00326
5.87500,0.48529,0.05061,0.93516,0.01097,0.00326
5.97794,0.48529,0.05061,0.93516,0.01097,0.00326
6.08088,0.48529,0.05061,0.93516,0.01097,0.00326
6.18382,0.48529,0.05061,0.93516,0.01097,0.00326
6.28676,0.48529,0.05061,0.93516,0.01097,0.00326
6.38971,0.48529,0.05061,0.93516,0.01097,0.00326
6.49265,0.48529,0.05061,0.93516,0.01097,0.00326
6.59559,0.48529,0.05061,0.93516,0.01097,0.00326
6.69853,0.48529,0.05061,0.93516,0.01097,0.00326
6.80147,0.48529,0.05061,0.93516,0.01097,0.00326
6.90441,0.48529,0.05061,0.93516,0.01097,0.00326
7.00735,0.48529,0.05061,0.93516,0.01097,0.00326
7.11029,0.48529,0.05061,0.93516,0.01097,0.00326
7.21324,0.48529,0.05061,0.93516,0.01097,0.00326
7.31618,0.48529,0.05061,0.93516,0.01097,0.00326
7.41912,0.48529,0.05061,0.93516,0.01097,0.00326
7.52206,0.48529,0.05061,0.93516,0.01097,0.00326
7.62500,0.48529,0.05061,0.93516,0.01097,0.00326
7.72794,0.48529,0.05061,0.93516,0.01097,0.00326
7.83088,0.48529,0.05061,0.93516,0.01097,0.00326
7.93382,0.48529,0.05061,0.93516,0.01097,0.00326
8.03677,0.48529,0.05061,0.93516,0.01097,0.00326
8.13971,0.48529,0.05061,0.93516,0.01097,0.00326
8.24265,0.48529,0.05061,0.93516,0.01097,0.00326
8.34559,0.48529,0.05061,0.93516,0.01097,0.00326
8.44853,0.48529,0.05061,0.93516,0.01097,0.00326
8.55147,0.48529,0.05061,0.93516,0.01097,0.00326
8.65441,0.48529,0.05061,0.93516,0.01097,0.00326
8.75735,0.48529,0.05061,0.93516,0.01097,0.00326
8.86029,0.48529,0.05061,0.93516,0.01097,0.00326
8.96323,0.48529,0.05061,0.93516,0.01097,0.00326
9.06618,0.48529,0.05061,0.93516,0.01097,0.00326
9.16912,0.48529,0.05061,0.93516,0.01097,0.00326
9.27206,0.48529,0.05061,0.93516,0.01097,0.00326
9.37500,0.48529,0.05061,0.93516,0.01097,0.00326
9.47794,0.48529,0.05061,0.93516,0.01097,0.00326
9.58088,0.48529,0.05061,0.93516,0.01097,0.00326
9.68382,0.48529,0.05061,0.93516,0.01097,0.00326
9.78677,0.48529,0.05061,0.93516,0.01097,0.00326
9.88971,0.48529,0.05061,0.93516,0.01097,0.00326
9.99265,0.48529,0.05061,0.93516,0.01097,0.00326
10.09559,0.48529,0.05061,0.93516,0.01097,0.00326
10.19853,0.48529,0.05061,0.93516,0.01097,0.00326
10.30147,0.48529,0.05061,0.93516,0.01097,0.00326
10.40441,0.48529,0.05061,0.93516,0.01097,0.00326
10.50735,0.48529,0.05061,0.93516,0.01097,0.00326
10.61029,0.48529,0.05061,0.93516,0.01097,0.00326
10.71323,0.48529,0.05061,0.93516,0.01097,0.00326
10.81618,0.48529,0.05061,0.93516,0.01097,0.00326
10.91912,0.48529,0.05061,0.93516,0.01097,0.00326
11.02206,0.48529,0.05061,0.93516,0.01097,0.00326
11.12500,0.48529,0.05061,0.93516,0.01097,0.00326
11.22794,0.48529,0.05061,0.93516,0.01097,0.00326
11.33088,0.48529,0.05061,0.93516,0.01097,0.00326
11.43382,0.48529,0.05061,0.93516,0.01097,0.00326
11.53677,0.48529,0.05061,0.93516,0.01097,0.00326
11.63971,0.48529,0.05061,0.93516,0.01097,0.00326
11.74265,0.48529,0.05061,0.93516,0.01097,0.00326
11.84559,0.48529,0.05061,0.93516,0.01097,0.00326
11.94853,0.48529,0.05061,0.93516,0.01097,0.00326
12.05147,0.48529,0.05061,0.93516,0.01097,0.00326
12.15441,0.48529,0.05061,0.93516,0.01097,0.00326
12.25735,0.48529,0.05061,0.93516,0.01097,0.00326
12.36029,0.48529,0.05061,0.93516,0.01097,0.00326
12.46323,0.48529,0.05061,0.93516,0.01097,0.00326
12.56618,0.48529,0.05061,0.93516,0.01097,0.00326
12.66912,0.48529,0.05061,0.93516,0.01097,0.00326
12.77206,0.48529,0.05061,0.93516,0.01097,0.00326
12.87500,0.48529,0.05061,0.93516,0.01097,0.00326
12.97794,0.48529,0.05061,0.93516,0.01097,0.00326
13.08088,0.48529,0.05061,0.93516,0.01097,0.00326
13.18382,0.48529,0.05061,0.93516,0.01097,0.00326
13.28677,0.48529,0.05061,0.93516,0.01097,0.00326
13.38971,0.48529,0.05061,0.93516,0.01097,0.00326
13.49265,0.48529,0.05061,0.93516,0.01097,0.00326
13.59559,0.48529,0.05061,0.93516,0.01097,0.00326
13.69853,0.48529,0.05061,0.93516,0.01097,0.00326
13.80147,0.48529,0.05061,0.93516,0.01097,0.00326
13.90441,0.48529,0.05061,0.93516,0.01097,0.00326
14.00735,0.48529,0.05061,0.93516,0.01097,0.00326
14.11029,0.48529,0.05061,0.93516,0.01097,0.00326
14.21323,0.48529,0.05061,0.93516,0.01097,0.00326
14.31618,0.48529,0.05061,0.93516,0.01097,0.00326
14.41912,0.48529,0.05061,0.93516,0.01097,0.00326
14.52206,0.48529,0.05061,0.93516,0.01097,0.00326
14.62500,0.48529,0.05061,0.93516,0.01097,0.00326
14.72794,0.48529,0.05061,0.93516,0.01097,0.00326
14.83088,0.48529,0.05061,0.93516,0.01097,0.00326
14.93382,0.48529,0.05061,0.93516,0.01097,0.00326
15.03677,0.48529,0.05061,0.93516,0.01097,0.00326
15.13971,0.48529,0.05061,0.93516,0.01097,0.00326
15.24265,0.48529,0.05061,0.93516,0.01097,0.00326
15.34559,0.48529,0.05061,0.93516,0.01097,0.00326
15.44853,0.48529,0.05061,0.93516,0.01097,0.00326
15.55147,0.48529,0.05061,0.93516,0.01097,0.00326
15.65441,0.48529,0.05061,0.93516,0.01097,0.00326
15.75735,0.48529,0.05061,0.93516,0.01097,0.00326
15.86029,0.48529,0.05061,0.93516,0.01097,0.00326
15.96323,0.48530,0.05061,0.93516,0.01097,0.00326
16.06618,0.48529,0.05061,0.93516,0.01097,0.00326
16.16912,0.48529,0.05061,0.93516,0.01097,0.00326
16.27206,0.48529,0.05061,0.93516,0.01097,0.00326
16.37500,0.48529,0.05061,0.93516,0.01097,0.00326
16.47794,0.48529,0.05061,0.93516,0.01097,0.00326
16.58088,0.48529,0.05061,0.93516,0.01097,0.00326
16.68382,0.48529,0.05061,0.93516,0.01097,0.00326
16.78676,0.48529,0.05061,0.93516,0.01097,0.00326
16.88971,0.48529,0.05061,0.93516,0.01097,0.00326
16.99265,0.48529,0.05061,0.93516,0.01097,0.00326
17.09559,0.48529,0.05061,0.93516,0.01097,0.00326
17.19853,0.48529,0.05061,0.93516,0.01097,0.00326
17.30147,0.48529,0.05061,0.93516,0.01097,0.00326
17.40441,0.48529,0.05061,0.93516,0.01097,0.00326
17.50735,0.48529,0.05061,0.93516,0.01097,0.00326
17.61029,0.48529,0.05061,0.93516,0.01097,0.00326
17.71324,0.48529,0.05061,0.93516,0.01097,0.00326
17.81618,0.48529,0.05061,0.93516,0.01097,0.00326
17.91912,0.48529,0.05061,0.93516,0.01097,0.00326
18.02206,0.48529,0.05061,0.93516,0.01097,0.00326
18.12500,0.48529,0.05061,0.93516,0.01097,0.00326
18.22794,0.48529,0.05061,0.93516,0.01097,0.00326
18.33088,0.48529,0.05061,0.93516,0.01097,0.00326
18.43382,0.48529,0.05061,0.93516,0.01097,0.00326
18.53676,0.48529,0.05061,0.93516,0.01097,0.00326
18.63971,0.48529,0.05061,0.93516,0.01097,0.00326
18.74265,0.48529,0.05061,0.93516,0.01097,0.00326
18.84559,0.48529,0.05061,0.93516,0.01097,0.00326
18.94853,0.48529,0.05061,0.93516,0.01097,0.00326
19.05147,0.48529,0.05061,0.93516,0.01097,0.00326
19.15441,0.48529,0.05061,0.93516,0.01097,0.00326
19.25735,0.48529,0.05061,0.93516,0.01097,0.00326
19.36029,0.48529,0.05061,0.93516,0.01097,0.00326
19.46324,0.48529,0.05061,0.93516,0.01097,0.00326
19.56618,0.48529,0.05061,0.93516,0.01097,0.00326
19.66912,0.48529,0.05061,0.93516,0.01097,0.00326
19.77206,0.48529,0.05061,0.93516,0.01097,0.00326
19.87500,0.48529,0.05061,0.93516,0.01097,0.00326
19.97794,0.48529,0.05061,0.93516,0.01097,0.00326
20.08088,0.48529,0.05061,0.93516,0.01097,0.00326
20.18382,0.48529,0.05061,0.93516,0.01097,0.00326
20.28676,0.48529,0.05061,0.93516,0.01097,0.00326
20.38971,0.48529,0.05061,0.93516,0.01097,0.00326
20.49265,0.48529,0.05061,0.93516,0.01097,0.00326
20.59559,0.48529,0.05061,0.93516,0.01097,0.00326
20.69853,0.48529,0.05061,0.93516,0.01097,0.00326
20.80147,0.48529,0.05061,0.93516,0.01097,0.00326
20.90441,0.48529,0.05061,0.93516,0.01097,0.00326
21.00735,0.48529,0.05061,0.93516,0.01097,0.00326
21.11029,0.48529,0.05061,0.93516,0.01097,0.00326
21.21324,0.48529,0.05061,0.93516,0.01097,0.00326
21.31618,0.48529,0.05061,0.93516,0.01097,0.00326
21.41912,0.48529,0.05061,0.93516,0.01097,0.00326
21.52206,0.48529,0.05061,0.93516,0.01097,0.00326
21.62500,0.48529,0.05061,0.93516,0.01097,0.00326
21.72794,0.48529,0.05061,0.93516,0.01097,0.00326
21.83088,0.48529,0.05061,0.93516,0.01097,0.00326
21.93382,0.48529,0.05061,0.93516,0.01097,0.00326
22.03676,0.48529,0.05061,0.93516,0.01097,0.00326
22.13971,0.48529,0.05061,0.93516,0.01097,0.00326
22.24265,0.48529,0.05061,0.93516,0.01097,0.00326
22.34559,0.48529,0.05061,0.93516,0.01097,0.00326
22.44853,0.48529,0.05061,0.93516,0.01097,0.00326
22.55147,0.48529,0.05061,0.93516,0.01097,0.00326
22.65441,0.48529,0.05061,0.93516,0.01097,0.00326
22.75735,0.48529,0.05061,0.93516,0.01097,0.00326
22.86029,0.48529,0.05061,0.93516,0.01097,0.00326
22.96324,0.48529,0.05061,0.93516,0.01097,0.00326
23.06618,0.48529,0.05061,0.93516,0.01097,0.00326
23.16912,0.48529,0.05061,0.93516,0.01097,0.00326
23.27206,0.48529,0.05061,0.93516,0.01097,0.00326
23.37500,0.48529,0.05061,0.93516,0.01097,0.00326
23.47794,0.48529,0.05061,0.93516,0.01097,0.00326
23.58088,0.48529,0.05061,0.93516,0.01097,0.00326
23.68382,0.48529,0.05061,0.93516,0.01097,0.00326
23.78676,0.48529,0.05061,0.93516,0.01097,0.00326
23.88971,0.48529,0.05061,0.93516,0.01097,0.00326
23.99265,0.48529,0.05061,0.93516,0.01097,0.00326
24.09559,0.48529,0.05061,0.93516,0.01097,0.00326
24.19853,0.48529,0.05061,0.93516,0.01097,0.00326
24.30147,0.48529,0.05061,0.93516,0.01097,0.00326
24.40441,0.48529,0.05061,0.93516,0.01097,0.00326
24.50735,0.48529,0.05061,0.93516,0.01097,0.00326
24.61029,0.48529,0.05061,0.93516,0.01097,0.00326
24.71324,0.48529,0.05061,0.93516,0.01097,0.00326
24.81618,0.48529,0.05061,0.93516,0.01097,0.00326
24.91912,0.48529,0.05061,0.93516,0.01097,0.00326
25.02206,0.48529,0.05061,0.93516,0.01097,0.00326
25.12500,0.48529,0.05061,0.93516,0.01097,0.00326
25.22794,0.48529,0.05061,0.93516,0.01097,0.00326
25.33088,0.48529,0.05061,0.93516,0.01097,0.00326
25.43382,0.48529,0.05061,0.93516,0.01097,0.00326
25.53676,0.48529,0.05061,0.93516,0.01097,0.00326
25.63971,0.48529,0.05061,0.93516,0.01097,0.00326
25.74265,0.48529,0.05061,0.93516,0.01097,0.00326
25.84559,0.48529,0.05061,0.93516,0.01097,0.00326
25.94853,0.48529,0.05061,0.93516,0.01097,0.00326
26.05147,0.48529,0.05061,0.93516,0.01097,0.00326
26.15441,0.48529,0.05061,0.93516,0.01097,0.00326
26.25735,0.48529,0.05061,0.93516,0.01097,0.00326
26.36029,0.48529,0.05061,0.93516,0.01097,0.00326
26.46324,0.48529,0.05061,0.93516,0.01097,0.00326
26.56618,0.48529,0.05061,0.93516,0.01097,0.00326
26.66912,0.48529,0.05061,0.93516,0.01097,0.00326
26.77206,0.48529,0.05061,0.93516,0.01097,0.00326
26.87500,0.48529,0.05061,0.93516,0.01097,0.00326
26.97794,0.48529,0.05061,0.93516,0.01097,0.00326
27.08088,0.48529,0.05061,0.93516,0.01097,0.00326
27.18382,0.48529,0.05061,0.93516,0.01097,0.00326
27.28676,0.48529,0.05061,0.93516,0.01097,0.00326
27.38971,0.48529,0.05061,0.93516,0.01097,0.00326
27.49265,0.48529,0.05061,0.93516,0.01097,0.00326
27.59559,0.48529,0.05061,0.93516,0.01097,0.00326
27.69853,0.48529,0.05061,0.93516,0.01097,0.00326
27.80147,0.48529,0.05061,0.93516,0.01097,0.00326
27.90441,0.48529,0.05061,0.93516,0.01097,0.00326
28.00735,0.48529,0.05061,0.93516,0.01097,0.00326
28.11029,0.48529,0.05061,0.93516,0.01097,0.00326
28.21324,0.48529,0.05061,0.93516,0.01097,0.00326
28.31618,0.48529,0.05061,0.93516,0.01097,0.00326
28.41912,0.48529,0.05061,0.93516,0.01097,0.00326
28.52206,0.48529,0.05061,0.93516,0.01097,0.00326
28.62500,0.48529,0.05061,0.93516,0.01097,0.00326
28.72794,0.48529,0.05061,0.93516,0.01097,0.00326
28.83088,0.48529,0.05061,0.93516,0.01097,0.00326
28.93382,0.48529,0.05061,0.93516,0.01097,0.00326
29.03676,0.48529,0.05061,0.93516,0.01097,0.00326
29.13971,0.48529,0.05061,0.93516,0.01097,0.00326
29.24265,0.48529,0.05061,0.93516,0.01097,0.00326
29.34559,0.48529,0.05061,0.93516,0.01097,0.00326
29.44853,0.48529,0.05061,0.93516,0.01097,0.00326
29.55147,0.48529,0.05061,0.93516,0.01097,0.00326
29.65441,0.48529,0.05061,0.93516,0.01097,0.00326
29.75735,0.48529,0.05061,0.93516,0.01097,0.00326
29.86029,0.48529,0.05061,0.93516,0.01097,0.00326
29.96324,0.48529,0.05061,0.93516,0.01097,0.00326
30.06618,0.48529,0.05061,0.93516,0.01097,0.00326
30.16912,0.48529,0.05061,0.93516,0.01097,0.00326
30.27206,0.48529,0.05061,0.93516,0.01097,0.00326
30.37500,0.48529,0.05061,0.93516,0.01097,0.00326
30.47794,0.48529,0.05061,0.93516,0.01097,0.00326
30.58088,0.48529,0.05061,0.93516,0.01097,0.00326
30.68382,0.48529,0.05061,0.93516,0.01097,0.00326
30.78676,0.48529,0.05061,0.93516,0.01097,0.00326
30.88971,0.48529,0.05061,0.93516,0.01097,0.00326
30.99265,0.48529,0.05061,0.93516,0.01097,0.00326
31.09559,0.48529,0.05061,0.93516,0.01097,0.00326
31.19853,0.48529,0.05061,0.93516,0.01097,0.00326
31.30147,0.48529,0.05061,0.93516,0.01097,0.00326
31.40441,0.48529,0.05061,0.93516,0.01097,0.00326
31.50735,0.48529,0.05061,0.93516,0.01097,0.00326
31.61029,0.48529,0.05061,0.93516,0.01097,0.00326
31.71324,0.48529,0.05061,0.93516,0.01097,0.00326
31.81618,0.48529,0.05061,0.93516,0.01097,0.00326
31.91912,0.48529,0.05061,0.93516,0.01097,0.00326
32.02206,0.48529,0.05061,0.93516,0.01097,0.00326
32.12500,0.48529,0.05061,0.93516,0.01097,0.00326
32.22794,0.48529,0.05061,0.93516,0.01097,0.00326
32.33088,0.48529,0.05061,0.93516,0.01097,0.00326
32.43382,0.48529,0.05061,0.93516,0.01097,0.00326
32.53677,0.48529,0.05061,0.93516,0.01097,0.00326
32.63971,0.48529,0.05061,0.93516,0.01097,0.00326
32.74265,0.48529,0.05061,0.93516,0.01097,0.00326
32.84559,0.48529,0.05061,0.93516,0.01097,0.00326
32.94853,0.48529,0.05061,0.93516,0.01097,0.00326
33.05147,0.48529,0.05061,0.93516,0.01097,0.00326
33.15441,0.48529,0.05061,0.93516,0.01097,0.00326
33.25735,0.48529,0.05061,0.93516,0.01097,0.00326
33.36029,0.48529,0.05061,0.93516,0.01097,0.00326
33.46323,0.48529,0.05061,0.93516,0.01097,0.00326
33.56618,0.48529,0.05061,0.93516,0.01097,0.00326
33.66912,0.48529,0.05061,0.93516,0.01097,0.00326
33.77206,0.48529,0.05061,0.93516,0.01097,0.00326
33.87500,0.48529,0.05061,0.93516,0.01097,0.00326
33.97794,0.48529,0.05061,0.93516,0.01097,0.00326
34.08088,0.48529,0.05061,0.93516,0.01097,0.00326
34.18382,0.48529,0.05061,0.93516,0.01097,0.00326
34.28677,0.48529,0.05061,0.93516,0.01097,0.00326
34.38971,0.48529,0.05061,0.93516,0.01097,0.00326
34.49265,0.48529,0.05061,0.93516,0.01097,0.00326
34.59559,0.48529,0.05061,0.93516,0.01097,0.00326
34.69853,0.48529,0.05061,0.93516,0.01097,0.00326
34.80147,0.48529,0.05061,0.93516,0.01097,0.00326
34.90441,0.48529,0.05061,0.93516,0.01097,0.00326
35.00735,0.48529,0.05061,0.93516,0.01097,0.00326
35.11029,0.48529,0.05061,0.93516,0.01097,0.00326
35.21323,0.48529,0.05061,0.93516,0.01097,0.00326
35.31618,0.48529,0.05061,0.93516,0.01097,0.00326
35.41912,0.48529,0.05061,0.93516,0.01097,0.00326
35.52206,0.48529,0.05061,0.93516,0.01097,0.00326
35.62500,0.48529,0.05061,0.93516,0.01097,0.00326
35.72794,0.48529,0.05061,0.93516,0.01097,0.00326
35.83088,0.48529,0.05061,0.93516,0.01097,0.00326
35.93382,0.48529,0.05061,0.93516,0.01097,0.00326
36.03677,0.48529,0.05061,0.93516,0.01097,0.00326
36.13971,0.48529,0.05061,0.93516,0.01097,0.00326
36.24265,0.48529,0.05061,0.93516,0.01097,0.00326
36.34559,0.48529,0.05061,0.93516,0.01097,0.00326
36.44853,0.48529,0.05061,0.93516,0.01097,0.00326
36.55147,0.48529,0.05061,0.93516,0.01097,0.00326
36.65441,0.48529,0.05061,0.93516,0.01097,0.00326
36.75735,0.48529,0.05061,0.93516,0.01097,0.00326
36.86029,0.48529,0.05061,0.93516,0.01097,0.00326
36.96323,0.48529,0.05061,0.93516,0.01097,0.00326
37.06618,0.48529,0.05061,0.93516,0.01097,0.00326
37.16912,0.48529,0.05061,0.93516,0.01097,0.00326
37.27206,0.48529,0.05061,0.93516,0.01097,0.00326
37.37500,0.48529,0.05061,0.93516,0.01097,0.00326
37.47794,0.48529,0.05061,0.93516,0.01097,0.00326
37.58088,0.48529,0.05061,0.93516,0.01097,0.00326
37.68382,0.48529,0.05061,0.93516,0.01097,0.00326
37.78677,0.48529,0.05061,0.93516,0.01097,0.00326
37.88971,0.48529,0.05061,0.93516,0.01097,0.00326
37.99265,0.48529,0.05061,0.93516,0.01097,0.00326
38.09559,0.48529,0.05061,0.93516,0.01097,0.00326
38.19853,0.48529,0.05061,0.93516,0.01097,0.00326
38.30147,0.48529,0.05061,0.93516,0.01097,0.00326
38.40441,0.48529,0.05061,0.93516,0.01097,0.00326
38.50735,0.48529,0.05061,0.93516,0.01097,0.00326
38.61029,0.48529,0.05061,0.93516,0.01097,0.00326
38.71323,0.48529,0.05061,0.93516,0.01097,0.00326
38.81618,0.48529,0.05061,0.93516,0.01097,0.00326
38.91912,0.48529,0.05061,0.93516,0.01097,0.00326
39.02206,0.48529,0.05061,0.93516,0.01097,0.00326
39.12500,0.48529,0.05061,0.93516,0.01097,0.00326
39.22794,0.48529,0.05061,0.93516,0.01097,0.00326
39.33088,0.48529,0.05061,0.93516,0.01097,0.00326
39.43382,0.48529,0.05061,0.93516,0.01097,0.00326
39.53677,0.48529,0.05061,0.93516,0.01097,0.00326
39.63971,0.48529,0.05061,0.93516,0.01097,0.00326
39.74265,0.48529,0.05061,0.93516,0.01097,0.00326
39.84559,0.48529,0.05061,0.93516,0.01097,0.00326
39.94853,0.48529,0.05061,0.93516,0.01097,0.00326
40.05147,0.48529,0.05061,0.93516,0.01097,0.00326
40.15441,0.48529,0.05061,0.93516,0.01097,0.00326
40.25735,0.48529,0.05061,0.93516,0.01097,0.00326
40.36029,0.48529,0.05061,0.93516,0.01097,0.00326
40.46323,0.48529,0.05061,0.93516,0.01097,0.00326
40.56618,0.48529,0.05061,0.93516,0.01097,0.00326
40.66912,0.48529,0.05061,0.93516,0.01097,0.00326
40.77206,0.48529,0.05061,0.93516,0.01097,0.00326
40.87500,0.48529,0.05061,0.93516,0.01097,0.00326
40.97794,0.48529,0.05061,0.93516,0.01097,0.00326
41.08088,0.48529,0.05061,0.93516,0.01097,0.00326
41.18382,0.48529,0.05061,0.93516,0.01097,0.00326
41.28677,0.48529,0.05061,0.93516,0.01097,0.00326
41.38971,0.48529,0.05061,0.93516,0.01097,0.00326
41.49265,0.48529,0.05061,0.93516,0.01097,0.00326
41.59559,0.48529,0.05061,0.93516,0.01097,0.00326
41.69853,0.48529,0.05061,0.93516,0.01097,0.00326
41.80147,0.48529,0.05061,0.93516,0.01097,0.00326
41.90441,0.48529,0.05061,0.93516,0.01097,0.00326
42.00735,0.48529,0.05061,0.93516,0.01097,0.00326
42.11029,0.48529,0.05061,0.93516,0.01097,0.00326
42.21323,0.48529,0.05061,0.93516,0.01097,0.00326
42.31618,0.48529,0.05061,0.93516,0.01097,0.00326
42.41912,0.48529,0.05061,0.93516,0.01097,0.00326
42.52206,0.48529,0.05061,0.93516,0.01097,0.00326
42.62500,0.48529,0.05061,0.93516,0.01097,0.00326
42.72794,0.48529,0.05061,0.93516,0.01097,0.00326
42.83088,0.48529,0.05061,0.93516,0.01097,0.00326
42.93382,0.48529,0.05061,0.93516,0.01097,0.00326
43.03677,0.48529,0.05061,0.93516,0.01097,0.00326
43.13971,0.48529,0.05061,0.93516,0.01097,0.00326
43.24265,0.48529,0.05061,0.93516,0.01097,0.00326
43.34559,0.48529,0.05061,0.93516,0.01097,0.00326
43.44853,0.48529,0.05061,0.93516,0.01097,0.00326
43.55147,0.48529,0.05061,0.93516,0.01097,0.00326
43.65441,0.48529,0.05061,0.93516,0.01097,0.00326
43.75735,0.48529,0.05061,0.93516,0.01097,0.00326
43.86029,0.48529,0.05061,0.93516,0.01097,0.00326
43.96323,0.48529,0.05061,0.93516,0.01097,0.00326
44.06618,0.48529,0.05061,0.93516,0.01097,0.00326
44.16912,0.48529,0.05061,0.93516,0.01097,0.00326
44.27206,0.48529,0.05061,0.93516,0.01097,0.00326
44.37500,0.48529,0.05061,0.93516,0.01097,0.00326
44.47794,0.48529,0.05061,0.93516,0.01097,0.00326
44.58088,0.48529,0.05061,0.93516,0.01097,0.00326
44.68382,0.48529,0.05061,0.93516,0.01097,0.00326
44.78677,0.48529,0.05061,0.93516,0.01097,0.00326
44.88971,0.48529,0.05061,0.93516,0.01097,0.00326
44.99265,0.48529,0.05061,0.93516,0.01097,0.00326
45.09559,0.48529,0.05061,0.93516,0.01097,0.00326
45.19853,0.48529,0.05061,0.93516,0.01097,0.00326
45.30147,0.48529,0.05061,0.93516,0.01097,0.00326
45.40441,0.48529,0.05061,0.93516,0.01097,0.00326
45.50735,0.48529,0.05061,0.93516,0.01097,0.00326
45.61029,0.48529,0.05061,0.93516,0.01097,0.00326
45.71323,0.48529,0.05061,0.93516,0.01097,0.00326
45.81618,0.48529,0.05061,0.93516,0.01097,0.00326
45.91912,0.48529,0.05061,0.93516,0.01097,0.00326
46.02206,0.48529,0.05061,0.93516,0.01097,0.00326
46.12500,0.48529,0.05061,0.93516,0.01097,0.00326
46.22794,0.48529,0.05061,0.93516,0.01097,0.00326
46.33088,0.48529,0.05061,0.93516,0.01097,0.00326
46.43382,0.48529,0.05061,0.93516,0.01097,0.00326
46.53677,0.48529,0.05061,0.93516,0.01097,0.00326
46.63971,0.48529,0.05061,0.93516,0.01097,0.00326
46.74265,0.48529,0.05061,0.93516,0.01097,0.00326
46.84559,0.48529,0.05061,0.93516,0.01097,0.00326
46.94853,0.48529,0.05061,0.93516,0.01097,0.00326
47.05147,0.48529,0.05061,0.93516,0.01097,0.00326
47.15441,0.48529,0.05061,0.93516,0.01097,0.00326
47.25735,0.48529,0.05061,0.93516,0.01097,0.00326
47.36029,0.48529,0.05061,0.93516,0.01097,0.00326
47.46323,0.48529,0.05061,0.93516,0.01097,0.00326
47.56618,0.48529,0.05061,0.93516,0.01097,0.00326
47.66912,0.48529,0.05061,0.93516,0.01097,0.00326
47.77206,0.48529,0.05061,0.93516,0.01097,0.00326
47.87500,0.48529,0.05061,0.93516,0.01097,0.00326
47.97794,0.48529,0.05061,0.93516,0.01097,0.00326
48.08088,0.48529,0.05061,0.93516,0.01097,0.00326
48.18382,0.48529,0.05061,0.93516,0.01097,0.00326
48.28677,0.48529,0.05061,0.93516,0.01097,0.00326
48.38971,0.48529,0.05061,0.93516,0.01097,0.00326
48.49265,0.48529,0.05061,0.93516,0.01097,0.00326
48.59559,0.48529,0.05061,0.93516,0.01097,0.00326
48.69853,0.48529,0.05061,0.93516,0.01097,0.00326
48.80147,0.48529,0.05061,0.93516,0.01097,0.00326
48.90441,0.48529,0.05061,0.93516,0.01097,0.00326
49.00735,0.48529,0.05061,0.93516,0.01097,0.00326
49.11029,0.48529,0.05061,0.93516,0.01097,0.00326
49.21323,0.48529,0.05061,0.93516,0.01097,0.00326
49.31618,0.48529,0.05061,0.93516,0.01097,0.00326
49.41912,0.48529,0.05061,0.93516,0.01097,0.00326
49.52206,0.48529,0.05061,0.93516,0.01097,0.00326
49.62500,0.48529,0.05061,0.93516,0.01097,0.00326
49.72794,0.48529,0.05061,0.93516,0.01097,0.00326
49.83088,0.48529,0.05061,0.93516,0.01097,0.00326
49.93382,0.48529,0.05061,0.93516,0.01097,0.00326
50.03677,0.48529,0.05061,0.93516,0.01097,0.00326
50.13971,0.48529,0.05061,0.93516,0.01097,0.00326
50.24265,0.48529,0.05061,0.93516,0.01097,0.00326
50.34559,0.48529,0.05061,0.93516,0.01097,0.00326
50.44853,0.48529,0.05061,0.93516,0.01097,0.00326
50.55147,0.48529,0.05061,0.93516,0.01097,0.00326
50.65441,0.48529,0.05061,0.93516,0.01097,0.00326
50.75735,0.48529,0.05061,0.93516,0.01097,0.00326
50.86029,0.48529,0.05061,0.93516,0.01097,0.00326
50.96323,0.48529,0.05061,0.93516,0.01097,0.00326
51.06618,0.48529,0.05061,0.93516,0.01097,0.00326
51.16912,0.48529,0.05061,0.93516,0.01097,0.00326
51.27206,0.48529,0.05061,0.93516,0.01097,0.00326
51.37500,0.48529,0.05061,0.93516,0.01097,0.00326
51.47794,0.48529,0.05061,0.93516,0.01097,0.00326
51.58088,0.48529,0.05061,0.93516,0.01097,0.00326
51.68382,0.48529,0.05061,0.93516,0.01097,0.00326
51.78677,0.48529,0.05061,0.93516,0.01097,0.00326
51.88971,0.48529,0.05061,0.93516,0.01097,0.00326
51.99265,0.48529,0.05061,0.93516,0.01097,0.00326
52.09559,0.48529,0.05061,0.93516,0.01097,0.00326
52.19853,0.48529,0.05061,0.93516,0.01097,0.00326
52.30147,0.48529,0.05061,0.93516,0.01097,0.00326
52.40441,0.48529,0.05061,0.93516,0.01097,0.00326
52.50735,0.48529,0.05061,0.93516,0.01097,0.00326
52.61029,0.48529,0.05061,0.93516,0.01097,0.00326
52.71323,0.48529,0.05061,0.93516,0.01097,0.00326
52.81618,0.48529,0.05061,0.93516,0.01097,0.00326
52.91912,0.48529,0.05061,0.93516,0.01097,0.00326
53.02206,0.48529,0.05061,0.93516,0.01097,0.00326
53.12500,0.48529,0.05061,0.93516,0.01097,0.00326
53.22794,0.48529,0.05061,0.93516,0.01097,0.00326
53.33088,0.48529,0.05061,0.93516,0.01097,0.00326
53.43382,0.48529,0.05061,0.93516,0.01097,0.00326
53.53677,0.48529,0.05061,0.93516,0.01097,0.00326
53.63971,0.48529,0.05061,0.93516,0.01097,0.00326
53.74265,0.48529,0.05061,0.93516,0.01097,0.00326
53.84559,0.48529,0.05061,0.93516,0.01097,0.00326
53.94853,0.48529,0.05061,0.93516,0.01097,0.00326
54.05147,0.48529,0.05061,0.93516,0.01097,0.00326
54.15441,0.48529,0.05061,0.93516,0.01097,0.00326
54.25735,0.48529,0.05061,0.93516,0.01097,0.00326
54.36029,0.48529,0.05061,0.93516,0.01097,0.00326
54.46323,0.48529,0.05061,0.93516,0.01097,0.00326
54.56618,0.48529,0.05061,0.93516,0.01097,0.00326
54.66912,0.48529,0.05061,0.93516,0.01097,0.00326
54.77206,0.48529,0.05061,0.93516,0.01097,0.00326
54.87500,0.48529,0.05061,0.93516,0.01097,0.00326
54.97794,0.48529,0.05061,0.93516,0.01097,0.00326
55.08088,0.48529,0.05061,0.93516,0.01097,0.00326
55.18382,0.48529,0.05061,0.93516,0.01097,0.00326
55.28677,0.48529,0.05061,0.93516,0.01097,0.00326
55.38971,0.48529,0.05061,0.93516,0.01097,0.00326
55.49265,0.48529,0.05061,0.93516,0.01097,0.00326
55.59559,0.48529,0.05061,0.93516,0.01097,0.00326
55.69853,0.48529,0.05061,0.93516,0.01097,0.00326
55.80147,0.48529,0.05061,0.93516,0.01097,0.00326
55.90441,0.48529,0.05061,0.93516,0.01097,0.00326
56.00735,0.48529,0.05061,0.93516,0.01097,0.00326
56.11029,0.48529,0.05061,0.93516,0.01097,0.00326
56.21323,0.48529,0.05061,0.93516,0.01097,0.00326
56.31618,0.48529,0.05061,0.93516,0.01097,0.00326
56.41912,0.48529,0.05061,0.93516,0.01097,0.00326
56.52206,0.48529,0.05061,0.93516,0.01097,0.00326
56.62500,0.48529,0.05061,0.93516,0.01097,0.00326
56.72794,0.48529,0.05061,0.93516,0.01097,0.00326
56.83088,0.48529,0.05061,0.93516,0.01097,0.00326
56.93382,0.48529,0.05061,0.93516,0.01097,0.00326
57.03677,0.48529,0.05061,0.93516,0.01097,0.00326
57.13971,0.48529,0.05061,0.93516,0.01097,0.00326
57.24265,0.48529,0.05061,0.93516,0.01097,0.00326
57.34559,0.48529,0.05061,0.93516,0.01097,0.00326
57.44853,0.48529,0.05061,0.93516,0.01097,0.00326
57.55147,0.48529,0.05061,0.93516,0.01097,0.00326
57.65441,0.48529,0.05061,0.93516,0.01097,0.00326
57.75735,0.48529,0.05061,0.93516,0.01097,0.00326
57.86029,0.48529,0.05061,0.93516,0.01097,0.00326
57.96323,0.48529,0.05061,0.93516,0.01097,0.00326
58.06618,0.48529,0.05061,0.93516,0.01097,0.00326
58.16912,0.48529,0.05061,0.93516,0.01097,0.00326
58.27206,0.48529,0.05061,0.93516,0.01097,0.00326
58.37500,0.48529,0.05061,0.93516,0.01097,0.00326
58.47794,0.48529,0.05061,0.93516,0.01097,0.00326
58.58088,0.48529,0.05061,0.93516,0.01097,0.00326
58.68382,0.48529,0.05061,0.93516,0.01097,0.00326
58.78677,0.48529,0.05061,0.93516,0.01097,0.00326
58.88971,0.48529,0.05061,0.93516,0.01097,0.00326
58.99265,0.48529,0.05061,0.93516,0.01097,0.00326
59.09559,0.48529,0.05061,0.93516,0.01097,0.00326
59.19853,0.48529,0.05061,0.93516,0.01097,0.00326
59.30147,0.48529,0.05061,0.93516,0.01097,0.00326
59.40441,0.48529,0.05061,0.93516,0.01097,0.00326
59.50735,0.48529,0.05061,0.93516,0.01097,0.00326
59.61029,0.48529,0.05061,0.93516,0.01097,0.00326
59.71323,0.48529,0.05061,0.93516,0.01097,0.00326
59.81618,0.48529,0.05061,0.93516,0.01097,0.00326
59.91912,0.48529,0.05061,0.93516,0.01097,0.00326
60.02206,0.48529,0.05061,0.93516,0.01097,0.00326
60.12500,0.48529,0.05061,0.93516,0.01097,0.00326
60.22794,0.48529,0.05061,0.93516,0.01097,0.00326
60.33088,0.48529,0.05061,0.93516,0.01097,0.00326
60.43382,0.48529,0.05061,0.93516,0.01097,0.00326
60.53677,0.48529,0.05061,0.93516,0.01097,0.00326
60.63971,0.48529,0.05061,0.93516,0.01097,0.00326
60.74265,0.48529,0.05061,0.93516,0.01097,0.00326
60.84559,0.48529,0.05061,0.93516,0.01097,0.00326
60.94853,0.48529,0.05061,0.93516,0.01097,0.00326
61.05147,0.48529,0.05061,0.93516,0.01097,0.00326
61.15441,0.48529,0.05061,0.93516,0.01097,0.00326
61.25735,0.48529,0.05061,0.93516,0.01097,0.00326
61.36029,0.48529,0.05061,0.93516,0.01097,0.00326
61.46323,0.48529,0.05061,0.93516,0.01097,0.00326
61.56618,0.48529,0.05061,0.93516,0.01097,0.00326
61.66912,0.48529,0.05061,0.93516,0.01097,0.00326
61.77206,0.48529,0.05061,0.93516,0.01097,0.00326
61.87500,0.48529,0.05061,0.93516,0.01097,0.00326
61.97794,0.48529,0.05061,0.93516,0.01097,0.00326
62.08088,0.48529,0.05061,0.93516,0.01097,0.00326
62.18382,0.48529,0.05061,0.93516,0.01097,0.00326
62.28677,0.48529,0.05061,0.93516,0.01097,0.00326
62.38971,0.48529,0.05061,0.93516,0.01097,0.00326
62.49265,0.48529,0.05061,0.93516,0.01097,0.00326
62.59559,0.48529,0.05061,0.93516,0.01097,0.00326
62.69853,0.48529,0.05061,0.93516,0.01097,0.00326
62.80147,0.48529,0.05061,0.93516,0.01097,0.00326
62.90441,0.48529,0.05061,0.93516,0.01097,0.00326
63.00735,0.48529,0.05061,0.93516,0.01097,0.00326
63.11029,0.48529,0.05061,0.93516,0.01097,0.00326
63.21323,0.48529,0.05061,0.93516,0.01097,0.00326
63.31618,0.48529,0.05061,0.93516,0.01097,0.00326
63.41912,0.48529,0.05061,0.93516,0.01097,0.00326
63.52206,0.48529,0.05061,0.93516,0.01097,0.00326
63.62500,0.48529,0.05061,0.93516,0.01097,0.00326
63.72794,0.48529,0.05061,0.93516,0.01097,0.00326
63.83088,0.48529,0.05061,0.93516,0.01097,0.00326
63.93382,0.48530,0.05061,0.93516,0.01097,0.00326
64.03677,0.48529,0.05061,0.93516,0.01097,0.00326
64.13971,0.48529,0.05061,0.93516,0.01097,0.00326
64.24265,0.48530,0.05061,0.93516,0.01097,0.00326
64.34559,0.48529,0.05061,0.93516,0.01097,0.00326
64.44853,0.48529,0.05061,0.93516,0.01097,0.00326
64.55147,0.48530,0.05061,0.93516,0.01097,0.00326
64.65441,0.48530,0.05061,0.93516,0.01097,0.00326
64.75735,0.48529,0.05061,0.93516,0.01097,0.00326
64.86029,0.48530,0.05061,0.93516,0.01097,0.00326
64.96323,0.48530,0.05061,0.93516,0.01097,0.00326
65.06618,0.48529,0.05061,0.93516,0.01097,0.00326
65.16912,0.48529,0.05061,0.93516,0.01097,0.00326
65.27206,0.48530,0.05061,0.93516,0.01097,0.00326
65.37500,0.48529,0.05061,0.93516,0.01097,0.00326
65.47794,0.48529,0.05061,0.93516,0.01097,0.00326
65.58088,0.48530,0.05061,0.93516,0.01097,0.00326
65.68382,0.48530,0.05061,0.93516,0.01097,0.00326
65.78677,0.48529,0.05061,0.93516,0.01097,0.00326
65.88971,0.48529,0.05061,0.93516,0.01097,0.00326
65.99265,0.48530,0.05061,0.93516,0.01097,0.00326
66.09559,0.48529,0.05061,0.93516,0.01097,0.00326
66.19853,0.48529,0.05061,0.93516,0.01097,0.00326
66.30147,0.48530,0.05061,0.93516,0.01097,0.00326
66.40441,0.48530,0.05061,0.93516,0.01097,0.00326
66.50735,0.48529,0.05061,0.93516,0.01097,0.00326
66.61029,0.48530,0.05061,0.93516,0.01097,0.00326
66.71323,0.48530,0.05061,0.93516,0.01097,0.00326
66.81618,0.48529,0.05061,0.93516,0.01097,0.00326
66.91912,0.48529,0.05061,0.93516,0.01097,0.00326
67.02206,0.48530,0.05061,0.93516,0.01097,0.00326
67.12500,0.48529,0.05061,0.93516,0.01097,0.00326
67.22794,0.48529,0.05061,0.93516,0.01097,0.00326
67.33088,0.48530,0.05061,0.93516,0.01097,0.00326
67.43382,0.48530,0.05061,0.93516,0.01097,0.00326
67.53677,0.48529,0.05061,0.93516,0.01097,0.00326
67.63971,0.48529,0.05061,0.93516,0.01097,0.00326
67.74265,0.48530,0.05061,0.93516,0.01097,0.00326
67.84559,0.48529,0.05061,0.93516,0.01097,0.00326
67.94853,0.48529,0.05061,0.93516,0.01097,0.00326
68.05147,0.48530,0.05061,0.93516,0.01097,0.00326
68.15441,0.48530,0.05061,0.93516,0.01097,0.00326
68.25735,0.48529,0.05061,0.93516,0.01097,0.00326
68.36029,0.48530,0.05061,0.93516,0.01097,0.00326
68.46323,0.48530,0.05061,0.93516,0.01097,0.00326
68.56618,0.48529,0.05061,0.93516,0.01097,0.00326
68.66912,0.48529,0.05061,0.93516,0.01097,0.00326
68.77206,0.48530,0.05061,0.93516,0.01097,0.00326
68.87500,0.48529,0.05061,0.93516,0.01097,0.00326
68.97794,0.48529,0.05061,0.93516,0.01097,0.00326
69.08088,0.48530,0.05061,0.93516,0.01097,0.00326
69.18382,0.48530,0.05061,0.93516,0.01097,0.00326
69.28677,0.48529,0.05061,0.93516,0.01097,0.00326
69.38971,0.48529,0.05061,0.93516,0.01097,0.00326
69.49265,0.48530,0.05061,0.93516,0.01097,0.00326
69.59559,0.48529,0.05061,0.93516,0.01097,0.00326
69.69853,0.48529,0.05061,0.93516,0.01097,0.00326
69.80147,0.48530,0.05061,0.93516,0.01097,0.00326
69.90441,0.48530,0.05061,0.93516,0.01097,0.00326
70.00735,0.48529,0.05061,0.93516,0.01097,0.00326
70.11029,0.48530,0.05061,0.93516,0.01097,0.00326
70.21323,0.48530,0.05061,0.93516,0.01097,0.00326
70.31618,0.48529,0.05061,0.93516,0.01097,0.00326
70.41912,0.48529,0.05061,0.93516,0.01097,0.00326
70.52206,0.48530,0.05061,0.93516,0.01097,0.00326
70.62500,0.48529,0.05061,0.93516,0.01097,0.00326
70.72794,0.48529,0.05061,0.93516,0.01097,0.00326
70.83088,0.48530,0.05061,0.93516,0.01097,0.00326
70.93382,0.48530,0.05061,0.93516,0.01097,0.00326
71.03677,0.48529,0.05061,0.93516,0.01097,0.00326
71.13971,0.48529,0.05061,0.93516,0.01097,0.00326
71.24265,0.48530,0.05061,0.93516,0.01097,0.00326
71.34559,0.48529,0.05061,0.93516,0.01097,0.00326
71.44853,0.48529,0.05061,0.93516,0.01097,0.00326
71.55147,0.48530,0.05061,0.93516,0.01097,0.00326
71.65441,0.48530,0.05061,0.93516,0.01097,0.00326
71.75735,0.48529,0.05061,0.93516,0.01097,0.00326
71.86029,0.48530,0.05061,0.93516,0.01097,0.00326
71.96323,0.48530,0.05061,0.93516,0.01097,0.00326
72.06618,0.48529,0.05061,0.93516,0.01097,0.00326
72.16912,0.48529,0.05061,0.93516,0.01097,0.00326
72.27206,0.48530,0.05061,0.93516,0.01097,0.00326
72.37500,0.48529,0.05061,0.93516,0.01097,0.00326
72.47794,0.48529,0.05061,0.93516,0.01097,0.00326
72.58088,0.48530,0.05061,0.93516,0.01097,0.00326
72.68382,0.48530,0.05061,0.93516,0.01097,0.00326
72.78677,0.48529,0.05061,0.93516,0.01097,0.00326
72.88971,0.48529,0.05061,0.93516,0.01097,0.00326
72.99265,0.48530,0.05061,0.93516,0.01097,0.00326
73.09559,0.48529,0.05061,0.93516,0.01097,0.00326
73.19853,0.48529,0.05061,0.93516,0.01097,0.00326
73.30147,0.48530,0.05061,0.93516,0.01097,0.00326
73.40441,0.48530,0.05061,0.93516,0.01097,0.00326
73.50735,0.48529,0.05061,0.93516,0.01097,0.00326
73.61029,0.48530,0.05061,0.93516,0.01097,0.00326
73.71323,0.48530,0.05061,0.93516,0.01097,0.00326
73.81618,0.48529,0.05061,0.93516,0.01097,0.00326
73.91912,0.48529,0.05061,0.93516,0.01097,0.00326
74.02206,0.48530,0.05061,0.93516,0.01097,0.00326
74.12500,0.48529,0.05061,0.93516,0.01097,0.00326
74.22794,0.48529,0.05061,0.93516,0.01097,0.00326
74.33088,0.48530,0.05061,0.93516,0.01097,0.00326
74.43382,0.48530,0.05061,0.93516,0.01097,0.00326
74.53677,0.48529,0.05061,0.93516,0.01097,0.00326
74.63971,0.48529,0.05061,0.93516,0.01097,0.00326
74.74265,0.48530,0.05061,0.93516,0.01097,0.00326
74.84559,0.48529,0.05061,0.93516,0.01097,0.00326
74.94853,0.48529,0.05061,0.93516,0.01097,0.00326
75.05147,0.48530,0.05061,0.93516,0.01097,0.00326
75.15441,0.48530,0.05061,0.93516,0.01097,0.00326
75.25735,0.48529,0.05061,0.93516,0.01097,0.00326
75.36029,0.48530,0.05061,0.93516,0.01097,0.00326
75.46323,0.48530,0.05061,0.93516,0.01097,0.00326
75.56618,0.48529,0.05061,0.93516,0.01097,0.00326
75.66912,0.48529,0.05061,0.93516,0.01097,0.00326
75.77206,0.48530,0.05061,0.93516,0.01097,0.00326
75.87500,0.48529,0.05061,0.93516,0.01097,0.00326
75.97794,0.48529,0.05061,0.93516,0.01097,0.00326
76.08088,0.48530,0.05061,0.93516,0.01097,0.00326
76.18382,0.48530,0.05061,0.93516,0.01097,0.00326
76.28677,0.48529,0.05061,0.93516,0.01097,0.00326
76.38971,0.48529,0.05061,0.93516,0.01097,0.00326
76.49265,0.48530,0.05061,0.93516,0.01097,0.00326
76.59559,0.48529,0.05061,0.93516,0.01097,0.00326
76.69853,0.48529,0.05061,0.93516,0.01097,0.00326
76.80147,0.48530,0.05061,0.93516,0.01097,0.00326
76.90441,0.48530,0.05061,0.93516,0.01097,0.00326
77.00735,0.48529,0.05061,0.93516,0.01097,0.00326
77.11029,0.48530,0.05061,0.93516,0.01097,0.00326
77.21323,0.48530,0.05061,0.93516,0.01097,0.00326
77.31618,0.48529,0.05061,0.93516,0.01097,0.00326
77.41912,0.48529,0.05061,0.93516,0.01097,0.00326
77.52206,0.48530,0.05061,0.93516,0.01097,0.00326
77.62500,0.48529,0.05061,0.93516,0.01097,0.00326
77.72794,0.48529,0.05061,0.93516,0.01097,0.00326
77.83088,0.48530,0.05061,0.93516,0.01097,0.00326
77.93382,0.48530,0.05061,0.93516,0.01097,0.00326
78.03677,0.48529,0.05061,0.93516,0.01097,0.00326
78.13971,0.48529,0.05061,0.93516,0.01097,0.00326
78.24265,0.48530,0.05061,0.93516,0.01097,0.00326
78.34559,0.48529,0.05061,0.93516,0.01097,0.00326
78.44853,0.48529,0.05061,0.93516,0.01097,0.00326
78.55147,0.48530,0.05061,0.93516,0.01097,0.00326
78.65441,0.48530,0.05061,0.93516,0.01097,0.00326
78.75735,0.48529,0.05061,0.93516,0.01097,0.00326
78.86029,0.48530,0.05061,0.93516,0.01097,0.00326
78.96323,0.48530,0.05061,0.93516,0.01097,0.00326
79.06618,0.48529,0.05061,0.93516,0.01097,0.00326
79.16912,0.48529,0.05061,0.93516,0.01097,0.00326
79.27206,0.48530,0.05061,0.93516,0.01097,0.00326
79.37500,0.48529,0.05061,0.93516,0.01097,0.00326
79.47794,0.48529,0.05061,0.93516,0.01097,0.00326
79.58088,0.48530,0.05061,0.93516,0.01097,0.00326
79.68382,0.48530,0.05061,0.93516,0.01097,0.00326
79.78677,0.48529,0.05061,0.93516,0.01097,0.00326
79.88971,0.48529,0.05061,0.93516,0.01097,0.00326
79.99265,0.48530,0.05061,0.93516,0.01097,0.00326
80.09559,0.48529,0.05061,0.93516,0.01097,0.00326
80.19853,0.48529,0.05061,0.93516,0.01097,0.00326
80.30147,0.48530,0.05061,0.93516,0.01097,0.00326
80.40441,0.48530,0.05061,0.93516,0.01097,0.00326
80.50735,0.48529,0.05061,0.93516,0.01097,0.00326
80.61029,0.48530,0.05061,0.93516,0.01097,0.00326
80.71323,0.48530,0.05061,0.93516,0.01097,0.00326
80.81618,0.48529,0.05061,0.93516,0.01097,0.00326
80.91912,0.48529,0.05061,0.93516,0.01097,0.00326
81.02206,0.48530,0.05061,0.93516,0.01097,0.00326
81.12500,0.48529,0.05061,0.93516,0.01097,0.00326
81.22794,0.48529,0.05061,0.93516,0.01097,0.00326
81.33088,0.48530,0.05061,0.93516,0.01097,0.00326
81.43382,0.48530,0.05061,0.93516,0.01097,0.00326
81.53677,0.48529,0.05061,0.93516,0.01097,0.00326
81.63971,0.48529,0.05061,0.93516,0.01097,0.00326
81.74265,0.48530,0.05061,0.93516,0.01097,0.00326
81.84559,0.48529,0.05061,0.93516,0.01097,0.00326
81.94853,0.48529,0.05061,0.93516,0.01097,0.00326
82.05147,0.48530,0.05061,0.93516,0.01097,0.00326
82.15441,0.48530,0.05061,0.93516,0.01097,0.00326
82.25735,0.48529,0.05061,0.93516,0.01097,0.00326
82.36029,0.48530,0.05061,0.93516,0.01097,0.00326
82.46323,0.48530,0.05061,0.93516,0.01097,0.00326
82.56618,0.48529,0.05061,0.93516,0.01097,0.00326
82.66912,0.48529,0.05061,0.93516,0.01097,0.00326
82.77206,0.48530,0.05061,0.93516,0.01097,0.00326
82.87500,0.48529,0.05061,0.93516,0.01097,0.00326
82.97794,0.48529,0.05061,0.93516,0.01097,0.00326
83.08088,0.48530,0.05061,0.93516,0.01097,0.00326
83.18382,0.48530,0.05061,0.93516,0.01097,0.00326
83.28677,0.48529,0.05061,0.93516,0.01097,0.00326
83.38971,0.48529,0.05061,0.93516,0.01097,0.00326
83.49265,0.48530,0.05061,0.93516,0.01097,0.00326
83.59559,0.48529,0.05061,0.93516,0.01097,0.00326
83.69853,0.48529,0.05061,0.93516,0.01097,0.00326
83.80147,0.48530,0.05061,0.93516,0.01097,0.00326
83.90441,0.48530,0.05061,0.93516,0.01097,0.00326
84.00735,0.48529,0.05061,0.93516,0.01097,0.00326
84.11029,0.48530,0.05061,0.93516,0.01097,0.00326
84.21323,0.48530,0.05061,0.93516,0.01097,0.00326
84.31618,0.48529,0.05061,0.93516,0.01097,0.00326
84.41912,0.48529,0.05061,0.93516,0.01097,0.00326
84.52206,0.48530,0.05061,0.93516,0.01097,0.00326
84.62500,0.48529,0.05061,0.93516,0.01097,0.00326
84.72794,0.48529,0.05061,0.93516,0.01097,0.00326
84.83088,0.48530,0.05061,0.93516,0.01097,0.00326
84.93382,0.48530,0.05061,0.93516,0.01097,0.00326
85.03677,0.48529,0.05061,0.93516,0.01097,0.00326
85.13971,0.48529,0.05061,0.93516,0.01097,0.00326
85.24265,0.48530,0.05061,0.93516,0.01097,0.00326
85.34559,0.48529,0.05061,0.93516,0.01097,0.00326
85.44853,0.48529,0.05061,0.93516,0.01097,0.00326
85.55147,0.48530,0.05061,0.93516,0.01097,0.00326
85.65441,0.48530,0.05061,0.93516,0.01097,0.00326
85.75735,0.48529,0.05061,0.93516,0.01097,0.00326
85.86029,0.48530,0.05061,0.93516,0.01097,0.00326
85.96323,0.48530,0.05061,0.93516,0.01097,0.00326
86.06618,0.48529,0.05061,0.93516,0.01097,0.00326
86.16912,0.48529,0.05061,0.93516,0.01097,0.00326
86.27206,0.48530,0.05061,0.93516,0.01097,0.00326
86.37500,0.48529,0.05061,0.93516,0.01097,0.00326
86.47794,0.48529,0.05061,0.93516,0.01097,0.00326
86.58088,0.48530,0.05061,0.93516,0.01097,0.00326
86.68382,0.48530,0.05061,0.93516,0.01097,0.00326
86.78677,0.48529,0.05061,0.93516,0.01097,0.00326
86.88971,0.48529,0.05061,0.93516,0.01097,0.00326
86.99265,0.48530,0.05061,0.93516,0.01097,0.00326
87.09559,0.48529,0.05061,0.93516,0.01097,0.00326
87.19853,0.48529,0.05061,0.93516,0.01097,0.00326
87.30147,0.48530,0.05061,0.93516,0.01097,0.00326
87.40441,0.48530,0.05061,0.93516,0.01097,0.00326
87.50735,0.48529,0.05061,0.93516,0.01097,0.00326
87.61029,0.48530,0.05061,0.93516,0.01097,0.00326
87.71323,0.48530,0.05061,0.93516,0.01097,0.00326
87.81618,0.48529,0.05061,0.93516,0.01097,0.00326
87.91912,0.48529,0.05061,0.93516,0.01097,0.00326
88.02206,0.48530,0.05061,0.93516,0.01097,0.00326
88.12500,0.48529,0.05061,0.93516,0.01097,0.00326
88.22794,0.48529,0.05061,0.93516,0.01097,0.00326
88.33088,0.48530,0.05061,0.93516,0.01097,0.00326
88.43382,0.48530,0.05061,0.93516,0.01097,0.00326
88.53677,0.48529,0.05061,0.93516,0.01097,0.00326
88.63971,0.48529,0.05061,0.93516,0.01097,0.00326
88.74265,0.48530,0.05061,0.93516,0.01097,0.00326
88.84559,0.48529,0.05061,0.93516,0.01097,0.00326
88.94853,0.48529,0.05061,0.93516,0.01097,0.00326
89.05147,0.48530,0.05061,0.93516,0.01097,0.00326
89.15441,0.48530,0.05061,0.93516,0.01097,0.00326
89.25735,0.48529,0.05061,0.93516,0.01097,0.00326
89.36029,0.48530,0.05061,0.93516,0.01097,0.00326
89.46323,0.48530,0.05061,0.93516,0.01097,0.00326
89.56618,0.48529,0.05061,0.93516,0.01097,0.00326
89.66912,0.48529,0.05061,0.93516,0.01097,0.00326
89.77206,0.48530,0.05061,0.93516,0.01097,0.00326
89.87500,0.48529,0.05061,0.93516,0.01097,0.00326
89.97794,0.48529,0.05061,0.93516,0.01097,0.00326
90.08088,0.48530,0.05061,0.93516,0.01097,0.00326
90.18382,0.48530,0.05061,0.93516,0.01097,0.00326
90.28677,0.48529,0.05061,0.93516,0.01097,0.00326
90.38971,0.48529,0.05061,0.93516,0.01097,0.00326
90.49265,0.48530,0.05061,0.93516,0.01097,0.00326
90.59559,0.48529,0.05061,0.93516,0.01097,0.00326
90.69853,0.48529,0.05061,0.93516,0.01097,0.00326
90.80147,0.48530,0.05061,0.93516,0.01097,0.00326
90.90441,0.48530,0.05061,0.93516,0.01097,0.00326
91.00735,0.48529,0.05061,0.93516,0.01097,0.00326
91.11029,0.48530,0.05061,0.93516,0.01097,0.00326
91.21323,0.48530,0.05061,0.93516,0.01097,0.00326
91.31618,0.48529,0.05061,0.93516,0.01097,0.00326
91.41912,0.48529,0.05061,0.93516,0.01097,0.00326
91.52206,0.48530,0.05061,0.93516,0.01097,0.00326
91.62500,0.48529,0.05061,0.93516,0.01097,0.00326
91.72794,0.48529,0.05061,0.93516,0.01097,0.00326
91.83088,0.48530,0.05061,0.93516,0.01097,0.00326
91.93382,0.48530,0.05061,0.93516,0.01097,0.00326
92.03677,0.48529,0.05061,0.93516,0.01097,0.00326
92.13971,0.48529,0.05061,0.93516,0.01097,0.00326
92.24265,0.48530,0.05061,0.93516,0.01097,0.00326
92.34559,0.48529,0.05061,0.93516,0.01097,0.00326
92.44853,0.48529,0.05061,0.93516,0.01097,0.00326
92.55147,0.48530,0.05061,0.93516,0.01097,0.00326
92.65441,0.48530,0.05061,0.93516,0.01097,0.00326
92.75735,0.48529,0.05061,0.93516,0.01097,0.00326
92.86029,0.48530,0.05061,0.93516,0.01097,0.00326
92.96323,0.48530,0.05061,0.93516,0.01097,0.00326
93.06618,0.48529,0.05061,0.93516,0.01097,0.00326
93.16912,0.48529,0.05061,0.93516,0.01097,0.00326
93.27206,0.48530,0.05061,0.93516,0.01097,0.00326
93.37500,0.48529,0.05061,0.93516,0.01097,0.00326
93.47794,0.48529,0.05061,0.93516,0.01097,0.00326
93.58088,0.48530,0.05061,0.93516,0.01097,0.00326
93.68382,0.48530,0.05061,0.93516,0.01097,0.00326
93.78677,0.48529,0.05061,0.93516,0.01097,0.00326
93.88971,0.48529,0.05061,0.93516,0.01097,0.00326
93.99265,0.48530,0.05061,0.93516,0.01097,0.00326
94.09559,0.48529,0.05061,0.93516,0.01097,0.00326
94.19853,0.48529,0.05061,0.93516,0.01097,0.00326
94.30147,0.48530,0.05061,0.93516,0.01097,0.00326
94.40441,0.48530,0.05061,0.93516,0.01097,0.00326
94.50735,0.48529,0.05061,0.93516,0.01097,0.00326
94.61029,0.48530,0.05061,0.93516,0.01097,0.00326
94.71323,0.48530,0.05061,0.93516,0.01097,0.00326
94.81618,0.48529,0.05061,0.93516,0.01097,0.00326
94.91912,0.48529,0.05061,0.93516,0.01097,0.00326
95.02206,0.48530,0.05061,0.93516,0.01097,0.00326
95.12500,0.48529,0.05061,0.93516,0.01097,0.00326
95.22794,0.48529,0.05061,0.93516,0.01097,0.00326
95.33088,0.48530,0.05061,0.93516,0.01097,0.00326
95.43382,0.48530,0.05061,0.93516,0.01097,0.00326
95.53677,0.48529,0.05061,0.93516,0.01097,0.00326
95.63971,0.48529,0.05061,0.93516,0.01097,0.00326
95.74265,0.48530,0.05061,0.93516,0.01097,0.00326
95.84559,0.48529,0.05061,0.93516,0.01097,0.00326
95.94853,0.48529,0.05061,0.93516,0.01097,0.00326
96.05147,0.48530,0.05061,0.93516,0.01097,0.00326
96.15441,0.48530,0.05061,0.93516,0.01097,0.00326
96.25735,0.48529,0.05061,0.93516,0.01097,0.00326
96.36029,0.48530,0.05061,0.93516,0.01097,0.00326
96.46323,0.48530,0.05061,0.93516,0.01097,0.00326
96.56618,0.48529,0.05061,0.93516,0.01097,0.00326
96.66912,0.48529,0.05061,0.93516,0.01097,0.00326
96.77206,0.48530,0.05061,0.93516,0.01097,0.00326
96.87500,0.48529,0.05061,0.93516,0.01097,0.00326
96.97794,0.48529,0.05061,0.93516,0.01097,0.00326
97.08088,0.48530,0.05061,0.93516,0.01097,0.00326
97.18382,0.48530,0.05061,0.93516,0.01097,0.00326
97.28677,0.48529,0.05061,0.93516,0.01097,0.00326
97.38971,0.48529,0.05061,0.93516,0.01097,0.00326
97.49265,0.48530,0.05061,0.93516,0.01097,0.00326
97.59559,0.48529,0.05061,0.93516,0.01097,0.00326
97.69853,0.48529,0.05061,0.93516,0.01097,0.00326
97.80147,0.48530,0.05061,0.93516,0.01097,0.00326
97.90441,0.48530,0.05061,0.93516,0.01097,0.00326
98.00735,0.48529,0.05061,0.93516,0.01097,0.00326
98.11029,0.48530,0.05061,0.93516,0.01097,0.00326
98.21323,0.48530,0.05061,0.93516,0.01097,0.00326
98.31618,0.48529,0.05061,0.93516,0.01097,0.00326
98.41912,0.48529,0.05061,0.93516,0.01097,0.00326
98.52206,0.48530,0.05061,0.93516,0.01097,0.00326
98.62500,0.48529,0.05061,0.93516,0.01097,0.00326
98.72794,0.48529,0.05061,0.93516,0.01097,0.00326
98.83088,0.48530,0.05061,0.93516,0.01097,0.00326
98.93382,0.48530,0.05061,0.93516,0.01097,0.00326
99.03677,0.48529,0.05061,0.93516,0.01097,0.00326
99.13971,0.48529,0.05061,0.93516,0.01097,0.00326
99.24265,0.48530,0.05061,0.93516,0.01097,0.00326
99.34559,0.48529,0.05061,0.93516,0.01097,0.00326
99.44853,0.48529,0.05061,0.93516,0.01097,0.00326
99.55147,0.48530,0.05061,0.93516,0.01097,0.00326
99.65441,0.48530,0.05061,0.93516,0.01097,0.00326
99.75735,0.48529,0.05061,0.93516,0.01097,0.00326
99.86029,0.48530,0.05061,0.93516,0.01097,0.00326
99.96323,0.48530,0.05061,0.93516,0.01097,0.00326
100.06618,0.48529,0.05061,0.93516,0.01097,0.00326
100.16912,0.48529,0.05061,0.93516,0.01097,0.00326
100.27206,0.48530,0.05061,0.93516,0.01097,0.00326
100.37500,0.48529,0.05061,0.93516,0.01097,0.00326
100.47794,0.48529,0.05061,0.93516,0.01097,0.00326
100.58088,0.48530,0.05061,0.93516,0.01097,0.00326
100.68382,0.48530,0.05061,0.93516,0.01097,0.00326
100.78677,0.48529,0.05061,0.93516,0.01097,0.00326
100.88971,0.48529,0.05061,0.93516,0.01097,0.00326
100.99265,0.48530,0.05061,0.93516,0.01097,0.00326
101.09559,0.48529,0.05061,0.93516,0.01097,0.00326
101.19853,0.48529,0.05061,0.93516,0.01097,0.00326
101.30147,0.48530,0.05061,0.93516,0.01097,0.00326
101.40441,0.48530,0.05061,0.93516,0.01097,0.00326
101.50735,0.48529,0.05061,0.93516,0.01097,0.00326
101.61029,0.48530,0.05061,0.93516,0.01097,0.00326
101.71323,0.48530,0.05061,0.93516,0.01097,0.00326
101.81618,0.48529,0.05061,0.93516,0.01097,0.00326
101.91912,0.48529,0.05061,0.93516,0.01097,0.00326
102.02206,0.48530,0.05061,0.93516,0.01097,0.00326
102.12500,0.48529,0.05061,0.93516,0.01097,0.00326
102.22794,0.48529,0.05061,0.93516,0.01097,0.00326
102.33088,0.48530,0.05061,0.93516,0.01097,0.00326
102.43382,0.48530,0.05061,0.93516,0.01097,0.00326
102.53677,0.48529,0.05061,0.93516,0.01097,0.00326
102.63971,0.48529,0.05061,0.93516,0.01097,0.00326
102.74265,0.48530,0.05061,0.93516,0.01097,0.00326
102.84559,0.48529,0.05061,0.93516,0.01097,0.00326
102.94853,0.48529,0.05061,0.93516,0.01097,0.00326
103.05147,0.48530,0.05061,0.93516,0.01097,0.00326
103.15441,0.48530,0.05061,0.93516,0.01097,0.00326
103.25735,0.48529,0.05061,0.93516,0.01097,0.00326
103.36029,0.48530,0.05061,0.93516,0.01097,0.00326
103.46323,0.48530,0.05061,0.93516,0.01097,0.00326
103.56618,0.48529,0.05061,0.93516,0.01097,0.00326
103.66912,0.48529,0.05061,0.93516,0.01097,0.00326
103.77206,0.48530,0.05061,0.93516,0.01097,0.00326
103.87500,0.48529,0.05061,0.93516,0.01097,0.00326
103.97794,0.48529,0.05061,0.93516,0.01097,0.00326
104.08088,0.48530,0.05061,0.93516,0.01097,0.00326
104.18382,0.48530,0.05061,0.93516,0.01097,0.00326
104.28677,0.48529,0.05061,0.93516,0.01097,0.00326
104.38971,0.48529,0.05061,0.93516,0.01097,0.00326
104.49265,0.48530,0.05061,0.93516,0.01097,0.00326
104.59559,0.48529,0.05061,0.93516,0.01097,0.00326
104.69853,0.48529,0.05061,0.93516,0.01097,0.00326
104.80147,0.48530,0.05061,0.93516,0.01097,0.00326
104.90441,0.48530,0.05061,0.93516,0.01097,0.00326
105.00735,0.48529,0.05061,0.93516,0.01097,0.00326
105.11029,0.48530,0.05061,0.93516,0.01097,0.00326
105.21323,0.48530,0.05061,0.93516,0.01097,0.00326
105.31618,0.48529,0.05061,0.93516,0.01097,0.00326
105.41912,0.48529,0.05061,0.93516,0.01097,0.00326
105.52206,0.48530,0.05061,0.93516,0.01097,0.00326
105.62500,0.48529,0.05061,0.93516,0.01097,0.00326
105.72794,0.48529,0.05061,0.93516,0.01097,0.00326
105.83088,0.48530,0.05061,0.93516,0.01097,0.00326
105.93382,0.48530,0.05061,0.93516,0.01097,0.00326
106.03677,0.48529,0.05061,0.93516,0.01097,0.00326
106.13971,0.48529,0.05061,0.93516,0.01097,0.00326
106.24265,0.48530,0.05061,0.93516,0.01097,0.00326
106.34559,0.48529,0.05061,0.93516,0.01097,0.00326
106.44853,0.48529,0.05061,0.93516,0.01097,0.00326
106.55147,0.48530,0.05061,0.93516,0.01097,0.00326
106.65441,0.48530,0.05061,0.93516,0.01097,0.00326
106.75735,0.48529,0.05061,0.93516,0.01097,0.00326
106.86029,0.48530,0.05061,0.93516,0.01097,0.00326
106.96323,0.48530,0.05061,0.93516,0.01097,0.00326
107.06618,0.48529,0.05061,0.93516,0.01097,0.00326
107.16912,0.48529,0.05061,0.93516,0.01097,0.00326
107.27206,0.48530,0.05061,0.93516,0.01097,0.00326
107.37500,0.48529,0.05061,0.93516,0.01097,0.00326
107.47794,0.48529,0.05061,0.93516,0.01097,0.00326
107.58088,0.48530,0.05061,0.93516,0.01097,0.00326
107.68382,0.48530,0.05061,0.93516,0.01097,0.00326
107.78677,0.48529,0.05061,0.93516,0.01097,0.00326
107.88971,0.48529,0.05061,0.93516,0.01097,0.00326
107.99265,0.48530,0.05061,0.93516,0.01097,0.00326
108.09559,0.48529,0.05061,0.93516,0.01097,0.00326
108.19853,0.48529,0.05061,0.93516,0.01097,0.00326
108.30147,0.48530,0.05061,0.93516,0.01097,0.00326
108.40441,0.48530,0.05061,0.93516,0.01097,0.00326
108.50735,0.48529,0.05061,0.93516,0.01097,0.00326
108.61029,0.48530,0.05061,0.93516,0.01097,0.00326
108.71323,0.48530,0.05061,0.93516,0.01097,0.00326
108.81618,0.48529,0.05061,0.93516,0.01097,0.00326
108.91912,0.48529,0.05061,0.93516,0.01097,0.00326
109.02206,0.48530,0.05061,0.93516,0.01097,0.00326
109.12500,0.48529,0.05061,0.93516,0.01097,0.00326
109.22794,0.48529,0.05061,0.93516,0.01097,0.00326
109.33088,0.48530,0.05061,0.93516,0.01097,0.00326
109.43382,0.48530,0.05061,0.93516,0.01097,0.00326
109.53677,0.48529,0.05061,0.93516,0.01097,0.00326
109.63971,0.48529,0.05061,0.93516,0.01097,0.00326
109.74265,0.48530,0.05061,0.93516,0.01097,0.00326
109.84559,0.48529,0.05061,0.93516,0.01097,0.00326
109.94853,0.48529,0.05061,0.93516,0.01097,0.00326
110.05147,0.48530,0.05061,0.93516,0.01097,0.00326
110.15441,0.48530,0.05061,0.93516,0.01097,0.00326
110.25735,0.48529,0.05061,0.93516,0.01097,0.00326
110.36029,0.48530,0.05061,0.93516,0.01097,0.00326
110.46323,0.48530,0.05061,0.93516,0.01097,0.00326
110.56618,0.48529,0.05061,0.93516,0.01097,0.00326
110.66912,0.48529,0.05061,0.93516,0.01097,0.00326
110.77206,0.48530,0.05061,0.93516,0.01097,0.00326
110.87500,0.48529,0.05061,0.93516,0.01097,0.00326
110.97794,0.48529,0.05061,0.93516,0.01097,0.00326
111.08088,0.48530,0.05061,0.93516,0.01097,0.00326
111.18382,0.48530,0.05061,0.93516,0.01097,0.00326
111.28677,0.48529,0.05061,0.93516,0.01097,0.00326
111.38971,0.48529,0.05061,0.93516,0.01097,0.00326
111.49265,0.48530,0.05061,0.93516,0.01097,0.00326
111.59559,0.48529,0.05061,0.93516,0.01097,0.00326
111.69853,0.48529,0.05061,0.93516,0.01097,0.00326
111.80147,0.48530,0.05061,0.93516,0.01097,0.00326
111.90441,0.48530,0.05061,0.93516,0.01097,0.00326
112.00735,0.48529,0.05061,0.93516,0.01097,0.00326
112.11029,0.48530,0.05061,0.93516,0.01097,0.00326
112.21323,0.48530,0.05061,0.93516,0.01097,0.00326
112.31618,0.48529,0.05061,0.93516,0.01097,0.00326
112.41912,0.48529,0.05061,0.93516,0.01097,0.00326
112.52206,0.48530,0.05061,0.93516,0.01097,0.00326
112.62500,0.48529,0.05061,0.93516,0.01097,0.00326
112.72794,0.48529,0.05061,0.93516,0.01097,0.00326
112.83088,0.48530,0.05061,0.93516,0.01097,0.00326
112.93382,0.48530,0.05061,0.93516,0.01097,0.00326
113.03677,0.48529,0.05061,0.93516,0.01097,0.00326
113.13971,0.48529,0.05061,0.93516,0.01097,0.00326
113.24265,0.48530,0.05061,0.93516,0.01097,0.00326
113.34559,0.48529,0.05061,0.93516,0.01097,0.00326
113.44853,0.48529,0.05061,0.93516,0.01097,0.00326
113.55147,0.48530,0.05061,0.93516,0.01097,0.00326
113.65441,0.48530,0.05061,0.93516,0.01097,0.00326
113.75735,0.48529,0.05061,0.93516,0.01097,0.00326
113.86029,0.48530,0.05061,0.93516,0.01097,0.00326
113.96323,0.48530,0.05061,0.93516,0.01097,0.00326
114.06618,0.48529,0.05061,0.93516,0.01097,0.00326
114.16912,0.48529,0.05061,0.93516,0.01097,0.00326
114.27206,0.48530,0.05061,0.93516,0.01097,0.00326
114.37500,0.48529,0.05061,0.93516,0.01097,0.00326
114.47794,0.48529,0.05061,0.93516,0.01097,0.00326
114.58088,0.48530,0.05061,0.93516,0.01097,0.00326
114.68382,0.48530,0.05061,0.93516,0.01097,0.00326
114.78677,0.48529,0.05061,0.93516,0.01097,0.00326
114.88971,0.48529,0.05061,0.93516,0.01097,0.00326
114.99265,0.48530,0.05061,0.93516,0.01097,0.00326
115.09559,0.48529,0.05061,0.93516,0.01097,0.00326
115.19853,0.48529,0.05061,0.93516,0.01097,0.00326
115.30147,0.48530,0.05061,0.93516,0.01097,0.00326
115.40441,0.48530,0.05061,0.93516,0.01097,0.00326
115.50735,0.48529,0.05061,0.93516,0.01097,0.00326
115.61029,0.48530,0.05061,0.93516,0.01097,0.00326
115.71323,0.48530,0.05061,0.93516,0.01097,0.00326
115.81618,0.48529,0.05061,0.93516,0.01097,0.00326
115.91912,0.48529,0.05061,0.93516,0.01097,0.00326
116.02206,0.48530,0.05061,0.93516,0.01097,0.00326
116.12500,0.48529,0.05061,0.93516,0.01097,0.00326
116.22794,0.48529,0.05061,0.93516,0.01097,0.00326
116.33088,0.48530,0.05061,0.93516,0.01097,0.00326
116.43382,0.48530,0.05061,0.93516,0.01097,0.00326
116.53677,0.48529,0.05061,0.93516,0.01097,0.00326
116.63971,0.48529,0.05061,0.93516,0.01097,0.00326
116.74265,0.48530,0.05061,0.93516,0.01097,0.00326
116.84559,0.48529,0.05061,0.93516,0.01097,0.00326
116.94853,0.48529,0.05061,0.93516,0.01097,0.00326
117.05147,0.48530,0.05061,0.93516,0.01097,0.00326
117.15441,0.48530,0.05061,0.93516,0.01097,0.00326
117.25735,0.48529,0.05061,0.93516,0.01097,0.00326
117.36029,0.48530,0.05061,0.93516,0.01097,0.00326
117.46323,0.48530,0.05061,0.93516,0.01097,0.00326
117.56618,0.48529,0.05061,0.93516,0.01097,0.00326
117.66912,0.48529,0.05061,0.93516,0.01097,0.00326
117.77206,0.48530,0.05061,0.93516,0.01097,0.00326
117.87500,0.48529,0.05061,0.93516,0.01097,0.00326
117.97794,0.48529,0.05061,0.93516,0.01097,0.00326
118.08088,0.48530,0.05061,0.93516,0.01097,0.00326
118.18382,0.48530,0.05061,0.93516,0.01097,0.00326
118.28677,0.48529,0.05061,0.93516,0.01097,0.00326
118.38971,0.48529,0.05061,0.93516,0.01097,0.00326
118.49265,0.48530,0.05061,0.93516,0.01097,0.00326
118.59559,0.48529,0.05061,0.93516,0.01097,0.00326
118.69853,0.48529,0.05061,0.93516,0.01097,0.00326
118.80147,0.48530,0.05061,0.93516,0.01097,0.00326
118.90441,0.48530,0.05061,0.93516,0.01097,0.00326
119.00735,0.48529,0.05061,0.93516,0.01097,0.00326
119.11029,0.48530,0.05061,0.93516,0.01097,0.00326
119.21323,0.48530,0.05061,0.93516,0.01097,0.00326
119.31618,0.48529,0.05061,0.93516,0.01097,0.00326
119.41912,0.48529,0.05061,0.93516,0.01097,0.00326
119.52206,0.48530,0.05061,0.93516,0.01097,0.00326
119.62500,0.48529,0.05061,0.93516,0.01097,0.00326
119.72794,0.48529,0.05061,0.93516,0.01097,0.00326
119.83088,0.48530,0.05061,0.93516,0.01097,0.00326
119.93382,0.48530,0.05061,0.93516,0.01097,0.00326
120.03677,0.48529,0.05061,0.93516,0.01097,0.00326
120.13971,0.48529,0.05061,0.93516,0.01097,0.00326
120.24265,0.48530,0.05061,0.93516,0.01097,0.00326
120.34559,0.48529,0.05061,0.93516,0.01097,0.00326
120.44853,0.48529,0.05061,0.93516,0.01097,0.00326
120.55147,0.48530,0.05061,0.93516,0.01097,0.00326
