Time (seconds), Duration (seconds),pred_unlabelled,pred_Dry,pred_Wet,pred_Touch
0.00735,0.48529,0.05681,0.00020,0.94260,0.00040
0.11029,0.48529,0.05498,0.00022,0.94436,0.00044
0.21324,0.48529,0.06042,0.00024,0.93885,0.00049
0.31618,0.48529,0.05717,0.00022,0.94215,0.00047
0.41912,0.48529,0.05653,0.00020,0.94281,0.00046
0.52206,0.48529,0.05601,0.00018,0.94344,0.00037
0.62500,0.48529,0.05530,0.00022,0.94407,0.00041
0.72794,0.48529,0.05473,0.00018,0.94471,0.00038
0.83088,0.48529,0.05474,0.00021,0.94464,0.00041
0.93382,0.48529,0.05956,0.00024,0.93975,0.00045
1.03676,0.48529,0.06084,0.00026,0.93840,0.00050
1.13971,0.48529,0.05478,0.00020,0.94461,0.00041
1.24265,0.48529,0.05697,0.00022,0.94230,0.00051
1.34559,0.48529,0.05702,0.00024,0.94227,0.00048
1.44853,0.48529,0.05370,0.00021,0.94568,0.00041
1.55147,0.48529,0.05581,0.00020,0.94359,0.00040
1.65441,0.48529,0.05855,0.00023,0.94078,0.00044
1.75735,0.48529,0.05684,0.00022,0.94254,0.00040
1.86029,0.48529,0.05991,0.00025,0.93935,0.00049
1.96324,0.48529,0.05743,0.00023,0.94186,0.00048
2.06618,0.48529,0.05773,0.00023,0.94158,0.00046
2.16912,0.48529,0.05715,0.00020,0.94223,0.00042
2.27206,0.48529,0.05651,0.00020,0.94291,0.00038
2.37500,0.48529,0.05603,0.00019,0.94338,0.00040
2.47794,0.48529,0.05432,0.00020,0.94510,0.00038
2.58088,0.48529,0.05941,0.00023,0.93993,0.00043
2.68382,0.48529,0.05670,0.00022,0.94265,0.00043
2.78676,0.48529,0.05751,0.00024,0.94179,0.00046
2.88971,0.48529,0.05741,0.00024,0.94186,0.00049
2.99265,0.48529,0.05250,0.00017,0.94692,0.00041
3.09559,0.48529,0.05456,0.00018,0.94486,0.00039
3.19853,0.48529,0.05764,0.00021,0.94175,0.00041
3.30147,0.48529,0.05346,0.00019,0.94600,0.00035
3.40441,0.48529,0.05642,0.00023,0.94290,0.00045
3.50735,0.48529,0.05741,0.00021,0.94197,0.00041
3.61029,0.48529,0.05735,0.00022,0.94198,0.00045
3.71324,0.48529,0.05847,0.00023,0.94081,0.00050
3.81618,0.48529,0.05631,0.00022,0.94300,0.00048
3.91912,0.48529,0.05512,0.00020,0.94428,0.00040
4.02206,0.48529,0.05396,0.00018,0.94548,0.00038
4.12500,0.48529,0.05591,0.00019,0.94353,0.00036
4.22794,0.48529,0.05365,0.00021,0.94575,0.00039
4.33088,0.48529,0.05575,0.00020,0.94368,0.00037
4.43382,0.48529,0.05720,0.00025,0.94206,0.00049
4.53676,0.48529,0.05566,0.00021,0.94369,0.00045
4.63971,0.48529,0.05708,0.00021,0.94223,0.00048
4.74265,0.48529,0.05734,0.00022,0.94201,0.00043
4.84559,0.48529,0.05835,0.00022,0.94100,0.00043
4.94853,0.48529,0.05755,0.00022,0.94184,0.00039
5.05147,0.48529,0.05661,0.00022,0.94276,0.00041
5.15441,0.48529,0.05412,0.00019,0.94532,0.00037
5.25735,0.48529,0.05674,0.00024,0.94256,0.00047
5.36029,0.48529,0.05783,0.00021,0.94154,0.00042
5.46324,0.48529,0.06095,0.00025,0.93826,0.00053
5.56618,0.48529,0.05279,0.00016,0.94670,0.00035
5.66912,0.48529,0.05267,0.00016,0.94683,0.00034
5.77206,0.48529,0.05641,0.00019,0.94302,0.00038
5.87500,0.48529,0.06265,0.00024,0.93667,0.00044
5.97794,0.48529,0.05725,0.00021,0.94213,0.00040
6.08088,0.48529,0.05261,0.00019,0.94682,0.00038
6.18382,0.48529,0.05973,0.00025,0.93955,0.00046
6.28676,0.48529,0.05571,0.00019,0.94367,0.00043
6.38971,0.48529,0.05577,0.00021,0.94355,0.00047
6.49265,0.48529,0.05794,0.00023,0.94135,0.00048
6.59559,0.48529,0.05524,0.00020,0.94419,0.00037
6.69853,0.48529,0.05663,0.00021,0.94275,0.00041
6.80147,0.48529,0.05424,0.00019,0.94519,0.00037
6.90441,0.48529,0.05796,0.00023,0.94136,0.00045
7.00735,0.48529,0.06041,0.00024,0.93887,0.00048
7.11029,0.48529,0.05816,0.00022,0.94115,0.00048
7.21324,0.48529,0.05877,0.00022,0.94053,0.00049
7.31618,0.48529,0.05235,0.00017,0.94713,0.00034
7.41912,0.48529,0.05588,0.00021,0.94350,0.00041
7.52206,0.48529,0.05754,0.00021,0.94188,0.00038
7.62500,0.48529,0.05443,0.00020,0.94499,0.00038
7.72794,0.48529,0.05941,0.00021,0.93999,0.00039
7.83088,0.48529,0.05521,0.00022,0.94413,0.00044
7.93382,0.48529,0.05861,0.00023,0.94069,0.00047
8.03677,0.48529,0.06210,0.00025,0.93712,0.00053
8.13971,0.48529,0.05544,0.00021,0.94389,0.00047
8.24265,0.48529,0.05249,0.00018,0.94694,0.00038
8.34559,0.48529,0.05539,0.00021,0.94402,0.00038
8.44853,0.48529,0.05563,0.00020,0.94379,0.00038
8.55147,0.48529,0.05695,0.00019,0.94251,0.00035
8.65441,0.48529,0.05591,0.00023,0.94344,0.00042
8.75735,0.48529,0.05781,0.00024,0.94146,0.00048
8.86029,0.48529,0.05921,0.00022,0.94009,0.00048
8.96323,0.48529,0.05763,0.00021,0.94165,0.00051
9.06618,0.48529,0.05920,0.00020,0.94013,0.00047
9.16912,0.48529,0.05930,0.00022,0.94005,0.00043
9.27206,0.48529,0.05255,0.00018,0.94695,0.00032
9.37500,0.48529,0.05381,0.00018,0.94565,0.00036
9.47794,0.48529,0.05921,0.00023,0.94012,0.00043
9.58088,0.48529,0.05935,0.00026,0.93990,0.00050
9.68382,0.48529,0.05814,0.00020,0.94120,0.00045
9.78677,0.48529,0.05719,0.00021,0.94213,0.00046
9.88971,0.48529,0.05239,0.00016,0.94709,0.00036
9.99265,0.48529,0.05346,0.00018,0.94600,0.00037
10.09559,0.48529,0.05528,0.00019,0.94418,0.00036
10.19853,0.48529,0.05443,0.00019,0.94505,0.00034
10.30147,0.48529,0.05538,0.00021,0.94402,0.00040
10.40441,0.48529,0.05778,0.00026,0.94148,0.00048
10.50735,0.48529,0.06271,0.00027,0.93653,0.00049
10.61029,0.48529,0.05443,0.00020,0.94491,0.00046
10.71323,0.48529,0.05393,0.00019,0.94547,0.00042
10.81618,0.48529,0.05850,0.00023,0.94081,0.00045
10.91912,0.48529,0.05561,0.00020,0.94381,0.00039
11.02206,0.48529,0.05357,0.00019,0.94587,0.00036
11.12500,0.48529,0.05558,0.00021,0.94383,0.00038
11.22794,0.48529,0.05827,0.00023,0.94106,0.00044
11.33088,0.48529,0.05686,0.00023,0.94248,0.00043
11.43382,0.48529,0.05806,0.00024,0.94121,0.00049
11.53677,0.48529,0.05624,0.00021,0.94309,0.00045
11.63971,0.48529,0.05720,0.00022,0.94213,0.00045
11.74265,0.48529,0.05360,0.00019,0.94583,0.00037
11.84559,0.48529,0.05079,0.00017,0.94874,0.00030
11.94853,0.48529,0.05579,0.00020,0.94360,0.00040
12.05147,0.48529,0.05703,0.00022,0.94232,0.00043
12.15441,0.48529,0.06146,0.00026,0.93780,0.00048
12.25735,0.48529,0.06358,0.00027,0.93562,0.00054
12.36029,0.48529,0.05509,0.00018,0.94434,0.00039
12.46323,0.48529,0.05542,0.00019,0.94398,0.00042
12.56618,0.48529,0.05545,0.00020,0.94394,0.00041
12.66912,0.48529,0.05516,0.00020,0.94425,0.00038
12.77206,0.48529,0.05612,0.00021,0.94332,0.00036
12.87500,0.48529,0.05912,0.00023,0.94024,0.00041
12.97794,0.48529,0.05741,0.00022,0.94195,0.00042
13.08088,0.48529,0.06175,0.00030,0.93740,0.00056
13.18382,0.48529,0.05528,0.00022,0.94407,0.00044
13.28677,0.48529,0.05691,0.00022,0.94240,0.00047
13.38971,0.48529,0.05690,0.00022,0.94241,0.00048
13.49265,0.48529,0.05086,0.00018,0.94860,0.00036
13.59559,0.48529,0.05432,0.00020,0.94510,0.00038
13.69853,0.48529,0.05812,0.00021,0.94132,0.00035
13.80147,0.48529,0.05549,0.00021,0.94388,0.00042
13.90441,0.48529,0.06065,0.00028,0.93858,0.00049
14.00735,0.48529,0.05906,0.00024,0.94022,0.00047
14.11029,0.48529,0.05817,0.00021,0.94117,0.00045
14.21323,0.48529,0.05545,0.00021,0.94388,0.00046
14.31618,0.48529,0.05686,0.00021,0.94255,0.00038
14.41912,0.48529,0.05778,0.00024,0.94155,0.00044
14.52206,0.48529,0.05458,0.00019,0.94484,0.00040
14.62500,0.48529,0.05220,0.00018,0.94725,0.00037
14.72794,0.48529,0.05699,0.00024,0.94231,0.00046
14.83088,0.48529,0.05830,0.00023,0.94099,0.00048
14.93382,0.48529,0.05654,0.00021,0.94283,0.00042
15.03677,0.48529,0.05801,0.00021,0.94134,0.00044
15.13971,0.48529,0.06047,0.00022,0.93889,0.00042
15.24265,0.48529,0.05210,0.00019,0.94737,0.00034
15.34559,0.48529,0.05682,0.00019,0.94264,0.00035
15.44853,0.48529,0.05460,0.00022,0.94474,0.00044
15.55147,0.48529,0.05724,0.00022,0.94211,0.00043
15.65441,0.48529,0.05873,0.00026,0.94046,0.00055
15.75735,0.48529,0.06090,0.00023,0.93839,0.00048
15.86029,0.48529,0.05602,0.00019,0.94333,0.00046
15.96323,0.48530,0.05700,0.00020,0.94236,0.00043
16.06618,0.48529,0.06006,0.00025,0.93922,0.00047
16.16912,0.48529,0.05836,0.00021,0.94103,0.00039
16.27206,0.48529,0.05682,0.00022,0.94253,0.00043
16.37500,0.48529,0.05967,0.00024,0.93964,0.00045
16.47794,0.48529,0.05847,0.00022,0.94084,0.00047
16.58088,0.48529,0.05668,0.00021,0.94267,0.00044
16.68382,0.48529,0.05882,0.00024,0.94043,0.00051
16.78676,0.48529,0.05967,0.00022,0.93966,0.00046
16.88971,0.48529,0.05501,0.00019,0.94443,0.00038
16.99265,0.48529,0.05715,0.00020,0.94229,0.00037
17.09559,0.48529,0.05456,0.00019,0.94487,0.00039
17.19853,0.48529,0.05527,0.00019,0.94417,0.00037
17.30147,0.48529,0.05742,0.00026,0.94186,0.00046
17.40441,0.48529,0.05591,0.00020,0.94349,0.00041
17.50735,0.48529,0.05412,0.00020,0.94526,0.00042
17.61029,0.48529,0.05686,0.00020,0.94250,0.00044
17.71324,0.48529,0.05570,0.00019,0.94371,0.00040
17.81618,0.48529,0.05492,0.00020,0.94450,0.00038
17.91912,0.48529,0.05537,0.00019,0.94407,0.00037
18.02206,0.48529,0.05736,0.00023,0.94196,0.00045
18.12500,0.48529,0.05784,0.00022,0.94151,0.00043
18.22794,0.48529,0.06033,0.00027,0.93889,0.00050
18.33088,0.48529,0.06000,0.00025,0.93923,0.00052
18.43382,0.48529,0.05235,0.00017,0.94709,0.00040
18.53676,0.48529,0.05784,0.00022,0.94144,0.00050
18.63971,0.48529,0.05537,0.00021,0.94398,0.00045
18.74265,0.48529,0.05479,0.00017,0.94468,0.00037
18.84559,0.48529,0.05561,0.00023,0.94369,0.00046
18.94853,0.48529,0.06010,0.00021,0.93929,0.00039
19.05147,0.48529,0.05691,0.00025,0.94234,0.00050
19.15441,0.48529,0.05532,0.00019,0.94406,0.00043
19.25735,0.48529,0.05938,0.00024,0.93988,0.00050
19.36029,0.48529,0.05979,0.00025,0.93945,0.00051
19.46324,0.48529,0.05134,0.00018,0.94812,0.00036
19.56618,0.48529,0.05487,0.00020,0.94458,0.00035
19.66912,0.48529,0.05905,0.00027,0.94020,0.00048
19.77206,0.48529,0.05403,0.00019,0.94540,0.00038
19.87500,0.48529,0.05930,0.00029,0.93988,0.00054
19.97794,0.48529,0.06034,0.00024,0.93892,0.00050
20.08088,0.48529,0.05796,0.00023,0.94131,0.00050
20.18382,0.48529,0.05591,0.00018,0.94345,0.00046
20.28676,0.48529,0.05739,0.00022,0.94196,0.00043
20.38971,0.48529,0.06009,0.00024,0.93923,0.00044
20.49265,0.48529,0.05516,0.00019,0.94428,0.00037
20.59559,0.48529,0.05554,0.00020,0.94390,0.00036
20.69853,0.48529,0.05981,0.00028,0.93939,0.00052
20.80147,0.48529,0.05809,0.00023,0.94125,0.00044
20.90441,0.48529,0.05739,0.00023,0.94188,0.00049
21.00735,0.48529,0.05919,0.00024,0.94006,0.00051
21.11029,0.48529,0.05414,0.00019,0.94529,0.00038
21.21324,0.48529,0.05505,0.00022,0.94429,0.00044
21.31618,0.48529,0.05312,0.00018,0.94636,0.00034
21.41912,0.48529,0.05431,0.00020,0.94513,0.00036
21.52206,0.48529,0.06131,0.00027,0.93794,0.00048
21.62500,0.48529,0.05775,0.00023,0.94157,0.00045
21.72794,0.48529,0.05857,0.00024,0.94072,0.00047
21.83088,0.48529,0.05786,0.00023,0.94144,0.00048
21.93382,0.48529,0.05009,0.00016,0.94945,0.00031
22.03676,0.48529,0.05601,0.00021,0.94333,0.00045
22.13971,0.48529,0.05551,0.00018,0.94397,0.00034
22.24265,0.48529,0.05308,0.00019,0.94639,0.00035
22.34559,0.48529,0.06175,0.00026,0.93750,0.00048
22.44853,0.48529,0.05766,0.00024,0.94164,0.00046
22.55147,0.48529,0.05868,0.00025,0.94062,0.00045
22.65441,0.48529,0.05846,0.00022,0.94083,0.00050
22.75735,0.48529,0.05687,0.00021,0.94249,0.00043
22.86029,0.48529,0.05845,0.00022,0.94090,0.00043
22.96324,0.48529,0.05584,0.00019,0.94360,0.00036
23.06618,0.48529,0.05468,0.00019,0.94478,0.00035
23.16912,0.48529,0.05656,0.00021,0.94284,0.00039
23.27206,0.48529,0.05527,0.00022,0.94411,0.00039
23.37500,0.48529,0.06048,0.00025,0.93878,0.00049
23.47794,0.48529,0.05849,0.00020,0.94084,0.00047
23.58088,0.48529,0.05632,0.00021,0.94304,0.00042
23.68382,0.48529,0.05804,0.00022,0.94130,0.00045
23.78676,0.48529,0.05938,0.00020,0.94004,0.00038
23.88971,0.48529,0.05632,0.00022,0.94307,0.00038
23.99265,0.48529,0.05097,0.00015,0.94857,0.00031
24.09559,0.48529,0.05553,0.00022,0.94385,0.00040
24.19853,0.48529,0.05808,0.00025,0.94122,0.00045
24.30147,0.48529,0.05727,0.00022,0.94201,0.00050
24.40441,0.48529,0.05760,0.00023,0.94168,0.00049
24.50735,0.48529,0.05681,0.00020,0.94256,0.00044
24.61029,0.48529,0.05833,0.00021,0.94103,0.00043
24.71324,0.48529,0.05506,0.00021,0.94434,0.00039
24.81618,0.48529,0.05707,0.00021,0.94234,0.00038
24.91912,0.48529,0.05691,0.00023,0.94243,0.00043
25.02206,0.48529,0.05979,0.00023,0.93951,0.00047
25.12500,0.48529,0.06279,0.00029,0.93636,0.00056
25.22794,0.48529,0.05584,0.00019,0.94352,0.00044
25.33088,0.48529,0.05306,0.00016,0.94639,0.00039
25.43382,0.48529,0.05821,0.00020,0.94117,0.00043
25.53676,0.48529,0.05724,0.00018,0.94223,0.00035
25.63971,0.48529,0.05484,0.00019,0.94463,0.00034
25.74265,0.48529,0.05546,0.00021,0.94392,0.00041
25.84559,0.48529,0.05534,0.00022,0.94401,0.00043
25.94853,0.48529,0.05937,0.00025,0.93989,0.00050
26.05147,0.48529,0.06008,0.00023,0.93919,0.00049
26.15441,0.48529,0.05642,0.00018,0.94299,0.00042
26.25735,0.48529,0.05819,0.00021,0.94113,0.00046
26.36029,0.48529,0.05897,0.00021,0.94043,0.00039
26.46324,0.48529,0.05657,0.00021,0.94280,0.00042
26.56618,0.48529,0.05790,0.00021,0.94151,0.00038
26.66912,0.48529,0.05170,0.00018,0.94775,0.00037
26.77206,0.48529,0.06054,0.00025,0.93873,0.00049
26.87500,0.48529,0.06052,0.00024,0.93874,0.00050
26.97794,0.48529,0.05554,0.00020,0.94385,0.00041
27.08088,0.48529,0.05586,0.00021,0.94348,0.00045
27.18382,0.48529,0.05707,0.00020,0.94232,0.00041
27.28676,0.48529,0.05289,0.00020,0.94654,0.00037
27.38971,0.48529,0.05564,0.00020,0.94380,0.00036
27.49265,0.48529,0.05432,0.00021,0.94506,0.00041
27.59559,0.48529,0.05764,0.00024,0.94168,0.00044
27.69853,0.48529,0.05980,0.00024,0.93948,0.00048
27.80147,0.48529,0.05296,0.00019,0.94645,0.00041
27.90441,0.48529,0.05535,0.00020,0.94398,0.00046
28.00735,0.48529,0.05805,0.00025,0.94122,0.00048
28.11029,0.48529,0.05367,0.00019,0.94578,0.00036
28.21324,0.48529,0.05641,0.00021,0.94303,0.00036
28.31618,0.48529,0.05623,0.00023,0.94309,0.00044
28.41912,0.48529,0.05623,0.00022,0.94313,0.00042
28.52206,0.48529,0.05924,0.00025,0.94000,0.00051
28.62500,0.48529,0.05818,0.00024,0.94111,0.00048
28.72794,0.48529,0.05759,0.00020,0.94174,0.00048
28.83088,0.48529,0.05565,0.00019,0.94372,0.00044
28.93382,0.48529,0.05652,0.00020,0.94288,0.00040
29.03676,0.48529,0.05719,0.00021,0.94222,0.00038
29.13971,0.48529,0.05648,0.00020,0.94294,0.00039
29.24265,0.48529,0.05324,0.00020,0.94619,0.00037
29.34559,0.48529,0.06120,0.00028,0.93804,0.00048
29.44853,0.48529,0.05642,0.00021,0.94295,0.00042
29.55147,0.48529,0.05812,0.00023,0.94117,0.00048
29.65441,0.48529,0.05709,0.00022,0.94221,0.00048
29.75735,0.48529,0.05467,0.00018,0.94476,0.00039
29.86029,0.48529,0.05481,0.00020,0.94461,0.00039
29.96324,0.48529,0.05356,0.00017,0.94593,0.00033
30.06618,0.48529,0.05209,0.00019,0.94737,0.00035
30.16912,0.48529,0.06416,0.00028,0.93508,0.00048
30.27206,0.48529,0.05895,0.00025,0.94029,0.00052
30.37500,0.48529,0.05760,0.00021,0.94172,0.00047
30.47794,0.48529,0.05952,0.00023,0.93972,0.00053
30.58088,0.48529,0.05599,0.00018,0.94345,0.00038
30.68382,0.48529,0.06050,0.00023,0.93885,0.00042
30.78676,0.48529,0.06036,0.00022,0.93902,0.00040
30.88971,0.48529,0.05817,0.00023,0.94115,0.00044
30.99265,0.48529,0.05391,0.00020,0.94552,0.00037
31.09559,0.48529,0.05917,0.00023,0.94012,0.00049
31.19853,0.48529,0.06003,0.00022,0.93930,0.00045
31.30147,0.48529,0.05987,0.00024,0.93938,0.00051
31.40441,0.48529,0.05574,0.00020,0.94364,0.00042
31.50735,0.48529,0.05573,0.00019,0.94366,0.00041
31.61029,0.48529,0.05620,0.00021,0.94318,0.00041
31.71324,0.48529,0.05512,0.00020,0.94430,0.00038
31.81618,0.48529,0.05957,0.00022,0.93981,0.00039
31.91912,0.48529,0.05533,0.00021,0.94403,0.00043
32.02206,0.48529,0.05702,0.00022,0.94233,0.00043
32.12500,0.48529,0.05832,0.00025,0.94085,0.00058
32.22794,0.48529,0.05493,0.00017,0.94452,0.00038
32.33088,0.48529,0.05637,0.00020,0.94300,0.00043
32.43382,0.48529,0.05345,0.00019,0.94601,0.00034
32.53677,0.48529,0.05383,0.00020,0.94560,0.00037
32.63971,0.48529,0.05657,0.00020,0.94282,0.00041
32.74265,0.48529,0.05377,0.00020,0.94562,0.00041
32.84559,0.48529,0.06134,0.00027,0.93790,0.00049
32.94853,0.48529,0.05753,0.00023,0.94178,0.00046
33.05147,0.48529,0.05637,0.00019,0.94300,0.00044
33.15441,0.48529,0.06020,0.00027,0.93897,0.00056
33.25735,0.48529,0.05213,0.00018,0.94730,0.00039
33.36029,0.48529,0.05766,0.00019,0.94180,0.00035
33.46323,0.48529,0.05731,0.00023,0.94204,0.00042
33.56618,0.48529,0.05790,0.00021,0.94150,0.00040
33.66912,0.48529,0.05934,0.00026,0.93993,0.00047
33.77206,0.48529,0.05718,0.00022,0.94217,0.00043
33.87500,0.48529,0.05786,0.00022,0.94147,0.00046
33.97794,0.48529,0.05537,0.00018,0.94404,0.00041
34.08088,0.48529,0.05719,0.00021,0.94217,0.00043
34.18382,0.48529,0.05599,0.00024,0.94333,0.00044
34.28677,0.48529,0.05648,0.00021,0.94291,0.00040
34.38971,0.48529,0.05428,0.00020,0.94514,0.00038
34.49265,0.48529,0.05495,0.00021,0.94442,0.00041
34.59559,0.48529,0.05658,0.00022,0.94276,0.00045
34.69853,0.48529,0.06091,0.00022,0.93839,0.00047
34.80147,0.48529,0.05211,0.00017,0.94736,0.00036
34.90441,0.48529,0.05705,0.00020,0.94233,0.00042
35.00735,0.48529,0.05852,0.00022,0.94086,0.00040
35.11029,0.48529,0.05430,0.00020,0.94514,0.00036
35.21323,0.48529,0.05497,0.00020,0.94445,0.00038
35.31618,0.48529,0.05695,0.00025,0.94235,0.00046
35.41912,0.48529,0.05949,0.00025,0.93981,0.00045
35.52206,0.48529,0.06149,0.00025,0.93776,0.00050
35.62500,0.48529,0.05839,0.00023,0.94091,0.00047
35.72794,0.48529,0.05378,0.00019,0.94560,0.00043
35.83088,0.48529,0.05700,0.00022,0.94234,0.00044
35.93382,0.48529,0.05411,0.00022,0.94527,0.00040
36.03677,0.48529,0.05623,0.00021,0.94319,0.00038
36.13971,0.48529,0.05943,0.00025,0.93987,0.00046
36.24265,0.48529,0.05813,0.00022,0.94120,0.00045
36.34559,0.48529,0.05794,0.00025,0.94129,0.00052
36.44853,0.48529,0.05629,0.00021,0.94305,0.00045
36.55147,0.48529,0.05909,0.00022,0.94022,0.00046
36.65441,0.48529,0.05546,0.00019,0.94397,0.00038
36.75735,0.48529,0.05347,0.00018,0.94602,0.00034
36.86029,0.48529,0.05406,0.00019,0.94537,0.00038
36.96323,0.48529,0.05571,0.00021,0.94370,0.00038
37.06618,0.48529,0.05578,0.00022,0.94358,0.00043
37.16912,0.48529,0.06127,0.00025,0.93799,0.00049
37.27206,0.48529,0.05975,0.00023,0.93952,0.00050
37.37500,0.48529,0.05536,0.00019,0.94405,0.00040
37.47794,0.48529,0.05818,0.00021,0.94116,0.00045
37.58088,0.48529,0.05452,0.00017,0.94495,0.00036
37.68382,0.48529,0.05808,0.00021,0.94132,0.00038
37.78677,0.48529,0.05449,0.00019,0.94497,0.00035
37.88971,0.48529,0.05191,0.00018,0.94754,0.00036
37.99265,0.48529,0.05882,0.00025,0.94043,0.00050
38.09559,0.48529,0.05977,0.00023,0.93950,0.00050
38.19853,0.48529,0.05749,0.00023,0.94179,0.00049
38.30147,0.48529,0.05758,0.00022,0.94173,0.00047
38.40441,0.48529,0.05549,0.00020,0.94391,0.00041
38.50735,0.48529,0.05545,0.00021,0.94399,0.00036
38.61029,0.48529,0.05650,0.00021,0.94291,0.00037
38.71323,0.48529,0.05475,0.00021,0.94464,0.00040
38.81618,0.48529,0.05847,0.00023,0.94087,0.00043
38.91912,0.48529,0.05895,0.00023,0.94033,0.00048
39.02206,0.48529,0.06045,0.00025,0.93879,0.00051
39.12500,0.48529,0.05802,0.00025,0.94124,0.00049
39.22794,0.48529,0.05271,0.00017,0.94673,0.00039
39.33088,0.48529,0.05659,0.00022,0.94279,0.00041
39.43382,0.48529,0.05308,0.00020,0.94637,0.00035
39.53677,0.48529,0.05382,0.00019,0.94564,0.00035
39.63971,0.48529,0.06038,0.00024,0.93892,0.00045
39.74265,0.48529,0.05820,0.00026,0.94103,0.00052
39.84559,0.48529,0.05253,0.00019,0.94687,0.00041
39.94853,0.48529,0.06048,0.00022,0.93880,0.00049
40.05147,0.48529,0.05799,0.00020,0.94136,0.00045
40.15441,0.48529,0.05539,0.00019,0.94406,0.00036
40.25735,0.48529,0.05347,0.00019,0.94596,0.00038
40.36029,0.48529,0.05673,0.00020,0.94268,0.00039
40.46323,0.48529,0.05683,0.00021,0.94256,0.00039
40.56618,0.48529,0.05770,0.00023,0.94161,0.00047
40.66912,0.48529,0.05782,0.00023,0.94145,0.00050
40.77206,0.48529,0.05584,0.00020,0.94352,0.00043
40.87500,0.48529,0.05751,0.00019,0.94185,0.00045
40.97794,0.48529,0.05643,0.00020,0.94294,0.00043
41.08088,0.48529,0.05474,0.00018,0.94473,0.00035
41.18382,0.48529,0.05323,0.00019,0.94619,0.00038
41.28677,0.48529,0.05561,0.00018,0.94386,0.00035
41.38971,0.48529,0.05950,0.00024,0.93984,0.00042
41.49265,0.48529,0.05778,0.00023,0.94150,0.00049
41.59559,0.48529,0.05751,0.00023,0.94180,0.00046
41.69853,0.48529,0.06042,0.00025,0.93881,0.00051
41.80147,0.48529,0.05706,0.00019,0.94234,0.00041
41.90441,0.48529,0.05669,0.00023,0.94264,0.00044
42.00735,0.48529,0.05301,0.00020,0.94641,0.00039
42.11029,0.48529,0.05795,0.00022,0.94143,0.00040
42.21323,0.48529,0.06060,0.00024,0.93875,0.00042
42.31618,0.48529,0.05815,0.00023,0.94116,0.00046
42.41912,0.48529,0.05792,0.00023,0.94137,0.00047
42.52206,0.48529,0.05847,0.00024,0.94078,0.00050
42.62500,0.48529,0.05712,0.00019,0.94229,0.00040
42.72794,0.48529,0.05519,0.00020,0.94421,0.00040
42.83088,0.48529,0.05802,0.00023,0.94137,0.00038
42.93382,0.48529,0.05476,0.00021,0.94461,0.00042
43.03677,0.48529,0.05527,0.00018,0.94418,0.00037
43.13971,0.48529,0.05596,0.00021,0.94340,0.00042
43.24265,0.48529,0.05687,0.00022,0.94245,0.00045
43.34559,0.48529,0.06217,0.00025,0.93705,0.00053
43.44853,0.48529,0.05549,0.00019,0.94390,0.00042
43.55147,0.48529,0.05342,0.00018,0.94602,0.00038
43.65441,0.48529,0.05723,0.00021,0.94217,0.00039
43.75735,0.48529,0.05786,0.00022,0.94153,0.00040
43.86029,0.48529,0.05848,0.00023,0.94090,0.00040
43.96323,0.48529,0.05556,0.00020,0.94381,0.00043
44.06618,0.48529,0.05542,0.00022,0.94392,0.00044
44.16912,0.48529,0.05822,0.00024,0.94107,0.00048
44.27206,0.48529,0.05326,0.00017,0.94618,0.00040
44.37500,0.48529,0.05627,0.00022,0.94307,0.00044
44.47794,0.48529,0.05555,0.00019,0.94387,0.00039
44.58088,0.48529,0.05347,0.00020,0.94594,0.00039
44.68382,0.48529,0.05546,0.00022,0.94393,0.00040
44.78677,0.48529,0.05716,0.00022,0.94219,0.00043
44.88971,0.48529,0.05652,0.00022,0.94284,0.00042
44.99265,0.48529,0.05461,0.00021,0.94474,0.00044
45.09559,0.48529,0.05983,0.00025,0.93940,0.00052
45.19853,0.48529,0.05967,0.00025,0.93959,0.00049
45.30147,0.48529,0.05339,0.00020,0.94600,0.00040
45.40441,0.48529,0.05436,0.00020,0.94509,0.00035
45.50735,0.48529,0.05350,0.00020,0.94594,0.00036
45.61029,0.48529,0.05767,0.00020,0.94175,0.00039
45.71323,0.48529,0.05540,0.00022,0.94396,0.00042
45.81618,0.48529,0.05632,0.00023,0.94300,0.00045
45.91912,0.48529,0.05992,0.00024,0.93931,0.00053
46.02206,0.48529,0.05629,0.00020,0.94310,0.00041
46.12500,0.48529,0.05715,0.00021,0.94218,0.00046
46.22794,0.48529,0.05648,0.00019,0.94299,0.00034
46.33088,0.48529,0.05224,0.00020,0.94721,0.00036
46.43382,0.48529,0.05768,0.00022,0.94169,0.00041
46.53677,0.48529,0.05246,0.00019,0.94697,0.00038
46.63971,0.48529,0.05771,0.00024,0.94159,0.00046
46.74265,0.48529,0.06330,0.00029,0.93588,0.00053
46.84559,0.48529,0.05583,0.00022,0.94349,0.00045
46.94853,0.48529,0.05739,0.00021,0.94194,0.00046
47.05147,0.48529,0.05534,0.00019,0.94407,0.00039
47.15441,0.48529,0.05732,0.00022,0.94205,0.00041
47.25735,0.48529,0.05494,0.00019,0.94454,0.00033
47.36029,0.48529,0.05230,0.00019,0.94712,0.00039
47.46323,0.48529,0.05880,0.00022,0.94052,0.00046
47.56618,0.48529,0.05832,0.00023,0.94099,0.00046
47.66912,0.48529,0.05775,0.00022,0.94155,0.00048
47.77206,0.48529,0.05491,0.00020,0.94445,0.00045
47.87500,0.48529,0.05451,0.00019,0.94489,0.00040
47.97794,0.48529,0.05505,0.00019,0.94438,0.00037
48.08088,0.48529,0.05677,0.00019,0.94267,0.00036
48.18382,0.48529,0.05532,0.00019,0.94413,0.00036
48.28677,0.48529,0.06238,0.00029,0.93680,0.00052
48.38971,0.48529,0.06005,0.00024,0.93922,0.00049
48.49265,0.48529,0.05530,0.00023,0.94399,0.00049
48.59559,0.48529,0.05887,0.00023,0.94040,0.00050
48.69853,0.48529,0.05614,0.00019,0.94322,0.00044
48.80147,0.48529,0.05673,0.00019,0.94268,0.00040
48.90441,0.48529,0.05585,0.00021,0.94356,0.00039
49.00735,0.48529,0.05548,0.00018,0.94397,0.00036
49.11029,0.48529,0.05675,0.00022,0.94259,0.00043
49.21323,0.48529,0.05885,0.00022,0.94049,0.00043
49.31618,0.48529,0.05708,0.00022,0.94225,0.00045
49.41912,0.48529,0.06025,0.00023,0.93903,0.00050
49.52206,0.48529,0.05772,0.00023,0.94155,0.00049
49.62500,0.48529,0.05676,0.00021,0.94262,0.00042
49.72794,0.48529,0.05298,0.00018,0.94649,0.00035
49.83088,0.48529,0.05406,0.00018,0.94538,0.00037
49.93382,0.48529,0.06056,0.00025,0.93872,0.00046
50.03677,0.48529,0.05775,0.00023,0.94159,0.00044
50.13971,0.48529,0.05771,0.00021,0.94163,0.00046
50.24265,0.48529,0.05594,0.00021,0.94339,0.00046
50.34559,0.48529,0.05769,0.00020,0.94166,0.00045
50.44853,0.48529,0.05453,0.00018,0.94490,0.00039
50.55147,0.48529,0.06047,0.00022,0.93892,0.00040
50.65441,0.48529,0.05699,0.00021,0.94239,0.00041
50.75735,0.48529,0.05526,0.00021,0.94413,0.00040
50.86029,0.48529,0.05930,0.00025,0.94002,0.00044
50.96323,0.48529,0.06038,0.00024,0.93892,0.00046
51.06618,0.48529,0.05613,0.00019,0.94327,0.00042
51.16912,0.48529,0.05887,0.00022,0.94042,0.00050
51.27206,0.48529,0.05525,0.00019,0.94412,0.00043
51.37500,0.48529,0.05521,0.00020,0.94419,0.00040
51.47794,0.48529,0.06149,0.00023,0.93786,0.00042
51.58088,0.48529,0.05575,0.00024,0.94356,0.00045
51.68382,0.48529,0.05637,0.00020,0.94304,0.00038
51.78677,0.48529,0.05807,0.00025,0.94120,0.00048
51.88971,0.48529,0.05682,0.00021,0.94252,0.00044
51.99265,0.48529,0.05812,0.00022,0.94121,0.00046
52.09559,0.48529,0.05237,0.00016,0.94710,0.00037
52.19853,0.48529,0.05537,0.00018,0.94403,0.00041
52.30147,0.48529,0.05818,0.00022,0.94119,0.00040
52.40441,0.48529,0.05241,0.00018,0.94707,0.00034
52.50735,0.48529,0.05811,0.00023,0.94122,0.00043
52.61029,0.48529,0.05908,0.00025,0.94020,0.00047
52.71323,0.48529,0.06065,0.00025,0.93865,0.00045
52.81618,0.48529,0.06154,0.00026,0.93765,0.00054
52.91912,0.48529,0.05684,0.00020,0.94252,0.00044
53.02206,0.48529,0.05669,0.00019,0.94271,0.00041
53.12500,0.48529,0.05285,0.00017,0.94660,0.00038
53.22794,0.48529,0.05733,0.00019,0.94215,0.00033
53.33088,0.48529,0.05290,0.00019,0.94657,0.00035
53.43382,0.48529,0.05524,0.00020,0.94420,0.00036
53.53677,0.48529,0.05972,0.00026,0.93956,0.00045
53.63971,0.48529,0.05611,0.00021,0.94322,0.00046
53.74265,0.48529,0.06203,0.00023,0.93724,0.00050
53.84559,0.48529,0.05533,0.00021,0.94401,0.00045
53.94853,0.48529,0.05398,0.00019,0.94543,0.00040
54.05147,0.48529,0.05462,0.00019,0.94485,0.00034
54.15441,0.48529,0.05806,0.00023,0.94127,0.00043
54.25735,0.48529,0.05587,0.00019,0.94358,0.00036
54.36029,0.48529,0.05398,0.00020,0.94541,0.00041
54.46323,0.48529,0.05933,0.00027,0.93990,0.00049
54.56618,0.48529,0.05829,0.00022,0.94101,0.00047
54.66912,0.48529,0.05959,0.00022,0.93970,0.00049
54.77206,0.48529,0.05500,0.00019,0.94439,0.00041
54.87500,0.48529,0.05683,0.00021,0.94256,0.00041
54.97794,0.48529,0.05849,0.00024,0.94083,0.00044
55.08088,0.48529,0.05450,0.00018,0.94495,0.00037
55.18382,0.48529,0.05397,0.00020,0.94544,0.00039
55.28677,0.48529,0.05930,0.00025,0.93998,0.00047
55.38971,0.48529,0.06077,0.00024,0.93846,0.00053
55.49265,0.48529,0.05554,0.00019,0.94382,0.00044
55.59559,0.48529,0.05817,0.00022,0.94111,0.00051
55.69853,0.48529,0.05842,0.00021,0.94098,0.00039
55.80147,0.48529,0.05613,0.00021,0.94323,0.00043
55.90441,0.48529,0.05311,0.00016,0.94641,0.00032
56.00735,0.48529,0.05884,0.00024,0.94046,0.00046
56.11029,0.48529,0.06065,0.00024,0.93870,0.00042
56.21323,0.48529,0.05726,0.00023,0.94204,0.00047
56.31618,0.48529,0.05947,0.00024,0.93979,0.00050
56.41912,0.48529,0.05997,0.00025,0.93927,0.00051
56.52206,0.48529,0.05639,0.00019,0.94299,0.00042
56.62500,0.48529,0.05405,0.00019,0.94541,0.00035
56.72794,0.48529,0.05150,0.00016,0.94803,0.00031
56.83088,0.48529,0.05177,0.00016,0.94773,0.00034
56.93382,0.48529,0.05423,0.00021,0.94519,0.00037
57.03677,0.48529,0.06101,0.00029,0.93816,0.00053
57.13971,0.48529,0.05900,0.00020,0.94035,0.00045
57.24265,0.48529,0.05861,0.00024,0.94062,0.00053
57.34559,0.48529,0.05978,0.00023,0.93947,0.00052
57.44853,0.48529,0.06060,0.00024,0.93869,0.00046
57.55147,0.48529,0.05445,0.00018,0.94499,0.00037
57.65441,0.48529,0.05358,0.00017,0.94590,0.00034
57.75735,0.48529,0.05808,0.00023,0.94125,0.00044
57.86029,0.48529,0.05584,0.00021,0.94356,0.00039
57.96323,0.48529,0.05680,0.00023,0.94245,0.00051
58.06618,0.48529,0.05693,0.00022,0.94238,0.00048
58.16912,0.48529,0.05942,0.00022,0.93987,0.00048
58.27206,0.48529,0.05621,0.00020,0.94320,0.00039
58.37500,0.48529,0.05490,0.00020,0.94451,0.00039
58.47794,0.48529,0.05200,0.00017,0.94749,0.00033
58.58088,0.48529,0.05469,0.00021,0.94469,0.00041
58.68382,0.48529,0.05998,0.00023,0.93936,0.00043
58.78677,0.48529,0.05309,0.00020,0.94630,0.00041
58.88971,0.48529,0.05721,0.00022,0.94215,0.00042
58.99265,0.48529,0.05829,0.00021,0.94102,0.00048
59.09559,0.48529,0.05771,0.00020,0.94165,0.00044
59.19853,0.48529,0.05589,0.00021,0.94349,0.00042
59.30147,0.48529,0.05681,0.00020,0.94257,0.00042
59.40441,0.48529,0.05418,0.00017,0.94531,0.00033
59.50735,0.48529,0.05701,0.00022,0.94237,0.00039
59.61029,0.48529,0.06129,0.00026,0.93795,0.00050
59.71323,0.48529,0.05318,0.00018,0.94623,0.00041
59.81618,0.48529,0.05894,0.00023,0.94035,0.00049
59.91912,0.48529,0.05932,0.00021,0.94001,0.00046
60.02206,0.48529,0.05280,0.00016,0.94669,0.00035
60.12500,0.48529,0.05779,0.00024,0.94150,0.00047
60.22794,0.48529,0.05212,0.00017,0.94738,0.00034
60.33088,0.48529,0.05468,0.00020,0.94475,0.00037
60.43382,0.48529,0.06244,0.00027,0.93680,0.00049
60.53677,0.48529,0.06025,0.00025,0.93901,0.00050
60.63971,0.48529,0.06142,0.00026,0.93780,0.00052
60.74265,0.48529,0.05706,0.00022,0.94223,0.00049
60.84559,0.48529,0.05245,0.00017,0.94701,0.00037
60.94853,0.48529,0.05313,0.00019,0.94629,0.00039
61.05147,0.48529,0.05162,0.00018,0.94785,0.00036
61.15441,0.48529,0.05497,0.00020,0.94446,0.00037
61.25735,0.48529,0.05833,0.00023,0.94100,0.00043
61.36029,0.48529,0.05925,0.00025,0.94002,0.00048
61.46323,0.48529,0.06229,0.00027,0.93692,0.00052
61.56618,0.48529,0.06158,0.00023,0.93770,0.00049
61.66912,0.48529,0.05708,0.00020,0.94227,0.00044
61.77206,0.48529,0.05801,0.00022,0.94131,0.00046
61.87500,0.48529,0.05552,0.00019,0.94392,0.00037
61.97794,0.48529,0.05441,0.00018,0.94506,0.00035
62.08088,0.48529,0.05697,0.00021,0.94245,0.00037
62.18382,0.48529,0.05561,0.00022,0.94379,0.00039
62.28677,0.48529,0.05940,0.00024,0.93989,0.00047
62.38971,0.48529,0.06034,0.00023,0.93891,0.00051
62.49265,0.48529,0.05860,0.00024,0.94064,0.00052
62.59559,0.48529,0.05791,0.00021,0.94142,0.00046
62.69853,0.48529,0.05518,0.00018,0.94423,0.00040
62.80147,0.48529,0.05213,0.00018,0.94733,0.00036
62.90441,0.48529,0.05832,0.00022,0.94103,0.00043
63.00735,0.48529,0.05677,0.00021,0.94258,0.00044
63.11029,0.48529,0.05731,0.00024,0.94197,0.00048
63.21323,0.48529,0.06282,0.00027,0.93636,0.00055
63.31618,0.48529,0.06037,0.00022,0.93891,0.00050
63.41912,0.48529,0.05820,0.00020,0.94115,0.00046
63.52206,0.48529,0.05625,0.00020,0.94313,0.00042
63.62500,0.48529,0.05622,0.00019,0.94322,0.00037
63.72794,0.48529,0.05364,0.00019,0.94584,0.00034
63.83088,0.48529,0.05565,0.00021,0.94373,0.00041
63.93382,0.48530,0.05706,0.00020,0.94234,0.00039
64.03677,0.48529,0.06100,0.00026,0.93824,0.00050
64.13971,0.48529,0.05832,0.00024,0.94096,0.00048
64.24265,0.48530,0.05695,0.00022,0.94236,0.00047
64.34559,0.48529,0.05398,0.00018,0.94547,0.00037
64.44853,0.48529,0.05684,0.00019,0.94258,0.00039
64.55147,0.48530,0.05583,0.00020,0.94360,0.00037
64.65441,0.48530,0.05260,0.00019,0.94686,0.00035
64.75735,0.48529,0.05515,0.00020,0.94425,0.00040
64.86029,0.48530,0.05555,0.00021,0.94382,0.00041
64.96323,0.48530,0.05817,0.00024,0.94113,0.00046
65.06618,0.48529,0.05634,0.00021,0.94301,0.00044
65.16912,0.48529,0.05782,0.00024,0.94143,0.00051
65.27206,0.48530,0.05652,0.00021,0.94289,0.00039
65.37500,0.48529,0.05703,0.00023,0.94231,0.00043
65.47794,0.48529,0.05548,0.00019,0.94397,0.00036
65.58088,0.48530,0.05482,0.00021,0.94460,0.00037
65.68382,0.48530,0.05845,0.00025,0.94081,0.00049
65.78677,0.48529,0.06031,0.00025,0.93894,0.00049
65.88971,0.48529,0.05236,0.00018,0.94709,0.00037
65.99265,0.48530,0.05906,0.00021,0.94023,0.00050
66.09559,0.48529,0.05714,0.00020,0.94227,0.00040
66.19853,0.48529,0.05656,0.00021,0.94284,0.00040
66.30147,0.48530,0.05472,0.00020,0.94471,0.00037
66.40441,0.48530,0.05372,0.00019,0.94575,0.00035
66.50735,0.48529,0.06023,0.00024,0.93910,0.00043
66.61029,0.48530,0.05897,0.00026,0.94032,0.00046
66.71323,0.48530,0.05751,0.00025,0.94176,0.00048
66.81618,0.48529,0.05702,0.00021,0.94231,0.00046
66.91912,0.48529,0.05578,0.00022,0.94355,0.00045
67.02206,0.48530,0.05389,0.00019,0.94557,0.00035
67.12500,0.48529,0.05642,0.00021,0.94300,0.00037
67.22794,0.48529,0.05478,0.00021,0.94459,0.00041
67.33088,0.48530,0.05594,0.00023,0.94341,0.00042
67.43382,0.48530,0.05705,0.00023,0.94229,0.00042
67.53677,0.48529,0.05796,0.00024,0.94133,0.00047
67.63971,0.48529,0.06017,0.00025,0.93906,0.00053
67.74265,0.48530,0.05625,0.00020,0.94314,0.00042
67.84559,0.48529,0.05512,0.00019,0.94430,0.00039
67.94853,0.48529,0.05553,0.00021,0.94385,0.00041
68.05147,0.48530,0.05348,0.00020,0.94597,0.00036
68.15441,0.48530,0.05635,0.00021,0.94306,0.00038
68.25735,0.48529,0.05658,0.00020,0.94283,0.00038
68.36029,0.48530,0.05806,0.00026,0.94119,0.00048
68.46323,0.48530,0.06044,0.00025,0.93882,0.00049
68.56618,0.48529,0.05574,0.00020,0.94360,0.00046
68.66912,0.48529,0.05530,0.00020,0.94408,0.00042
68.77206,0.48530,0.05589,0.00021,0.94351,0.00039
68.87500,0.48529,0.05597,0.00020,0.94344,0.00039
68.97794,0.48529,0.05564,0.00019,0.94383,0.00034
69.08088,0.48530,0.05602,0.00021,0.94337,0.00040
69.18382,0.48530,0.05730,0.00025,0.94201,0.00044
69.28677,0.48529,0.05929,0.00025,0.94000,0.00046
69.38971,0.48529,0.05975,0.00022,0.93954,0.00049
69.49265,0.48530,0.05626,0.00021,0.94306,0.00047
69.59559,0.48529,0.05732,0.00023,0.94198,0.00048
69.69853,0.48529,0.05539,0.00020,0.94406,0.00035
69.80147,0.48530,0.05485,0.00019,0.94461,0.00035
69.90441,0.48530,0.05755,0.00021,0.94185,0.00039
70.00735,0.48529,0.05448,0.00025,0.94483,0.00045
70.11029,0.48530,0.05788,0.00025,0.94141,0.00046
70.21323,0.48530,0.05737,0.00020,0.94198,0.00045
70.31618,0.48529,0.06012,0.00025,0.93914,0.00049
70.41912,0.48529,0.05964,0.00024,0.93964,0.00048
70.52206,0.48530,0.05732,0.00023,0.94201,0.00045
70.62500,0.48529,0.05254,0.00020,0.94689,0.00038
70.72794,0.48529,0.05523,0.00021,0.94419,0.00037
70.83088,0.48530,0.05762,0.00025,0.94171,0.00043
70.93382,0.48530,0.05760,0.00022,0.94174,0.00045
71.03677,0.48529,0.06210,0.00030,0.93700,0.00060
71.13971,0.48529,0.05928,0.00024,0.93998,0.00050
71.24265,0.48530,0.05485,0.00019,0.94451,0.00045
71.34559,0.48529,0.05702,0.00021,0.94233,0.00043
71.44853,0.48529,0.05918,0.00023,0.94018,0.00041
71.55147,0.48530,0.05405,0.00018,0.94540,0.00037
71.65441,0.48530,0.05389,0.00021,0.94550,0.00040
71.75735,0.48529,0.06006,0.00023,0.93929,0.00042
71.86029,0.48530,0.05604,0.00022,0.94331,0.00043
71.96323,0.48530,0.05573,0.00022,0.94360,0.00045
72.06618,0.48529,0.06086,0.00026,0.93832,0.00056
72.16912,0.48529,0.05377,0.00019,0.94565,0.00040
72.27206,0.48530,0.05681,0.00020,0.94258,0.00040
72.37500,0.48529,0.05710,0.00021,0.94233,0.00036
72.47794,0.48529,0.05896,0.00022,0.94040,0.00041
72.58088,0.48530,0.05576,0.00020,0.94367,0.00037
72.68382,0.48530,0.05943,0.00025,0.93984,0.00048
72.78677,0.48529,0.05542,0.00021,0.94395,0.00042
72.88971,0.48529,0.05342,0.00018,0.94599,0.00040
72.99265,0.48530,0.05476,0.00020,0.94460,0.00044
73.09559,0.48529,0.05434,0.00020,0.94506,0.00039
73.19853,0.48529,0.05266,0.00019,0.94680,0.00035
73.30147,0.48530,0.05243,0.00018,0.94705,0.00034
73.40441,0.48530,0.05450,0.00020,0.94494,0.00036
73.50735,0.48529,0.05525,0.00022,0.94411,0.00042
73.61029,0.48530,0.06116,0.00027,0.93807,0.00050
73.71323,0.48530,0.05836,0.00025,0.94090,0.00048
73.81618,0.48529,0.05683,0.00020,0.94252,0.00045
73.91912,0.48529,0.05222,0.00018,0.94723,0.00037
74.02206,0.48530,0.05525,0.00019,0.94417,0.00038
74.12500,0.48529,0.05711,0.00021,0.94229,0.00039
74.22794,0.48529,0.05569,0.00021,0.94373,0.00037
74.33088,0.48530,0.05544,0.00021,0.94394,0.00041
74.43382,0.48530,0.05783,0.00024,0.94150,0.00044
74.53677,0.48529,0.05665,0.00024,0.94264,0.00047
74.63971,0.48529,0.05632,0.00019,0.94306,0.00043
74.74265,0.48530,0.05797,0.00023,0.94132,0.00048
74.84559,0.48529,0.05927,0.00021,0.94006,0.00046
74.94853,0.48529,0.05928,0.00024,0.94007,0.00041
75.05147,0.48530,0.05597,0.00023,0.94339,0.00040
75.15441,0.48530,0.05711,0.00020,0.94230,0.00038
75.25735,0.48529,0.05690,0.00022,0.94242,0.00046
75.36029,0.48530,0.05684,0.00022,0.94246,0.00047
75.46323,0.48530,0.06166,0.00026,0.93759,0.00049
75.56618,0.48529,0.05462,0.00019,0.94479,0.00040
75.66912,0.48529,0.05263,0.00018,0.94682,0.00037
75.77206,0.48530,0.05527,0.00021,0.94411,0.00040
75.87500,0.48529,0.05272,0.00018,0.94678,0.00033
75.97794,0.48529,0.06213,0.00024,0.93723,0.00040
76.08088,0.48530,0.05601,0.00022,0.94336,0.00042
76.18382,0.48530,0.05940,0.00027,0.93984,0.00049
76.28677,0.48529,0.06319,0.00028,0.93598,0.00055
76.38971,0.48529,0.05668,0.00020,0.94264,0.00048
76.49265,0.48530,0.05543,0.00019,0.94398,0.00040
76.59559,0.48529,0.05454,0.00020,0.94489,0.00038
76.69853,0.48529,0.05161,0.00016,0.94794,0.00029
76.80147,0.48530,0.05915,0.00023,0.94023,0.00039
76.90441,0.48530,0.05608,0.00021,0.94331,0.00040
77.00735,0.48529,0.05528,0.00022,0.94406,0.00043
77.11029,0.48530,0.06002,0.00027,0.93923,0.00049
77.21323,0.48530,0.05847,0.00023,0.94082,0.00048
77.31618,0.48529,0.05525,0.00020,0.94413,0.00042
77.41912,0.48529,0.05439,0.00020,0.94497,0.00044
77.52206,0.48530,0.05688,0.00021,0.94253,0.00038
77.62500,0.48529,0.05346,0.00019,0.94597,0.00037
77.72794,0.48529,0.05598,0.00019,0.94347,0.00036
77.83088,0.48530,0.05534,0.00022,0.94403,0.00041
77.93382,0.48530,0.05802,0.00024,0.94126,0.00048
78.03677,0.48529,0.05879,0.00023,0.94050,0.00048
78.13971,0.48529,0.05702,0.00022,0.94234,0.00043
78.24265,0.48530,0.05443,0.00017,0.94501,0.00039
78.34559,0.48529,0.05412,0.00018,0.94532,0.00038
78.44853,0.48529,0.05321,0.00020,0.94622,0.00037
78.55147,0.48530,0.05419,0.00020,0.94521,0.00039
78.65441,0.48530,0.05264,0.00019,0.94682,0.00036
78.75735,0.48529,0.05504,0.00022,0.94429,0.00044
78.86029,0.48530,0.05743,0.00024,0.94185,0.00048
78.96323,0.48530,0.05912,0.00024,0.94012,0.00052
79.06618,0.48529,0.05510,0.00020,0.94426,0.00044
79.16912,0.48529,0.05799,0.00020,0.94138,0.00043
79.27206,0.48530,0.06264,0.00030,0.93657,0.00050
79.37500,0.48529,0.05664,0.00020,0.94279,0.00037
79.47794,0.48529,0.05805,0.00023,0.94132,0.00041
79.58088,0.48530,0.05947,0.00027,0.93979,0.00047
79.68382,0.48530,0.05815,0.00022,0.94116,0.00047
79.78677,0.48529,0.05694,0.00021,0.94242,0.00043
79.88971,0.48529,0.05836,0.00023,0.94090,0.00051
79.99265,0.48530,0.05746,0.00020,0.94189,0.00045
80.09559,0.48529,0.05721,0.00020,0.94222,0.00037
80.19853,0.48529,0.05538,0.00020,0.94402,0.00040
80.30147,0.48530,0.05410,0.00020,0.94534,0.00036
80.40441,0.48530,0.05900,0.00024,0.94030,0.00045
80.50735,0.48529,0.05764,0.00021,0.94170,0.00045
80.61029,0.48530,0.05425,0.00021,0.94511,0.00043
80.71323,0.48530,0.05863,0.00023,0.94065,0.00049
80.81618,0.48529,0.05744,0.00021,0.94192,0.00043
80.91912,0.48529,0.05498,0.00020,0.94441,0.00041
81.02206,0.48530,0.05820,0.00021,0.94122,0.00037
81.12500,0.48529,0.05508,0.00023,0.94424,0.00045
81.22794,0.48529,0.05788,0.00021,0.94152,0.00039
81.33088,0.48530,0.05913,0.00027,0.94009,0.00050
81.43382,0.48530,0.05735,0.00021,0.94201,0.00042
81.53677,0.48529,0.05826,0.00024,0.94099,0.00051
81.63971,0.48529,0.06049,0.00022,0.93879,0.00051
81.74265,0.48530,0.05476,0.00017,0.94469,0.00038
81.84559,0.48529,0.05782,0.00024,0.94152,0.00043
81.94853,0.48529,0.05505,0.00020,0.94436,0.00040
82.05147,0.48530,0.05603,0.00020,0.94339,0.00039
82.15441,0.48530,0.05630,0.00023,0.94304,0.00043
82.25735,0.48529,0.05890,0.00026,0.94036,0.00048
82.36029,0.48530,0.05601,0.00022,0.94333,0.00044
82.46323,0.48530,0.05706,0.00020,0.94233,0.00042
82.56618,0.48529,0.05529,0.00020,0.94410,0.00042
82.66912,0.48529,0.05558,0.00020,0.94383,0.00040
82.77206,0.48530,0.05184,0.00018,0.94765,0.00033
82.87500,0.48529,0.05514,0.00021,0.94427,0.00038
82.97794,0.48529,0.06119,0.00027,0.93810,0.00044
83.08088,0.48530,0.05644,0.00022,0.94288,0.00046
83.18382,0.48530,0.05652,0.00021,0.94283,0.00044
83.28677,0.48529,0.05899,0.00025,0.94023,0.00053
83.38971,0.48529,0.05366,0.00019,0.94576,0.00039
83.49265,0.48530,0.05473,0.00019,0.94470,0.00038
83.59559,0.48529,0.05608,0.00021,0.94331,0.00040
83.69853,0.48529,0.05376,0.00020,0.94569,0.00035
83.80147,0.48530,0.06205,0.00027,0.93724,0.00044
83.90441,0.48530,0.05363,0.00019,0.94578,0.00040
84.00735,0.48529,0.05490,0.00022,0.94443,0.00044
84.11029,0.48530,0.06199,0.00027,0.93717,0.00058
84.21323,0.48530,0.05977,0.00022,0.93954,0.00047
84.31618,0.48529,0.05097,0.00017,0.94847,0.00038
84.41912,0.48529,0.05809,0.00020,0.94132,0.00038
84.52206,0.48530,0.05657,0.00024,0.94275,0.00044
84.62500,0.48529,0.05526,0.00019,0.94420,0.00035
84.72794,0.48529,0.05756,0.00023,0.94178,0.00042
84.83088,0.48530,0.05514,0.00022,0.94424,0.00040
84.93382,0.48530,0.06098,0.00024,0.93827,0.00051
85.03677,0.48529,0.05818,0.00023,0.94109,0.00050
85.13971,0.48529,0.05759,0.00021,0.94174,0.00046
85.24265,0.48530,0.05762,0.00021,0.94172,0.00044
85.34559,0.48529,0.05375,0.00019,0.94573,0.00034
85.44853,0.48529,0.05537,0.00020,0.94405,0.00038
85.55147,0.48530,0.05806,0.00023,0.94129,0.00042
85.65441,0.48530,0.06281,0.00030,0.93638,0.00051
85.75735,0.48529,0.05744,0.00020,0.94193,0.00043
85.86029,0.48530,0.05556,0.00022,0.94375,0.00047
85.96323,0.48530,0.05430,0.00019,0.94508,0.00043
86.06618,0.48529,0.05716,0.00020,0.94220,0.00043
86.16912,0.48529,0.05543,0.00022,0.94395,0.00040
86.27206,0.48530,0.05363,0.00018,0.94586,0.00033
86.37500,0.48529,0.05407,0.00019,0.94539,0.00035
86.47794,0.48529,0.05527,0.00023,0.94404,0.00046
86.58088,0.48530,0.05871,0.00024,0.94059,0.00046
86.68382,0.48530,0.05758,0.00022,0.94174,0.00047
86.78677,0.48529,0.05845,0.00025,0.94081,0.00049
86.88971,0.48529,0.05580,0.00020,0.94357,0.00043
86.99265,0.48530,0.05453,0.00019,0.94492,0.00036
87.09559,0.48529,0.05431,0.00019,0.94511,0.00039
87.19853,0.48529,0.05354,0.00019,0.94591,0.00036
87.30147,0.48530,0.05503,0.00024,0.94430,0.00043
87.40441,0.48530,0.05776,0.00023,0.94158,0.00043
87.50735,0.48529,0.05818,0.00024,0.94109,0.00049
87.61029,0.48530,0.05619,0.00021,0.94316,0.00045
87.71323,0.48530,0.05848,0.00022,0.94082,0.00048
87.81618,0.48529,0.05781,0.00022,0.94153,0.00044
87.91912,0.48529,0.05477,0.00019,0.94469,0.00035
88.02206,0.48530,0.05318,0.00020,0.94624,0.00038
88.12500,0.48529,0.05595,0.00021,0.94344,0.00040
88.22794,0.48529,0.05534,0.00022,0.94404,0.00041
88.33088,0.48530,0.05992,0.00025,0.93933,0.00050
88.43382,0.48530,0.05999,0.00024,0.93925,0.00051
88.53677,0.48529,0.05898,0.00022,0.94031,0.00049
88.63971,0.48529,0.05586,0.00021,0.94342,0.00051
88.74265,0.48530,0.05747,0.00019,0.94194,0.00040
88.84559,0.48529,0.05889,0.00022,0.94051,0.00037
88.94853,0.48529,0.05638,0.00022,0.94297,0.00043
89.05147,0.48530,0.05591,0.00018,0.94352,0.00038
89.15441,0.48530,0.05879,0.00025,0.94050,0.00045
89.25735,0.48529,0.05937,0.00025,0.93990,0.00047
89.36029,0.48530,0.05410,0.00019,0.94532,0.00039
89.46323,0.48530,0.05390,0.00018,0.94551,0.00041
89.56618,0.48529,0.05757,0.00019,0.94182,0.00042
89.66912,0.48529,0.05415,0.00020,0.94530,0.00035
89.77206,0.48530,0.05527,0.00021,0.94412,0.00041
89.87500,0.48529,0.05499,0.00021,0.94439,0.00041
89.97794,0.48529,0.05879,0.00026,0.94047,0.00047
90.08088,0.48530,0.06093,0.00027,0.93830,0.00051
90.18382,0.48530,0.05808,0.00023,0.94122,0.00047
90.28677,0.48529,0.05754,0.00024,0.94170,0.00051
90.38971,0.48529,0.05150,0.00016,0.94801,0.00033
90.49265,0.48530,0.05555,0.00019,0.94386,0.00039
90.59559,0.48529,0.05847,0.00022,0.94091,0.00040
90.69853,0.48529,0.05295,0.00019,0.94649,0.00037
90.80147,0.48530,0.05906,0.00023,0.94027,0.00044
90.90441,0.48530,0.05798,0.00024,0.94131,0.00046
91.00735,0.48529,0.05669,0.00022,0.94265,0.00045
91.11029,0.48530,0.05637,0.00019,0.94301,0.00043
91.21323,0.48530,0.05823,0.00023,0.94106,0.00048
91.31618,0.48529,0.05612,0.00019,0.94329,0.00039
91.41912,0.48529,0.05589,0.00020,0.94355,0.00036
91.52206,0.48530,0.05855,0.00025,0.94073,0.00047
91.62500,0.48529,0.05487,0.00018,0.94460,0.00035
91.72794,0.48529,0.05660,0.00025,0.94267,0.00049
91.83088,0.48530,0.05825,0.00022,0.94110,0.00043
91.93382,0.48530,0.05727,0.00022,0.94207,0.00043
92.03677,0.48529,0.05497,0.00019,0.94443,0.00041
92.13971,0.48529,0.05573,0.00019,0.94369,0.00038
92.24265,0.48530,0.05471,0.00022,0.94469,0.00038
92.34559,0.48529,0.05182,0.00020,0.94761,0.00037
92.44853,0.48529,0.05581,0.00021,0.94356,0.00042
92.55147,0.48530,0.05280,0.00020,0.94662,0.00038
92.65441,0.48530,0.05804,0.00024,0.94128,0.00044
92.75735,0.48529,0.05893,0.00023,0.94034,0.00050
92.86029,0.48530,0.05813,0.00022,0.94116,0.00048
92.96323,0.48530,0.05718,0.00023,0.94212,0.00048
93.06618,0.48529,0.05490,0.00020,0.94452,0.00039
93.16912,0.48529,0.05589,0.00021,0.94351,0.00039
93.27206,0.48530,0.05794,0.00023,0.94143,0.00040
93.37500,0.48529,0.06049,0.00025,0.93881,0.00045
93.47794,0.48529,0.05950,0.00023,0.93984,0.00043
93.58088,0.48530,0.05874,0.00024,0.94054,0.00048
93.68382,0.48530,0.05726,0.00022,0.94204,0.00049
93.78677,0.48529,0.05717,0.00019,0.94222,0.00041
93.88971,0.48529,0.05528,0.00021,0.94410,0.00042
93.99265,0.48530,0.05674,0.00021,0.94268,0.00037
94.09559,0.48529,0.05643,0.00023,0.94294,0.00040
94.19853,0.48529,0.05859,0.00023,0.94077,0.00040
94.30147,0.48530,0.05783,0.00023,0.94151,0.00044
94.40441,0.48530,0.05842,0.00025,0.94084,0.00048
94.50735,0.48529,0.05827,0.00022,0.94104,0.00047
94.61029,0.48530,0.05435,0.00019,0.94503,0.00044
94.71323,0.48530,0.05694,0.00022,0.94238,0.00045
94.81618,0.48529,0.05800,0.00022,0.94134,0.00044
94.91912,0.48529,0.05415,0.00020,0.94527,0.00038
95.02206,0.48530,0.05882,0.00022,0.94056,0.00039
95.12500,0.48529,0.05429,0.00021,0.94509,0.00041
95.22794,0.48529,0.05447,0.00020,0.94491,0.00042
95.33088,0.48530,0.05909,0.00020,0.94023,0.00047
95.43382,0.48530,0.05558,0.00019,0.94382,0.00041
95.53677,0.48529,0.06138,0.00024,0.93789,0.00050
95.63971,0.48529,0.05803,0.00023,0.94131,0.00044
95.74265,0.48530,0.05294,0.00018,0.94650,0.00038
95.84559,0.48529,0.05503,0.00020,0.94438,0.00039
95.94853,0.48529,0.05422,0.00020,0.94522,0.00037
96.05147,0.48530,0.05860,0.00025,0.94071,0.00044
96.15441,0.48530,0.06184,0.00027,0.93732,0.00056
96.25735,0.48529,0.05610,0.00020,0.94326,0.00044
96.36029,0.48530,0.05831,0.00022,0.94099,0.00049
96.46323,0.48530,0.05684,0.00018,0.94260,0.00038
96.56618,0.48529,0.05803,0.00022,0.94133,0.00042
96.66912,0.48529,0.05641,0.00020,0.94302,0.00037
96.77206,0.48530,0.05635,0.00022,0.94300,0.00043
96.87500,0.48529,0.05725,0.00021,0.94214,0.00040
96.97794,0.48529,0.05998,0.00024,0.93930,0.00049
97.08088,0.48530,0.05611,0.00020,0.94326,0.00043
97.18382,0.48530,0.05710,0.00023,0.94220,0.00047
97.28677,0.48529,0.05526,0.00018,0.94417,0.00039
97.38971,0.48529,0.05346,0.00020,0.94596,0.00039
97.49265,0.48530,0.05802,0.00021,0.94139,0.00038
97.59559,0.48529,0.05682,0.00022,0.94254,0.00043
97.69853,0.48529,0.05297,0.00020,0.94645,0.00039
97.80147,0.48530,0.05763,0.00026,0.94164,0.00046
97.90441,0.48530,0.05841,0.00021,0.94095,0.00043
98.00735,0.48529,0.05712,0.00023,0.94217,0.00047
98.11029,0.48530,0.05712,0.00022,0.94218,0.00048
98.21323,0.48530,0.05604,0.00022,0.94332,0.00042
98.31618,0.48529,0.05746,0.00023,0.94186,0.00045
98.41912,0.48529,0.05396,0.00019,0.94547,0.00038
98.52206,0.48530,0.05437,0.00020,0.94504,0.00039
98.62500,0.48529,0.05621,0.00022,0.94312,0.00045
98.72794,0.48529,0.06311,0.00025,0.93614,0.00050
98.83088,0.48530,0.06201,0.00026,0.93719,0.00055
98.93382,0.48530,0.05707,0.00020,0.94227,0.00046
99.03677,0.48529,0.05718,0.00023,0.94209,0.00050
99.13971,0.48529,0.05687,0.00022,0.94250,0.00041
99.24265,0.48530,0.05438,0.00019,0.94508,0.00034
99.34559,0.48529,0.05890,0.00022,0.94047,0.00040
99.44853,0.48529,0.06068,0.00023,0.93865,0.00044
99.55147,0.48530,0.05800,0.00024,0.94131,0.00045
99.65441,0.48530,0.05378,0.00022,0.94557,0.00043
99.75735,0.48529,0.05596,0.00020,0.94338,0.00046
99.86029,0.48530,0.05087,0.00017,0.94859,0.00036
99.96323,0.48530,0.05603,0.00020,0.94337,0.00040
100.06618,0.48529,0.05462,0.00019,0.94486,0.00034
100.16912,0.48529,0.05545,0.00021,0.94396,0.00039
100.27206,0.48530,0.06178,0.00027,0.93748,0.00048
100.37500,0.48529,0.05723,0.00024,0.94209,0.00044
100.47794,0.48529,0.05761,0.00023,0.94170,0.00046
100.58088,0.48530,0.06192,0.00024,0.93731,0.00053
100.68382,0.48530,0.05584,0.00019,0.94357,0.00040
100.78677,0.48529,0.05408,0.00017,0.94535,0.00039
100.88971,0.48529,0.05812,0.00022,0.94124,0.00042
100.99265,0.48530,0.05822,0.00022,0.94115,0.00040
101.09559,0.48529,0.05571,0.00020,0.94373,0.00036
101.19853,0.48529,0.05812,0.00025,0.94118,0.00045
101.30147,0.48530,0.05871,0.00024,0.94057,0.00049
101.40441,0.48530,0.05723,0.00024,0.94207,0.00046
101.50735,0.48529,0.05759,0.00020,0.94175,0.00046
101.61029,0.48530,0.05404,0.00018,0.94539,0.00038
101.71323,0.48530,0.05434,0.00021,0.94508,0.00037
101.81618,0.48529,0.05400,0.00019,0.94544,0.00037
101.91912,0.48529,0.05565,0.00021,0.94377,0.00038
102.02206,0.48530,0.05848,0.00024,0.94084,0.00044
102.12500,0.48529,0.05978,0.00024,0.93953,0.00044
102.22794,0.48529,0.06089,0.00027,0.93834,0.00051
102.33088,0.48530,0.05691,0.00021,0.94242,0.00047
102.43382,0.48530,0.05687,0.00023,0.94244,0.00047
102.53677,0.48529,0.05664,0.00022,0.94272,0.00043
102.63971,0.48529,0.05250,0.00018,0.94699,0.00034
102.74265,0.48530,0.05331,0.00020,0.94610,0.00039
102.84559,0.48529,0.05355,0.00019,0.94589,0.00037
102.94853,0.48529,0.05754,0.00023,0.94180,0.00043
103.05147,0.48530,0.05883,0.00024,0.94046,0.00047
103.15441,0.48530,0.06038,0.00022,0.93894,0.00046
103.25735,0.48529,0.05680,0.00021,0.94254,0.00045
103.36029,0.48530,0.05825,0.00022,0.94108,0.00045
103.46323,0.48530,0.05542,0.00020,0.94402,0.00037
103.56618,0.48529,0.05493,0.00021,0.94446,0.00040
103.66912,0.48529,0.05600,0.00022,0.94340,0.00039
103.77206,0.48530,0.05429,0.00020,0.94511,0.00040
103.87500,0.48529,0.06270,0.00028,0.93653,0.00049
103.97794,0.48529,0.05943,0.00025,0.93982,0.00051
104.08088,0.48530,0.05585,0.00020,0.94352,0.00043
104.18382,0.48530,0.05376,0.00019,0.94563,0.00042
104.28677,0.48529,0.05450,0.00018,0.94497,0.00036
104.38971,0.48529,0.05751,0.00022,0.94187,0.00040
104.49265,0.48530,0.05352,0.00019,0.94595,0.00034
104.59559,0.48529,0.05502,0.00021,0.94440,0.00037
104.69853,0.48529,0.06050,0.00029,0.93872,0.00050
104.80147,0.48530,0.06014,0.00025,0.93909,0.00052
104.90441,0.48530,0.05708,0.00020,0.94227,0.00044
105.00735,0.48529,0.05846,0.00020,0.94085,0.00049
105.11029,0.48530,0.05738,0.00021,0.94199,0.00042
105.21323,0.48530,0.05366,0.00018,0.94580,0.00036
105.31618,0.48529,0.05505,0.00020,0.94440,0.00036
105.41912,0.48529,0.05460,0.00020,0.94484,0.00037
105.52206,0.48530,0.05614,0.00021,0.94322,0.00042
105.62500,0.48529,0.05932,0.00024,0.93999,0.00046
105.72794,0.48529,0.05519,0.00023,0.94412,0.00046
105.83088,0.48530,0.05420,0.00020,0.94519,0.00042
105.93382,0.48530,0.05472,0.00019,0.94466,0.00043
106.03677,0.48529,0.05540,0.00019,0.94403,0.00038
106.13971,0.48529,0.05353,0.00020,0.94593,0.00034
106.24265,0.48530,0.05814,0.00025,0.94117,0.00045
106.34559,0.48529,0.05396,0.00019,0.94544,0.00041
106.44853,0.48529,0.05935,0.00026,0.93991,0.00047
106.55147,0.48530,0.06055,0.00026,0.93869,0.00050
106.65441,0.48530,0.05568,0.00020,0.94370,0.00042
106.75735,0.48529,0.05965,0.00024,0.93959,0.00052
106.86029,0.48530,0.06006,0.00023,0.93921,0.00050
106.96323,0.48530,0.05538,0.00020,0.94407,0.00036
107.06618,0.48529,0.05729,0.00021,0.94212,0.00038
107.16912,0.48529,0.05615,0.00021,0.94324,0.00039
107.27206,0.48530,0.05597,0.00020,0.94343,0.00040
107.37500,0.48529,0.05770,0.00024,0.94155,0.00050
107.47794,0.48529,0.05745,0.00022,0.94187,0.00046
107.58088,0.48530,0.05487,0.00017,0.94455,0.00041
107.68382,0.48530,0.05738,0.00021,0.94199,0.00042
107.78677,0.48529,0.05772,0.00021,0.94166,0.00041
107.88971,0.48529,0.05568,0.00020,0.94373,0.00039
107.99265,0.48530,0.05539,0.00021,0.94403,0.00037
108.09559,0.48529,0.05516,0.00021,0.94423,0.00040
108.19853,0.48529,0.05847,0.00024,0.94081,0.00048
108.30147,0.48530,0.05712,0.00022,0.94222,0.00045
108.40441,0.48530,0.05571,0.00021,0.94363,0.00045
108.50735,0.48529,0.05511,0.00019,0.94428,0.00041
108.61029,0.48530,0.05908,0.00021,0.94030,0.00041
108.71323,0.48530,0.05516,0.00021,0.94423,0.00040
108.81618,0.48529,0.05655,0.00022,0.94285,0.00038
108.91912,0.48529,0.05372,0.00021,0.94566,0.00041
109.02206,0.48530,0.05756,0.00022,0.94181,0.00042
109.12500,0.48529,0.05841,0.00025,0.94087,0.00047
109.22794,0.48529,0.05646,0.00021,0.94287,0.00047
109.33088,0.48530,0.05623,0.00021,0.94308,0.00048
109.43382,0.48530,0.05576,0.00020,0.94363,0.00042
109.53677,0.48529,0.05670,0.00022,0.94267,0.00041
109.63971,0.48529,0.05622,0.00021,0.94315,0.00043
109.74265,0.48530,0.05724,0.00020,0.94222,0.00035
109.84559,0.48529,0.05812,0.00025,0.94116,0.00047
109.94853,0.48529,0.05848,0.00023,0.94084,0.00044
110.05147,0.48530,0.05948,0.00024,0.93980,0.00048
110.15441,0.48530,0.05722,0.00021,0.94212,0.00045
110.25735,0.48529,0.05631,0.00020,0.94303,0.00045
110.36029,0.48530,0.05240,0.00019,0.94704,0.00036
110.46323,0.48530,0.05361,0.00018,0.94587,0.00035
110.56618,0.48529,0.05355,0.00020,0.94587,0.00038
110.66912,0.48529,0.05785,0.00023,0.94149,0.00043
110.77206,0.48530,0.05968,0.00025,0.93955,0.00053
110.87500,0.48529,0.06058,0.00025,0.93867,0.00050
110.97794,0.48529,0.05827,0.00023,0.94103,0.00047
111.08088,0.48530,0.05691,0.00020,0.94247,0.00042
111.18382,0.48530,0.05484,0.00021,0.94451,0.00044
111.28677,0.48529,0.05642,0.00019,0.94303,0.00035
111.38971,0.48529,0.05442,0.00022,0.94494,0.00041
111.49265,0.48530,0.05379,0.00019,0.94566,0.00036
111.59559,0.48529,0.05550,0.00023,0.94382,0.00045
111.69853,0.48529,0.05729,0.00021,0.94206,0.00043
111.80147,0.48530,0.06305,0.00027,0.93613,0.00055
111.90441,0.48530,0.05793,0.00021,0.94140,0.00045
112.00735,0.48529,0.05449,0.00018,0.94493,0.00040
112.11029,0.48530,0.06033,0.00025,0.93896,0.00047
112.21323,0.48530,0.05501,0.00021,0.94439,0.00040
112.31618,0.48529,0.05665,0.00020,0.94276,0.00038
112.41912,0.48529,0.05479,0.00023,0.94452,0.00046
112.52206,0.48530,0.06036,0.00023,0.93894,0.00047
112.62500,0.48529,0.06119,0.00025,0.93808,0.00048
112.72794,0.48529,0.05464,0.00019,0.94477,0.00040
112.83088,0.48530,0.05512,0.00022,0.94421,0.00046
112.93382,0.48530,0.05584,0.00022,0.94352,0.00042
113.03677,0.48529,0.05373,0.00020,0.94569,0.00038
113.13971,0.48529,0.05852,0.00021,0.94091,0.00036
113.24265,0.48530,0.05482,0.00021,0.94456,0.00041
113.34559,0.48529,0.05774,0.00025,0.94151,0.00049
113.44853,0.48529,0.05780,0.00023,0.94149,0.00048
113.55147,0.48530,0.05602,0.00021,0.94333,0.00045
113.65441,0.48530,0.05464,0.00018,0.94477,0.00041
113.75735,0.48529,0.05788,0.00021,0.94147,0.00045
113.86029,0.48530,0.05638,0.00021,0.94302,0.00038
113.96323,0.48530,0.05244,0.00018,0.94701,0.00037
114.06618,0.48529,0.05700,0.00021,0.94240,0.00038
114.16912,0.48529,0.05456,0.00021,0.94484,0.00039
114.27206,0.48530,0.06002,0.00024,0.93926,0.00048
114.37500,0.48529,0.06080,0.00023,0.93849,0.00048
114.47794,0.48529,0.05781,0.00022,0.94149,0.00047
114.58088,0.48530,0.05837,0.00020,0.94098,0.00045
114.68382,0.48530,0.05649,0.00020,0.94292,0.00039
114.78677,0.48529,0.05711,0.00021,0.94229,0.00039
114.88971,0.48529,0.05719,0.00022,0.94220,0.00039
114.99265,0.48530,0.05440,0.00020,0.94502,0.00038
115.09559,0.48529,0.05904,0.00024,0.94026,0.00046
115.19853,0.48529,0.05989,0.00025,0.93934,0.00052
115.30147,0.48530,0.05786,0.00022,0.94145,0.00046
115.40441,0.48530,0.05562,0.00019,0.94375,0.00044
115.50735,0.48529,0.05654,0.00019,0.94291,0.00036
115.61029,0.48530,0.05503,0.00019,0.94443,0.00035
115.71323,0.48530,0.05489,0.00020,0.94458,0.00033
115.81618,0.48529,0.05618,0.00024,0.94315,0.00043
115.91912,0.48529,0.05936,0.00023,0.93997,0.00043
116.02206,0.48530,0.05909,0.00026,0.94011,0.00054
116.12500,0.48529,0.05730,0.00020,0.94208,0.00042
116.22794,0.48529,0.06128,0.00026,0.93789,0.00058
116.33088,0.48530,0.05854,0.00020,0.94082,0.00044
116.43382,0.48530,0.05275,0.00017,0.94674,0.00035
116.53677,0.48529,0.05857,0.00022,0.94083,0.00039
116.63971,0.48529,0.05901,0.00023,0.94032,0.00044
116.74265,0.48530,0.05449,0.00020,0.94493,0.00038
116.84559,0.48529,0.05672,0.00025,0.94254,0.00049
116.94853,0.48529,0.05599,0.00023,0.94331,0.00048
117.05147,0.48530,0.05877,0.00024,0.94051,0.00048
117.15441,0.48530,0.05638,0.00021,0.94296,0.00045
117.25735,0.48529,0.05868,0.00022,0.94069,0.00041
117.36029,0.48530,0.05962,0.00024,0.93972,0.00042
117.46323,0.48530,0.05419,0.00019,0.94524,0.00039
117.56618,0.48529,0.05305,0.00020,0.94639,0.00037
117.66912,0.48529,0.05947,0.00025,0.93981,0.00047
117.77206,0.48530,0.05877,0.00023,0.94055,0.00045
117.87500,0.48529,0.05779,0.00023,0.94153,0.00046
117.97794,0.48529,0.05602,0.00019,0.94336,0.00043
118.08088,0.48530,0.05893,0.00020,0.94044,0.00043
118.18382,0.48530,0.05525,0.00020,0.94414,0.00041
118.28677,0.48529,0.05461,0.00019,0.94482,0.00038
118.38971,0.48529,0.05497,0.00020,0.94444,0.00039
118.49265,0.48530,0.05974,0.00023,0.93956,0.00047
118.59559,0.48529,0.06096,0.00026,0.93828,0.00050
118.69853,0.48529,0.05776,0.00022,0.94157,0.00044
118.80147,0.48530,0.05487,0.00019,0.94447,0.00046
118.90441,0.48530,0.05637,0.00020,0.94301,0.00041
119.00735,0.48529,0.05595,0.00022,0.94343,0.00041
119.11029,0.48530,0.05453,0.00019,0.94492,0.00036
119.21323,0.48530,0.05378,0.00021,0.94564,0.00037
119.31618,0.48529,0.05896,0.00023,0.94039,0.00042
119.41912,0.48529,0.06066,0.00026,0.93861,0.00048
119.52206,0.48530,0.05880,0.00025,0.94047,0.00048
119.62500,0.48529,0.05668,0.00022,0.94261,0.00049
119.72794,0.48529,0.05463,0.00020,0.94475,0.00043
119.83088,0.48530,0.05611,0.00020,0.94328,0.00042
119.93382,0.48530,0.05562,0.00021,0.94382,0.00034
120.03677,0.48529,0.05506,0.00020,0.94438,0.00036
120.13971,0.48529,0.05456,0.00019,0.94488,0.00037
120.24265,0.48530,0.05865,0.00025,0.94063,0.00047
120.34559,0.48529,0.05908,0.00024,0.94023,0.00045
120.44853,0.48529,0.05843,0.00024,0.94084,0.00049
120.55147,0.48530,0.05599,0.00020,0.94337,0.00044
120.65441,0.48530,0.05504,0.00021,0.94432,0.00042
120.75735,0.48529,0.05316,0.00019,0.94630,0.00035
120.86029,0.48530,0.04940,0.00017,0.95010,0.00033
120.96323,0.48530,0.05944,0.00024,0.93987,0.00044
