Time(Seconds),Length(Seconds),Label(string),Confidence(double),Comment(string)
0.0434014,2.9856411,Wet,1,
3.215085,0.45337649999999996,Touch,1,
3.9545738,0.666843,Wet,1,
4.8101903,0.4554384,Touch,1,
5.5514873,0.6492944,Wet,1,
6.404535500000001,0.5075377,Touch,1,
7.1191533,0.6024985,Wet,1,
7.981729799999999,0.49096340000000005,Touch,1,
8.7453143,0.5674014,Wet,1,
9.541214,0.5010460999999999,Touch,1,
10.3246604,0.5323044,Wet,1,
11.0660629,0.4344344,Touch,1,
11.8162828,0.573251,Wet,1,
12.6314796,0.45573549999999996,Touch,1,
13.3664004,0.7194885,Wet,1,
14.288102799999999,0.4361295,Touch,1,
14.9223674,0.6375954,Wet,1,
15.805657700000001,0.3797052999999999,Touch,1,
16.5119573,0.549853,Wet,1,
17.3287781,0.49633669999999996,Touch,1,
18.1673658,0.5206055,Wet,1,
18.9203886,0.4395282,Touch,1,
19.6765368,0.6083479,Wet,1,
20.441814,0.44979420000000003,Touch,1,
21.2032563,0.5966489,Wet,1,
21.9907438,0.38413490000000006,Touch,1,
22.700791,0.6200469,Wet,1,
23.5676889,0.3520085999999999,Touch,1,
24.139768,0.6141974,Wet,1,
25.0131801,0.3764988,Touch,1,
25.5377985,0.8949734,Wet,1,
26.654434900000002,0.29001889999999997,Touch,1,
27.2088326,0.5849499,Wet,1,
28.0705346,0.32053770000000004,Touch,1,
28.6419601,0.7077895,Wet,1,
29.58857,0.30470600000000003,Touch,1,
30.1452816,0.678542,Wet,1,
30.9875188,0.3398466000000001,Touch,1,
31.6076566,0.6551439,Wet,1,
32.5075288,1.1247260999999997,Touch,1,
33.9182514,0.5966489,Wet,1,
34.7703055,0.2540133999999999,Touch,1,
35.2285394,0.678542,Wet,1,
36.1345855,0.2721953,Touch,1,
36.7061372,0.5264549,Wet,1,
37.538033,0.15462889999999996,Touch,1,
38.0515222,0.4504115,Wet,1,
38.7588324,0.29734939999999993,Touch,1,
39.4027567,0.386067,Wet,1,
40.0760981,0.3083755999999999,Touch,1,
40.7253844,0.4621104,Wet,1,
41.8192408,0.70194,Wet,1,
43.2816159,0.5615519,Wet,1,
44.074272300000004,0.30003340000000006,Touch,1,
44.6223429,0.5323045,Wet,1,
45.368888,0.2846561,Touch,1,
45.9326309,0.4094649,Wet,1,
46.6044739,0.32136289999999995,Touch,1,
47.1844239,0.5498529,Wet,1,
47.8859068,0.4299982,Touch,1,
48.6012964,0.5907994,Wet,1,
49.338019200000005,0.4821671,Touch,1,
50.0636713,0.4738095,Wet,1,
50.7807897,0.47298980000000007,Touch,1,
51.5201969,0.5966489,Wet,1,
52.319298,0.500604,Touch,1,
53.0995619,0.4270135,Wet,1,
53.7741395,0.554425,Touch,1,
54.6057764,0.4445619,Wet,1,
55.2474167,0.5321030999999999,Touch,1,
55.9560123,0.547508,Wet,1,
56.730533199999996,0.5655858,Touch,1,
57.4932463,0.4316889,Wet,1,
58.1820671,0.5139966000000001,Touch,1,
58.9409838,0.410631,Wet,1,
59.6262427,0.5034142000000001,Touch,1,
60.3629653,0.2211089,Wet,1,
61.0178747,0.5018433,Touch,1,
61.7475288,0.368515,Wet,1,
62.5014039,0.4925015,Touch,1,
63.2067338,0.2263735,Wet,1,
63.8570342,0.5889834999999999,Touch,1,
64.6334133,0.2053154,Wet,1,
65.2924464,0.6286674999999999,Touch,1,
66.1285313,0.2316379,Wet,1,
66.7171104,0.6377625,Touch,1,
67.51327119999999,0.3211344,Wet,1,
68.15698719999999,0.6768681,Touch,1,
69.0610342,0.2684895,Wet,1,
69.6002539,0.6986936000000001,Touch,1,
70.5140362,0.3000764,Wet,1,
71.0888262,0.7115090000000001,Touch,1,
72.0096487,0.284283,Wet,1,
72.5378565,0.7148154,Touch,1,
73.4679151,0.3632505,Wet,1,
73.9573129,0.6372651999999999,Touch,1,
74.7787757,0.4369535,Wet,1,
75.43025970000001,0.5105243999999999,Touch,1,
76.1209256,0.7159719,Wet,1,
77.0461523,0.2615887999999999,Touch,1,
77.4844311,0.768617,Wet,1,
78.50430030000001,0.28920170000000006,Touch,1,
78.9479621,0.684385,Wet,1,
79.8257859,0.34955429999999993,Touch,1,
80.3956996,0.6054175,Wet,1,
81.8534706,0.505392,Wet,1,
82.67304800000001,0.3435188,Touch,1,
83.2064471,0.6212109,Wet,1,
84.0738613,0.4070968,Touch,1,
84.7015651,0.536979,Wet,1,
85.44139679999999,0.3592278,Touch,1,
86.0124256,0.5422434,Wet,1,
86.8302629,0.35823550000000004,Touch,1,
87.4064706,0.5948884,Wet,1,
88.21251500000001,0.36675069999999993,Touch,1,
88.8041335,0.5211854,Wet,1,
89.5013433,0.2992879,Touch,1,
90.041291,0.8159974,Wet,1,
90.9742901,0.3178070999999999,Touch,1,
91.557467,0.6317399,Wet,1,
92.3412449,0.3048273000000001,Touch,1,
92.8788565,0.589624,Wet,1,
93.6359441,0.33756569999999997,Touch,1,
94.1850969,0.5211855,Wet,1,
94.8964974,0.3839470999999999,Touch,1,
95.4748994,0.5738304,Wet,1,
96.2403047,0.4025499,Touch,1,
96.9121079,0.5633015,Wet,1,
97.5697272,0.3708849000000001,Touch,1,
98.1124139,0.6370044,Wet,1,
98.85004020000001,0.3556721,Touch,1,
99.3917979,0.5475079,Wet,1,
100.1816943,0.3085474999999999,Touch,1,
100.7131874,0.673856,Wet,1,
101.5507059,0.3243389,Touch,1,
102.0398414,0.5790949,Wet,1,
102.7944767,0.3727039000000001,Touch,1,
103.3881679,0.6264754,Wet,1,
104.252955,0.3555076,Touch,1,
104.8780214,0.5106565,Wet,1,
105.5899838,0.3650153,Touch,1,
106.1888819,0.5580369,Wet,1,
106.9719878,0.40899800000000003,Touch,1,
107.6637784,0.4738049,Wet,1,
108.3329093,0.43884389999999995,Touch,1,
109.0114904,0.6159465,Wet,1,
109.7795647,0.34690999999999994,Touch,1,
110.3539379,0.5580369,Wet,1,
111.1599978,0.36600759999999993,Touch,1,
111.7072109,0.5106564,Wet,1,
112.4399515,0.3477366,Touch,1,
113.0022779,0.6370045,Wet,1,
113.82253400000002,0.36104680000000006,Touch,1,
114.4658089,0.4685404,Wet,1,
115.17568329999999,0.4428971000000001,Touch,1,
115.8123774,0.4948629,Wet,1,
116.5511568,0.3990776,Touch,1,
117.1495604,0.5211855,Wet,1,
117.94299889999999,0.4006486,Touch,1,
118.5078014,0.5738304,Wet,1,
119.26927950000001,0.40544349999999996,Touch,1,
119.8449844,0.4948629,Wet,1,
120.6166208,0.4185069,Touch,1,
121.2116389,0.5264499,Wet,1,
122.0407063,0.4176803999999999,Touch,1,
122.6277894,0.5527725,Wet,1,
123.38095919999999,0.38675970000000004,Touch,1,
123.9017984,0.336928,Wet,1,
