Time (seconds), Duration (seconds),pred_unlabelled,pred_Dry,pred_Wet,pred_Touch
0.00735,0.48529,0.05676,0.00020,0.94269,0.00036
0.11029,0.48529,0.05373,0.00020,0.94567,0.00041
0.21324,0.48529,0.05502,0.00020,0.94437,0.00041
0.31618,0.48529,0.06353,0.00027,0.93569,0.00052
0.41912,0.48529,0.05948,0.00025,0.93972,0.00055
0.52206,0.48529,0.05835,0.00022,0.94098,0.00046
0.62500,0.48529,0.05667,0.00022,0.94263,0.00048
0.72794,0.48529,0.05600,0.00019,0.94344,0.00038
0.83088,0.48529,0.05591,0.00022,0.94348,0.00039
0.93382,0.48529,0.05153,0.00019,0.94791,0.00036
1.03676,0.48529,0.05633,0.00021,0.94311,0.00036
1.13971,0.48529,0.05927,0.00026,0.94002,0.00045
1.24265,0.48529,0.06158,0.00026,0.93771,0.00046
1.34559,0.48529,0.05720,0.00025,0.94208,0.00047
1.44853,0.48529,0.05587,0.00020,0.94351,0.00043
1.55147,0.48529,0.05862,0.00023,0.94066,0.00049
1.65441,0.48529,0.05562,0.00020,0.94378,0.00040
1.75735,0.48529,0.05267,0.00019,0.94678,0.00036
1.86029,0.48529,0.05515,0.00018,0.94432,0.00035
1.96324,0.48529,0.05551,0.00020,0.94391,0.00038
2.06618,0.48529,0.05725,0.00025,0.94204,0.00046
2.16912,0.48529,0.05912,0.00024,0.94015,0.00049
2.27206,0.48529,0.05667,0.00020,0.94269,0.00044
2.37500,0.48529,0.05528,0.00019,0.94410,0.00042
2.47794,0.48529,0.05413,0.00021,0.94525,0.00041
2.58088,0.48529,0.05648,0.00021,0.94292,0.00040
2.68382,0.48529,0.05395,0.00021,0.94546,0.00038
2.78676,0.48529,0.05603,0.00020,0.94340,0.00037
2.88971,0.48529,0.05731,0.00023,0.94201,0.00045
2.99265,0.48529,0.05984,0.00025,0.93944,0.00047
3.09559,0.48529,0.06408,0.00027,0.93510,0.00055
3.19853,0.48529,0.05473,0.00019,0.94467,0.00042
3.30147,0.48529,0.05449,0.00020,0.94489,0.00041
3.40441,0.48529,0.05954,0.00024,0.93975,0.00047
3.50735,0.48529,0.05445,0.00020,0.94495,0.00039
3.61029,0.48529,0.05813,0.00020,0.94130,0.00037
3.71324,0.48529,0.05817,0.00024,0.94116,0.00044
3.81618,0.48529,0.05752,0.00025,0.94177,0.00047
3.91912,0.48529,0.05943,0.00022,0.93986,0.00049
4.02206,0.48529,0.05522,0.00020,0.94414,0.00044
4.12500,0.48529,0.05730,0.00021,0.94203,0.00045
4.22794,0.48529,0.05357,0.00019,0.94586,0.00038
4.33088,0.48529,0.05268,0.00018,0.94678,0.00035
4.43382,0.48529,0.05527,0.00021,0.94415,0.00037
4.53676,0.48529,0.05449,0.00021,0.94492,0.00038
4.63971,0.48529,0.05678,0.00023,0.94256,0.00043
4.74265,0.48529,0.05933,0.00027,0.93989,0.00052
4.84559,0.48529,0.05903,0.00026,0.94017,0.00054
4.94853,0.48529,0.05361,0.00019,0.94577,0.00044
5.05147,0.48529,0.05659,0.00019,0.94281,0.00042
5.15441,0.48529,0.05347,0.00020,0.94595,0.00038
5.25735,0.48529,0.05604,0.00020,0.94338,0.00038
5.36029,0.48529,0.05522,0.00021,0.94414,0.00042
5.46324,0.48529,0.05168,0.00018,0.94780,0.00034
5.56618,0.48529,0.06117,0.00027,0.93808,0.00048
5.66912,0.48529,0.06025,0.00024,0.93904,0.00046
5.77206,0.48529,0.05577,0.00023,0.94354,0.00046
5.87500,0.48529,0.05909,0.00022,0.94023,0.00046
5.97794,0.48529,0.05831,0.00023,0.94100,0.00046
6.08088,0.48529,0.05511,0.00020,0.94430,0.00039
6.18382,0.48529,0.05396,0.00020,0.94544,0.00040
6.28676,0.48529,0.05378,0.00019,0.94569,0.00035
6.38971,0.48529,0.05835,0.00025,0.94097,0.00043
6.49265,0.48529,0.06080,0.00025,0.93846,0.00049
6.59559,0.48529,0.06028,0.00024,0.93900,0.00049
6.69853,0.48529,0.05546,0.00022,0.94386,0.00047
6.80147,0.48529,0.05174,0.00016,0.94777,0.00033
6.90441,0.48529,0.05594,0.00021,0.94345,0.00039
7.00735,0.48529,0.05491,0.00019,0.94454,0.00037
7.11029,0.48529,0.05689,0.00021,0.94253,0.00036
7.21324,0.48529,0.05584,0.00023,0.94352,0.00040
7.31618,0.48529,0.05725,0.00024,0.94207,0.00044
7.41912,0.48529,0.05805,0.00025,0.94123,0.00048
7.52206,0.48529,0.05867,0.00023,0.94063,0.00047
7.62500,0.48529,0.05605,0.00020,0.94332,0.00044
7.72794,0.48529,0.05402,0.00019,0.94542,0.00038
7.83088,0.48529,0.05534,0.00020,0.94408,0.00037
7.93382,0.48529,0.05174,0.00019,0.94771,0.00036
8.03677,0.48529,0.05564,0.00019,0.94382,0.00036
8.13971,0.48529,0.05407,0.00020,0.94531,0.00042
8.24265,0.48529,0.06107,0.00029,0.93810,0.00054
8.34559,0.48529,0.06135,0.00027,0.93782,0.00056
8.44853,0.48529,0.05557,0.00020,0.94378,0.00045
8.55147,0.48529,0.05847,0.00023,0.94082,0.00048
8.65441,0.48529,0.05907,0.00022,0.94026,0.00045
8.75735,0.48529,0.05263,0.00017,0.94687,0.00033
8.86029,0.48529,0.05705,0.00021,0.94233,0.00040
8.96323,0.48529,0.05827,0.00024,0.94104,0.00045
9.06618,0.48529,0.05509,0.00019,0.94432,0.00039
9.16912,0.48529,0.06124,0.00026,0.93801,0.00048
9.27206,0.48529,0.05894,0.00025,0.94033,0.00048
9.37500,0.48529,0.05778,0.00022,0.94149,0.00051
9.47794,0.48529,0.05436,0.00019,0.94505,0.00041
9.58088,0.48529,0.05652,0.00021,0.94284,0.00043
9.68382,0.48529,0.05453,0.00017,0.94498,0.00032
9.78677,0.48529,0.05575,0.00023,0.94358,0.00044
9.88971,0.48529,0.05760,0.00021,0.94176,0.00042
9.99265,0.48529,0.05705,0.00022,0.94231,0.00042
10.09559,0.48529,0.06221,0.00027,0.93704,0.00048
10.19853,0.48529,0.05710,0.00022,0.94223,0.00045
10.30147,0.48529,0.05655,0.00021,0.94275,0.00049
10.40441,0.48529,0.05667,0.00022,0.94265,0.00046
10.50735,0.48529,0.05443,0.00020,0.94501,0.00036
10.61029,0.48529,0.05503,0.00019,0.94439,0.00038
10.71323,0.48529,0.05591,0.00021,0.94348,0.00040
10.81618,0.48529,0.05481,0.00021,0.94458,0.00040
10.91912,0.48529,0.05694,0.00025,0.94235,0.00046
11.02206,0.48529,0.05650,0.00021,0.94283,0.00046
11.12500,0.48529,0.05800,0.00022,0.94132,0.00046
11.22794,0.48529,0.05512,0.00020,0.94427,0.00041
11.33088,0.48529,0.05645,0.00020,0.94294,0.00040
11.43382,0.48529,0.05472,0.00019,0.94473,0.00036
11.53677,0.48529,0.05514,0.00021,0.94428,0.00037
11.63971,0.48529,0.05594,0.00020,0.94348,0.00037
11.74265,0.48529,0.05603,0.00024,0.94329,0.00044
11.84559,0.48529,0.05861,0.00022,0.94073,0.00044
11.94853,0.48529,0.05797,0.00023,0.94132,0.00048
12.05147,0.48529,0.05585,0.00020,0.94354,0.00041
12.15441,0.48529,0.05567,0.00019,0.94375,0.00039
12.25735,0.48529,0.05514,0.00019,0.94432,0.00035
12.36029,0.48529,0.05377,0.00020,0.94564,0.00038
12.46323,0.48529,0.05605,0.00022,0.94335,0.00038
12.56618,0.48529,0.05380,0.00019,0.94560,0.00040
12.66912,0.48529,0.05822,0.00022,0.94113,0.00042
12.77206,0.48529,0.06266,0.00028,0.93649,0.00056
12.87500,0.48529,0.06029,0.00022,0.93902,0.00048
12.97794,0.48529,0.05433,0.00020,0.94504,0.00043
13.08088,0.48529,0.05729,0.00020,0.94211,0.00040
13.18382,0.48529,0.05543,0.00021,0.94397,0.00040
13.28677,0.48529,0.05640,0.00019,0.94305,0.00035
13.38971,0.48529,0.05678,0.00025,0.94253,0.00044
13.49265,0.48529,0.05725,0.00023,0.94207,0.00045
13.59559,0.48529,0.06006,0.00023,0.93922,0.00049
13.69853,0.48529,0.05743,0.00020,0.94193,0.00044
13.80147,0.48529,0.05947,0.00021,0.93980,0.00052
13.90441,0.48529,0.05677,0.00021,0.94257,0.00045
14.00735,0.48529,0.05343,0.00018,0.94603,0.00037
14.11029,0.48529,0.05368,0.00018,0.94580,0.00034
14.21323,0.48529,0.05456,0.00020,0.94485,0.00038
14.31618,0.48529,0.05847,0.00023,0.94088,0.00041
14.41912,0.48529,0.05942,0.00025,0.93986,0.00048
14.52206,0.48529,0.05484,0.00021,0.94449,0.00046
14.62500,0.48529,0.06273,0.00026,0.93642,0.00059
14.72794,0.48529,0.05831,0.00022,0.94103,0.00044
14.83088,0.48529,0.05385,0.00016,0.94565,0.00034
14.93382,0.48529,0.05933,0.00025,0.93996,0.00046
15.03677,0.48529,0.05616,0.00017,0.94330,0.00037
15.13971,0.48529,0.05340,0.00019,0.94603,0.00038
15.24265,0.48529,0.05985,0.00026,0.93942,0.00047
15.34559,0.48529,0.05313,0.00017,0.94628,0.00042
15.44853,0.48529,0.05917,0.00021,0.94012,0.00050
15.55147,0.48529,0.06127,0.00024,0.93796,0.00053
15.65441,0.48529,0.05574,0.00018,0.94369,0.00039
15.75735,0.48529,0.05306,0.00019,0.94640,0.00036
15.86029,0.48529,0.05489,0.00020,0.94452,0.00039
15.96323,0.48530,0.05462,0.00020,0.94480,0.00038
16.06618,0.48529,0.06038,0.00024,0.93894,0.00043
16.16912,0.48529,0.05998,0.00025,0.93930,0.00047
16.27206,0.48529,0.05701,0.00022,0.94230,0.00047
16.37500,0.48529,0.05917,0.00019,0.94014,0.00050
16.47794,0.48529,0.05726,0.00021,0.94208,0.00046
16.58088,0.48529,0.05723,0.00021,0.94212,0.00044
16.68382,0.48529,0.05752,0.00020,0.94188,0.00040
16.78676,0.48529,0.05527,0.00020,0.94414,0.00039
16.88971,0.48529,0.05762,0.00023,0.94174,0.00041
16.99265,0.48529,0.05870,0.00024,0.94060,0.00047
17.09559,0.48529,0.05582,0.00020,0.94358,0.00039
17.19853,0.48529,0.05867,0.00022,0.94063,0.00048
17.30147,0.48529,0.05720,0.00021,0.94215,0.00044
17.40441,0.48529,0.05835,0.00021,0.94098,0.00045
17.50735,0.48529,0.05806,0.00021,0.94131,0.00042
17.61029,0.48529,0.05405,0.00020,0.94539,0.00036
17.71324,0.48529,0.05327,0.00017,0.94623,0.00033
17.81618,0.48529,0.05688,0.00023,0.94246,0.00044
17.91912,0.48529,0.06160,0.00025,0.93768,0.00046
18.02206,0.48529,0.05779,0.00023,0.94151,0.00047
18.12500,0.48529,0.05568,0.00019,0.94370,0.00043
18.22794,0.48529,0.05655,0.00020,0.94280,0.00045
18.33088,0.48529,0.05604,0.00021,0.94334,0.00041
18.43382,0.48529,0.05674,0.00020,0.94268,0.00038
18.53676,0.48529,0.05658,0.00020,0.94284,0.00038
18.63971,0.48529,0.05492,0.00021,0.94449,0.00038
18.74265,0.48529,0.05859,0.00023,0.94076,0.00042
18.84559,0.48529,0.05869,0.00022,0.94063,0.00046
18.94853,0.48529,0.05641,0.00021,0.94294,0.00044
19.05147,0.48529,0.05831,0.00023,0.94095,0.00051
19.15441,0.48529,0.05797,0.00021,0.94140,0.00042
19.25735,0.48529,0.05582,0.00019,0.94359,0.00040
19.36029,0.48529,0.05293,0.00016,0.94659,0.00032
19.46324,0.48529,0.05419,0.00018,0.94528,0.00035
19.56618,0.48529,0.05981,0.00024,0.93954,0.00042
19.66912,0.48529,0.05888,0.00025,0.94038,0.00049
19.77206,0.48529,0.05771,0.00022,0.94163,0.00044
19.87500,0.48529,0.05987,0.00025,0.93937,0.00051
19.97794,0.48529,0.05844,0.00022,0.94086,0.00048
20.08088,0.48529,0.05408,0.00020,0.94532,0.00041
20.18382,0.48529,0.05426,0.00019,0.94521,0.00034
20.28676,0.48529,0.05185,0.00019,0.94758,0.00037
20.38971,0.48529,0.05670,0.00018,0.94275,0.00038
20.49265,0.48529,0.05643,0.00023,0.94290,0.00044
20.59559,0.48529,0.06190,0.00028,0.93731,0.00052
20.69853,0.48529,0.05530,0.00021,0.94405,0.00044
20.80147,0.48529,0.05693,0.00022,0.94240,0.00045
20.90441,0.48529,0.05907,0.00023,0.94023,0.00046
21.00735,0.48529,0.05658,0.00021,0.94278,0.00044
21.11029,0.48529,0.05580,0.00019,0.94365,0.00036
21.21324,0.48529,0.05354,0.00019,0.94590,0.00037
21.31618,0.48529,0.06333,0.00025,0.93598,0.00044
21.41912,0.48529,0.05473,0.00020,0.94465,0.00042
21.52206,0.48529,0.05579,0.00021,0.94357,0.00042
21.62500,0.48529,0.06025,0.00021,0.93908,0.00047
21.72794,0.48529,0.05915,0.00022,0.94015,0.00048
21.83088,0.48529,0.05809,0.00021,0.94125,0.00045
21.93382,0.48529,0.05556,0.00020,0.94386,0.00038
22.03676,0.48529,0.05656,0.00022,0.94282,0.00041
22.13971,0.48529,0.05430,0.00018,0.94516,0.00036
22.24265,0.48529,0.05190,0.00019,0.94752,0.00038
22.34559,0.48529,0.05858,0.00025,0.94069,0.00048
22.44853,0.48529,0.05979,0.00025,0.93942,0.00054
22.55147,0.48529,0.05841,0.00021,0.94094,0.00045
22.65441,0.48529,0.05710,0.00021,0.94223,0.00046
22.75735,0.48529,0.05538,0.00018,0.94405,0.00039
22.86029,0.48529,0.05551,0.00022,0.94386,0.00041
22.96324,0.48529,0.05670,0.00022,0.94267,0.00041
23.06618,0.48529,0.05330,0.00020,0.94613,0.00037
23.16912,0.48529,0.05839,0.00025,0.94089,0.00047
23.27206,0.48529,0.05817,0.00022,0.94115,0.00046
23.37500,0.48529,0.05760,0.00022,0.94170,0.00048
23.47794,0.48529,0.05682,0.00022,0.94247,0.00050
23.58088,0.48529,0.05680,0.00019,0.94261,0.00041
23.68382,0.48529,0.05601,0.00019,0.94343,0.00037
23.78676,0.48529,0.05622,0.00020,0.94320,0.00038
23.88971,0.48529,0.05202,0.00018,0.94745,0.00035
23.99265,0.48529,0.05864,0.00024,0.94069,0.00044
24.09559,0.48529,0.05897,0.00024,0.94032,0.00047
24.19853,0.48529,0.05869,0.00024,0.94061,0.00046
24.30147,0.48529,0.06000,0.00025,0.93921,0.00054
24.40441,0.48529,0.05692,0.00020,0.94242,0.00046
24.50735,0.48529,0.05507,0.00018,0.94436,0.00038
24.61029,0.48529,0.05845,0.00021,0.94096,0.00038
24.71324,0.48529,0.05643,0.00020,0.94298,0.00039
24.81618,0.48529,0.05502,0.00019,0.94441,0.00038
24.91912,0.48529,0.05931,0.00026,0.93993,0.00050
25.02206,0.48529,0.05957,0.00022,0.93976,0.00045
25.12500,0.48529,0.05864,0.00023,0.94063,0.00050
25.22794,0.48529,0.05814,0.00022,0.94117,0.00048
25.33088,0.48529,0.05545,0.00019,0.94394,0.00042
25.43382,0.48529,0.05201,0.00017,0.94749,0.00033
25.53676,0.48529,0.05581,0.00021,0.94358,0.00040
25.63971,0.48529,0.05432,0.00018,0.94517,0.00033
25.74265,0.48529,0.05619,0.00020,0.94322,0.00039
25.84559,0.48529,0.05658,0.00023,0.94277,0.00043
25.94853,0.48529,0.05910,0.00025,0.94018,0.00048
26.05147,0.48529,0.05584,0.00020,0.94351,0.00045
26.15441,0.48529,0.06040,0.00024,0.93887,0.00049
26.25735,0.48529,0.05832,0.00021,0.94102,0.00045
26.36029,0.48529,0.05698,0.00022,0.94239,0.00040
26.46324,0.48529,0.05498,0.00019,0.94447,0.00036
26.56618,0.48529,0.05568,0.00020,0.94375,0.00037
26.66912,0.48529,0.05291,0.00019,0.94653,0.00036
26.77206,0.48529,0.06023,0.00025,0.93906,0.00047
26.87500,0.48529,0.05949,0.00022,0.93984,0.00046
26.97794,0.48529,0.05430,0.00019,0.94509,0.00042
27.08088,0.48529,0.05936,0.00022,0.93994,0.00048
27.18382,0.48529,0.05594,0.00019,0.94351,0.00037
27.28676,0.48529,0.05456,0.00019,0.94491,0.00033
27.38971,0.48529,0.05298,0.00019,0.94647,0.00036
27.49265,0.48529,0.05489,0.00022,0.94449,0.00040
27.59559,0.48529,0.05855,0.00025,0.94073,0.00047
27.69853,0.48529,0.05940,0.00023,0.93990,0.00047
27.80147,0.48529,0.05636,0.00021,0.94301,0.00042
27.90441,0.48529,0.05591,0.00022,0.94339,0.00049
28.00735,0.48529,0.05528,0.00019,0.94414,0.00040
28.11029,0.48529,0.05642,0.00021,0.94295,0.00042
28.21324,0.48529,0.05457,0.00019,0.94490,0.00034
28.31618,0.48529,0.05232,0.00019,0.94710,0.00039
28.41912,0.48529,0.05899,0.00022,0.94040,0.00039
28.52206,0.48529,0.05944,0.00025,0.93986,0.00045
28.62500,0.48529,0.05477,0.00021,0.94459,0.00043
28.72794,0.48529,0.05865,0.00022,0.94063,0.00050
28.83088,0.48529,0.05527,0.00020,0.94412,0.00041
28.93382,0.48529,0.05786,0.00020,0.94149,0.00045
29.03676,0.48529,0.05522,0.00020,0.94420,0.00038
29.13971,0.48529,0.05135,0.00017,0.94814,0.00034
29.24265,0.48529,0.05985,0.00025,0.93946,0.00043
29.34559,0.48529,0.05824,0.00024,0.94107,0.00045
29.44853,0.48529,0.05997,0.00025,0.93929,0.00048
29.55147,0.48529,0.06073,0.00027,0.93845,0.00056
29.65441,0.48529,0.05829,0.00021,0.94104,0.00046
29.75735,0.48529,0.05466,0.00020,0.94471,0.00043
29.86029,0.48529,0.05522,0.00020,0.94421,0.00036
29.96324,0.48529,0.05236,0.00017,0.94714,0.00032
30.06618,0.48529,0.05735,0.00021,0.94203,0.00041
30.16912,0.48529,0.05622,0.00022,0.94315,0.00041
30.27206,0.48529,0.06107,0.00027,0.93813,0.00052
30.37500,0.48529,0.06039,0.00023,0.93889,0.00050
30.47794,0.48529,0.05823,0.00022,0.94108,0.00047
30.58088,0.48529,0.05936,0.00023,0.93994,0.00047
30.68382,0.48529,0.05638,0.00021,0.94298,0.00043
30.78676,0.48529,0.05441,0.00018,0.94505,0.00035
30.88971,0.48529,0.05770,0.00020,0.94170,0.00039
30.99265,0.48529,0.05451,0.00020,0.94492,0.00037
31.09559,0.48529,0.05320,0.00019,0.94621,0.00040
31.19853,0.48529,0.05870,0.00023,0.94061,0.00046
31.30147,0.48529,0.06187,0.00023,0.93742,0.00048
31.40441,0.48529,0.05767,0.00021,0.94170,0.00042
31.50735,0.48529,0.05345,0.00017,0.94598,0.00040
31.61029,0.48529,0.05798,0.00020,0.94141,0.00041
31.71324,0.48529,0.05817,0.00023,0.94121,0.00039
31.81618,0.48529,0.05391,0.00018,0.94557,0.00034
31.91912,0.48529,0.05427,0.00022,0.94506,0.00044
32.02206,0.48529,0.05736,0.00023,0.94195,0.00045
32.12500,0.48529,0.05825,0.00022,0.94105,0.00048
32.22794,0.48529,0.05650,0.00019,0.94286,0.00045
32.33088,0.48529,0.06009,0.00022,0.93919,0.00049
32.43382,0.48529,0.05763,0.00020,0.94172,0.00045
32.53677,0.48529,0.05455,0.00020,0.94486,0.00039
32.63971,0.48529,0.05353,0.00020,0.94590,0.00037
32.74265,0.48529,0.05036,0.00017,0.94913,0.00033
32.84559,0.48529,0.05852,0.00023,0.94084,0.00042
32.94853,0.48529,0.05725,0.00023,0.94208,0.00043
33.05147,0.48529,0.05689,0.00021,0.94245,0.00044
33.15441,0.48529,0.05837,0.00022,0.94091,0.00050
33.25735,0.48529,0.05747,0.00021,0.94188,0.00044
33.36029,0.48529,0.05490,0.00020,0.94449,0.00041
33.46323,0.48529,0.05573,0.00020,0.94370,0.00037
33.56618,0.48529,0.05339,0.00019,0.94608,0.00034
33.66912,0.48529,0.05937,0.00023,0.93999,0.00041
33.77206,0.48529,0.05628,0.00021,0.94308,0.00042
33.87500,0.48529,0.05367,0.00020,0.94572,0.00041
33.97794,0.48529,0.05856,0.00025,0.94067,0.00053
34.08088,0.48529,0.05646,0.00021,0.94291,0.00043
34.18382,0.48529,0.05809,0.00021,0.94125,0.00045
34.28677,0.48529,0.05445,0.00018,0.94504,0.00033
34.38971,0.48529,0.05302,0.00018,0.94643,0.00037
34.49265,0.48529,0.05935,0.00022,0.94002,0.00041
34.59559,0.48529,0.05620,0.00023,0.94314,0.00043
34.69853,0.48529,0.05963,0.00024,0.93968,0.00046
34.80147,0.48529,0.06031,0.00025,0.93892,0.00052
34.90441,0.48529,0.05892,0.00021,0.94040,0.00047
35.00735,0.48529,0.05539,0.00019,0.94401,0.00040
35.11029,0.48529,0.05721,0.00022,0.94214,0.00043
35.21323,0.48529,0.05425,0.00018,0.94520,0.00037
35.31618,0.48529,0.05553,0.00020,0.94392,0.00034
35.41912,0.48529,0.05945,0.00025,0.93982,0.00048
35.52206,0.48529,0.05847,0.00023,0.94084,0.00046
35.62500,0.48529,0.06130,0.00026,0.93796,0.00048
35.72794,0.48529,0.05894,0.00023,0.94035,0.00048
35.83088,0.48529,0.05277,0.00016,0.94672,0.00035
35.93382,0.48529,0.05431,0.00019,0.94510,0.00040
36.03677,0.48529,0.05319,0.00016,0.94630,0.00035
36.13971,0.48529,0.05545,0.00020,0.94398,0.00037
36.24265,0.48529,0.05728,0.00024,0.94209,0.00040
36.34559,0.48529,0.05503,0.00021,0.94437,0.00039
36.44853,0.48529,0.05869,0.00024,0.94062,0.00045
36.55147,0.48529,0.06000,0.00024,0.93927,0.00050
36.65441,0.48529,0.05601,0.00020,0.94335,0.00043
36.75735,0.48529,0.05634,0.00020,0.94300,0.00046
36.86029,0.48529,0.05881,0.00023,0.94055,0.00042
36.96323,0.48529,0.05447,0.00019,0.94494,0.00039
37.06618,0.48529,0.05512,0.00019,0.94433,0.00036
37.16912,0.48529,0.05186,0.00021,0.94753,0.00040
37.27206,0.48529,0.06119,0.00025,0.93811,0.00045
37.37500,0.48529,0.05974,0.00025,0.93951,0.00050
37.47794,0.48529,0.05407,0.00019,0.94536,0.00038
37.58088,0.48529,0.06183,0.00024,0.93741,0.00052
37.68382,0.48529,0.05847,0.00021,0.94088,0.00045
37.78677,0.48529,0.05372,0.00019,0.94571,0.00038
37.88971,0.48529,0.05363,0.00018,0.94583,0.00036
37.99265,0.48529,0.05323,0.00020,0.94616,0.00041
38.09559,0.48529,0.05606,0.00020,0.94336,0.00038
38.19853,0.48529,0.05656,0.00023,0.94277,0.00043
38.30147,0.48529,0.05641,0.00023,0.94293,0.00043
38.40441,0.48529,0.05853,0.00020,0.94080,0.00047
38.50735,0.48529,0.05323,0.00018,0.94623,0.00037
38.61029,0.48529,0.05605,0.00019,0.94333,0.00043
38.71323,0.48529,0.05390,0.00018,0.94558,0.00033
38.81618,0.48529,0.05385,0.00018,0.94562,0.00035
38.91912,0.48529,0.05715,0.00021,0.94224,0.00041
39.02206,0.48529,0.05543,0.00021,0.94395,0.00041
39.12500,0.48529,0.05636,0.00025,0.94291,0.00048
39.22794,0.48529,0.05986,0.00022,0.93943,0.00049
39.33088,0.48529,0.05597,0.00020,0.94339,0.00043
39.43382,0.48529,0.05712,0.00022,0.94221,0.00045
39.53677,0.48529,0.05450,0.00018,0.94499,0.00033
39.63971,0.48529,0.05343,0.00020,0.94601,0.00036
39.74265,0.48529,0.05825,0.00020,0.94117,0.00037
39.84559,0.48529,0.05299,0.00018,0.94645,0.00038
39.94853,0.48529,0.05551,0.00023,0.94383,0.00042
40.05147,0.48529,0.06231,0.00023,0.93698,0.00048
40.15441,0.48529,0.05651,0.00021,0.94283,0.00046
40.25735,0.48529,0.05572,0.00019,0.94366,0.00043
40.36029,0.48529,0.05545,0.00020,0.94396,0.00038
40.46323,0.48529,0.05462,0.00019,0.94483,0.00035
40.56618,0.48529,0.05655,0.00018,0.94293,0.00034
40.66912,0.48529,0.05632,0.00021,0.94305,0.00041
40.77206,0.48529,0.05744,0.00022,0.94192,0.00042
40.87500,0.48529,0.05835,0.00023,0.94093,0.00049
40.97794,0.48529,0.06117,0.00024,0.93809,0.00051
41.08088,0.48529,0.05628,0.00021,0.94305,0.00047
41.18382,0.48529,0.05570,0.00020,0.94366,0.00045
41.28677,0.48529,0.05466,0.00019,0.94478,0.00037
41.38971,0.48529,0.05272,0.00017,0.94677,0.00034
41.49265,0.48529,0.05588,0.00020,0.94356,0.00036
41.59559,0.48529,0.05621,0.00021,0.94321,0.00037
41.69853,0.48529,0.06247,0.00029,0.93673,0.00051
41.80147,0.48529,0.06098,0.00024,0.93830,0.00049
41.90441,0.48529,0.05679,0.00022,0.94249,0.00050
42.00735,0.48529,0.05622,0.00021,0.94310,0.00047
42.11029,0.48529,0.05709,0.00021,0.94226,0.00044
42.21323,0.48529,0.05355,0.00020,0.94585,0.00040
42.31618,0.48529,0.05341,0.00019,0.94607,0.00034
42.41912,0.48529,0.05528,0.00021,0.94408,0.00043
42.52206,0.48529,0.05814,0.00022,0.94122,0.00042
42.62500,0.48529,0.06031,0.00029,0.93884,0.00056
42.72794,0.48529,0.05643,0.00020,0.94295,0.00042
42.83088,0.48529,0.05820,0.00022,0.94112,0.00047
42.93382,0.48529,0.05548,0.00020,0.94390,0.00042
43.03677,0.48529,0.05466,0.00021,0.94470,0.00043
43.13971,0.48529,0.05425,0.00020,0.94515,0.00039
43.24265,0.48529,0.05526,0.00021,0.94411,0.00042
43.34559,0.48529,0.05851,0.00022,0.94083,0.00044
43.44853,0.48529,0.05768,0.00022,0.94167,0.00043
43.55147,0.48529,0.05403,0.00021,0.94536,0.00040
43.65441,0.48529,0.05914,0.00022,0.94016,0.00047
43.75735,0.48529,0.05544,0.00019,0.94395,0.00042
43.86029,0.48529,0.05750,0.00022,0.94181,0.00046
43.96323,0.48529,0.05492,0.00020,0.94451,0.00036
44.06618,0.48529,0.05252,0.00020,0.94692,0.00036
44.16912,0.48529,0.05617,0.00020,0.94324,0.00038
44.27206,0.48529,0.05584,0.00022,0.94351,0.00043
44.37500,0.48529,0.05964,0.00024,0.93967,0.00045
44.47794,0.48529,0.05787,0.00023,0.94138,0.00052
44.58088,0.48529,0.05751,0.00019,0.94188,0.00042
44.68382,0.48529,0.05623,0.00020,0.94315,0.00042
44.78677,0.48529,0.05831,0.00019,0.94112,0.00038
44.88971,0.48529,0.05823,0.00024,0.94111,0.00043
44.99265,0.48529,0.05318,0.00015,0.94637,0.00030
45.09559,0.48529,0.05603,0.00020,0.94336,0.00040
45.19853,0.48529,0.05646,0.00022,0.94289,0.00042
45.30147,0.48529,0.06044,0.00025,0.93879,0.00052
45.40441,0.48529,0.05818,0.00023,0.94111,0.00048
45.50735,0.48529,0.05336,0.00018,0.94607,0.00039
45.61029,0.48529,0.05377,0.00018,0.94567,0.00038
45.71323,0.48529,0.05636,0.00022,0.94303,0.00040
45.81618,0.48529,0.05739,0.00021,0.94203,0.00038
45.91912,0.48529,0.05492,0.00022,0.94443,0.00044
46.02206,0.48529,0.05909,0.00022,0.94025,0.00044
46.12500,0.48529,0.06007,0.00026,0.93916,0.00051
46.22794,0.48529,0.05764,0.00021,0.94170,0.00045
46.33088,0.48529,0.05781,0.00020,0.94153,0.00047
46.43382,0.48529,0.05470,0.00017,0.94473,0.00040
46.53677,0.48529,0.05468,0.00020,0.94472,0.00040
46.63971,0.48529,0.05462,0.00019,0.94484,0.00035
46.74265,0.48529,0.05281,0.00018,0.94664,0.00038
46.84559,0.48529,0.05497,0.00020,0.94445,0.00037
46.94853,0.48529,0.05715,0.00024,0.94216,0.00045
47.05147,0.48529,0.05855,0.00023,0.94075,0.00047
47.15441,0.48529,0.05924,0.00023,0.94003,0.00050
47.25735,0.48529,0.05771,0.00021,0.94160,0.00048
47.36029,0.48529,0.05559,0.00019,0.94379,0.00042
47.46323,0.48529,0.05464,0.00020,0.94477,0.00040
47.56618,0.48529,0.05707,0.00021,0.94231,0.00042
47.66912,0.48529,0.05560,0.00021,0.94380,0.00040
47.77206,0.48529,0.05582,0.00021,0.94356,0.00041
47.87500,0.48529,0.05727,0.00021,0.94207,0.00044
47.97794,0.48529,0.05924,0.00023,0.94004,0.00049
48.08088,0.48529,0.05898,0.00024,0.94027,0.00052
48.18382,0.48529,0.05651,0.00020,0.94282,0.00046
48.28677,0.48529,0.05571,0.00021,0.94366,0.00042
48.38971,0.48529,0.05541,0.00019,0.94404,0.00036
48.49265,0.48529,0.05813,0.00022,0.94120,0.00044
48.59559,0.48529,0.05970,0.00023,0.93968,0.00040
48.69853,0.48529,0.05624,0.00024,0.94302,0.00051
48.80147,0.48529,0.05949,0.00021,0.93987,0.00042
48.90441,0.48529,0.06229,0.00027,0.93690,0.00054
49.00735,0.48529,0.05609,0.00019,0.94331,0.00041
49.11029,0.48529,0.05388,0.00021,0.94550,0.00041
49.21323,0.48529,0.05781,0.00023,0.94153,0.00043
49.31618,0.48529,0.05577,0.00020,0.94366,0.00036
49.41912,0.48529,0.05888,0.00022,0.94051,0.00039
49.52206,0.48529,0.05635,0.00022,0.94300,0.00044
49.62500,0.48529,0.05942,0.00024,0.93986,0.00048
49.72794,0.48529,0.06201,0.00026,0.93718,0.00055
49.83088,0.48529,0.05562,0.00019,0.94374,0.00045
49.93382,0.48529,0.05919,0.00022,0.94007,0.00051
50.03677,0.48529,0.06051,0.00023,0.93879,0.00046
50.13971,0.48529,0.05433,0.00019,0.94512,0.00036
50.24265,0.48529,0.05542,0.00019,0.94405,0.00035
50.34559,0.48529,0.05824,0.00024,0.94105,0.00047
50.44853,0.48529,0.05882,0.00022,0.94052,0.00044
50.55147,0.48529,0.06019,0.00024,0.93908,0.00049
50.65441,0.48529,0.05706,0.00022,0.94224,0.00048
50.75735,0.48529,0.05639,0.00021,0.94297,0.00044
50.86029,0.48529,0.05833,0.00021,0.94106,0.00041
50.96323,0.48529,0.05558,0.00019,0.94386,0.00037
51.06618,0.48529,0.05431,0.00017,0.94521,0.00031
51.16912,0.48529,0.05585,0.00021,0.94355,0.00038
51.27206,0.48529,0.06248,0.00025,0.93680,0.00046
51.37500,0.48529,0.05905,0.00025,0.94021,0.00049
51.47794,0.48529,0.05991,0.00024,0.93938,0.00047
51.58088,0.48529,0.05638,0.00021,0.94295,0.00046
51.68382,0.48529,0.05977,0.00021,0.93953,0.00048
51.78677,0.48529,0.05698,0.00018,0.94243,0.00040
51.88971,0.48529,0.05991,0.00025,0.93939,0.00045
51.99265,0.48529,0.05550,0.00020,0.94390,0.00040
52.09559,0.48529,0.05517,0.00019,0.94425,0.00039
52.19853,0.48529,0.05793,0.00022,0.94144,0.00042
52.30147,0.48529,0.05897,0.00023,0.94034,0.00046
52.40441,0.48529,0.05887,0.00022,0.94042,0.00049
52.50735,0.48529,0.05473,0.00018,0.94469,0.00041
52.61029,0.48529,0.05977,0.00023,0.93953,0.00047
52.71323,0.48529,0.05567,0.00020,0.94370,0.00043
52.81618,0.48529,0.05446,0.00019,0.94497,0.00038
52.91912,0.48529,0.05473,0.00024,0.94461,0.00042
53.02206,0.48529,0.05623,0.00020,0.94315,0.00041
53.12500,0.48529,0.05828,0.00022,0.94108,0.00042
53.22794,0.48529,0.05676,0.00023,0.94256,0.00046
53.33088,0.48529,0.05703,0.00020,0.94233,0.00044
53.43382,0.48529,0.05564,0.00021,0.94371,0.00043
53.53677,0.48529,0.05664,0.00022,0.94271,0.00043
53.63971,0.48529,0.05400,0.00017,0.94548,0.00034
53.74265,0.48529,0.05588,0.00022,0.94348,0.00043
53.84559,0.48529,0.05962,0.00022,0.93977,0.00039
53.94853,0.48529,0.05792,0.00024,0.94139,0.00045
54.05147,0.48529,0.05422,0.00022,0.94512,0.00044
54.15441,0.48529,0.05953,0.00022,0.93983,0.00043
54.25735,0.48529,0.05601,0.00020,0.94336,0.00043
54.36029,0.48529,0.05784,0.00019,0.94153,0.00044
54.46323,0.48529,0.05627,0.00019,0.94316,0.00038
54.56618,0.48529,0.05284,0.00019,0.94657,0.00040
54.66912,0.48529,0.05720,0.00021,0.94219,0.00041
54.77206,0.48529,0.05445,0.00020,0.94493,0.00042
54.87500,0.48529,0.05818,0.00023,0.94114,0.00045
54.97794,0.48529,0.06059,0.00024,0.93870,0.00047
55.08088,0.48529,0.05907,0.00021,0.94025,0.00046
55.18382,0.48529,0.05559,0.00019,0.94379,0.00043
55.28677,0.48529,0.05622,0.00020,0.94317,0.00040
55.38971,0.48529,0.05669,0.00021,0.94269,0.00040
55.49265,0.48529,0.05252,0.00018,0.94696,0.00034
55.59559,0.48529,0.05808,0.00022,0.94130,0.00040
55.69853,0.48529,0.05603,0.00022,0.94330,0.00045
55.80147,0.48529,0.06095,0.00024,0.93834,0.00047
55.90441,0.48529,0.05907,0.00026,0.94014,0.00053
56.00735,0.48529,0.05664,0.00020,0.94270,0.00046
56.11029,0.48529,0.05621,0.00021,0.94314,0.00044
56.21323,0.48529,0.05277,0.00018,0.94670,0.00035
56.31618,0.48529,0.05500,0.00021,0.94437,0.00041
56.41912,0.48529,0.05468,0.00020,0.94476,0.00035
56.52206,0.48529,0.05425,0.00021,0.94514,0.00040
56.62500,0.48529,0.06002,0.00023,0.93928,0.00047
56.72794,0.48529,0.05949,0.00024,0.93980,0.00047
56.83088,0.48529,0.05837,0.00023,0.94093,0.00047
56.93382,0.48529,0.05851,0.00021,0.94080,0.00048
57.03677,0.48529,0.05534,0.00021,0.94402,0.00042
57.13971,0.48529,0.05108,0.00017,0.94837,0.00037
57.24265,0.48529,0.05321,0.00019,0.94624,0.00036
57.34559,0.48529,0.05629,0.00022,0.94307,0.00042
57.44853,0.48529,0.05693,0.00023,0.94242,0.00043
57.55147,0.48529,0.05787,0.00023,0.94142,0.00048
57.65441,0.48529,0.05922,0.00023,0.94007,0.00049
57.75735,0.48529,0.05824,0.00023,0.94100,0.00053
57.86029,0.48529,0.05658,0.00021,0.94275,0.00046
57.96323,0.48529,0.05953,0.00022,0.93982,0.00043
58.06618,0.48529,0.05631,0.00019,0.94312,0.00038
58.16912,0.48529,0.05752,0.00022,0.94182,0.00044
58.27206,0.48529,0.05724,0.00022,0.94212,0.00043
58.37500,0.48529,0.05674,0.00022,0.94259,0.00046
58.47794,0.48529,0.05772,0.00021,0.94164,0.00043
58.58088,0.48529,0.05816,0.00021,0.94117,0.00046
58.68382,0.48529,0.05638,0.00021,0.94296,0.00044
58.78677,0.48529,0.05407,0.00018,0.94536,0.00039
58.88971,0.48529,0.05655,0.00021,0.94287,0.00037
58.99265,0.48529,0.05444,0.00021,0.94493,0.00042
59.09559,0.48529,0.05279,0.00018,0.94666,0.00036
59.19853,0.48529,0.05834,0.00023,0.94096,0.00048
59.30147,0.48529,0.06121,0.00024,0.93806,0.00048
59.40441,0.48529,0.05759,0.00022,0.94168,0.00051
59.50735,0.48529,0.05780,0.00018,0.94156,0.00046
59.61029,0.48529,0.05144,0.00016,0.94804,0.00036
59.71323,0.48529,0.06057,0.00020,0.93883,0.00040
59.81618,0.48529,0.05726,0.00020,0.94216,0.00038
59.91912,0.48529,0.05666,0.00020,0.94278,0.00037
60.02206,0.48529,0.05973,0.00027,0.93952,0.00048
60.12500,0.48529,0.06116,0.00026,0.93808,0.00049
60.22794,0.48529,0.05870,0.00025,0.94057,0.00048
60.33088,0.48529,0.05939,0.00023,0.93989,0.00050
60.43382,0.48529,0.05728,0.00021,0.94204,0.00047
60.53677,0.48529,0.05588,0.00020,0.94350,0.00041
60.63971,0.48529,0.05231,0.00017,0.94722,0.00031
60.74265,0.48529,0.05484,0.00020,0.94457,0.00040
60.84559,0.48529,0.05777,0.00021,0.94162,0.00041
60.94853,0.48529,0.05680,0.00023,0.94250,0.00046
61.05147,0.48529,0.05767,0.00023,0.94161,0.00049
61.15441,0.48529,0.06029,0.00021,0.93902,0.00047
61.25735,0.48529,0.05784,0.00022,0.94146,0.00047
61.36029,0.48529,0.05830,0.00021,0.94106,0.00043
61.46323,0.48529,0.05547,0.00019,0.94396,0.00039
61.56618,0.48529,0.05606,0.00018,0.94341,0.00034
61.66912,0.48529,0.05491,0.00020,0.94452,0.00037
61.77206,0.48529,0.05487,0.00020,0.94453,0.00041
61.87500,0.48529,0.05766,0.00024,0.94163,0.00046
61.97794,0.48529,0.05902,0.00024,0.94024,0.00050
62.08088,0.48529,0.05522,0.00018,0.94422,0.00038
62.18382,0.48529,0.05505,0.00018,0.94436,0.00042
62.28677,0.48529,0.05838,0.00020,0.94104,0.00039
62.38971,0.48529,0.05554,0.00020,0.94388,0.00038
62.49265,0.48529,0.05713,0.00021,0.94229,0.00037
62.59559,0.48529,0.05555,0.00021,0.94382,0.00042
62.69853,0.48529,0.05736,0.00021,0.94202,0.00040
62.80147,0.48529,0.05977,0.00028,0.93942,0.00053
62.90441,0.48529,0.05791,0.00021,0.94144,0.00045
63.00735,0.48529,0.05631,0.00021,0.94300,0.00048
63.11029,0.48529,0.05671,0.00020,0.94266,0.00043
63.21323,0.48529,0.05752,0.00021,0.94188,0.00040
63.31618,0.48529,0.05987,0.00023,0.93951,0.00038
63.41912,0.48529,0.05345,0.00020,0.94599,0.00037
63.52206,0.48529,0.05790,0.00021,0.94146,0.00043
63.62500,0.48529,0.06042,0.00025,0.93881,0.00052
63.72794,0.48529,0.05753,0.00021,0.94179,0.00047
63.83088,0.48529,0.05730,0.00023,0.94193,0.00054
63.93382,0.48530,0.05848,0.00020,0.94088,0.00044
64.03677,0.48529,0.05662,0.00020,0.94277,0.00042
64.13971,0.48529,0.05370,0.00017,0.94577,0.00035
64.24265,0.48530,0.05159,0.00017,0.94791,0.00032
64.34559,0.48529,0.06078,0.00024,0.93853,0.00046
64.44853,0.48529,0.05952,0.00024,0.93979,0.00045
64.55147,0.48530,0.05594,0.00023,0.94335,0.00047
64.65441,0.48530,0.05831,0.00022,0.94097,0.00049
64.75735,0.48529,0.05676,0.00021,0.94254,0.00049
64.86029,0.48530,0.05627,0.00021,0.94308,0.00044
64.96323,0.48530,0.05424,0.00020,0.94515,0.00041
65.06618,0.48529,0.06099,0.00024,0.93833,0.00044
65.16912,0.48529,0.05417,0.00020,0.94523,0.00040
65.27206,0.48530,0.05603,0.00020,0.94337,0.00040
65.37500,0.48529,0.05833,0.00025,0.94094,0.00048
65.47794,0.48529,0.05675,0.00022,0.94261,0.00042
65.58088,0.48530,0.05601,0.00020,0.94336,0.00044
65.68382,0.48530,0.05865,0.00021,0.94070,0.00045
65.78677,0.48529,0.05688,0.00021,0.94249,0.00042
65.88971,0.48529,0.05633,0.00020,0.94308,0.00039
65.99265,0.48530,0.05628,0.00022,0.94309,0.00041
66.09559,0.48529,0.05809,0.00021,0.94130,0.00040
66.19853,0.48529,0.05916,0.00023,0.94012,0.00050
66.30147,0.48530,0.06039,0.00024,0.93889,0.00049
66.40441,0.48530,0.05897,0.00022,0.94031,0.00050
66.50735,0.48529,0.05562,0.00019,0.94378,0.00041
66.61029,0.48530,0.05502,0.00020,0.94436,0.00042
66.71323,0.48530,0.05512,0.00019,0.94434,0.00036
66.81618,0.48529,0.05104,0.00019,0.94842,0.00036
66.91912,0.48529,0.05904,0.00022,0.94034,0.00040
67.02206,0.48530,0.05631,0.00021,0.94305,0.00043
67.12500,0.48529,0.05766,0.00024,0.94166,0.00044
67.22794,0.48529,0.06157,0.00027,0.93764,0.00052
67.33088,0.48530,0.05490,0.00019,0.94448,0.00043
67.43382,0.48530,0.05552,0.00020,0.94383,0.00044
67.53677,0.48529,0.05800,0.00024,0.94130,0.00046
67.63971,0.48529,0.05352,0.00018,0.94592,0.00038
67.74265,0.48530,0.05410,0.00018,0.94535,0.00037
67.84559,0.48529,0.06133,0.00026,0.93793,0.00048
67.94853,0.48529,0.06307,0.00027,0.93620,0.00046
68.05147,0.48530,0.05698,0.00022,0.94235,0.00045
68.15441,0.48530,0.05892,0.00023,0.94032,0.00053
68.25735,0.48529,0.05392,0.00018,0.94554,0.00036
68.36029,0.48530,0.05282,0.00017,0.94665,0.00036
68.46323,0.48530,0.05718,0.00018,0.94228,0.00036
68.56618,0.48529,0.05485,0.00018,0.94462,0.00035
68.66912,0.48529,0.05337,0.00020,0.94605,0.00038
68.77206,0.48530,0.05858,0.00024,0.94075,0.00043
68.87500,0.48529,0.06330,0.00029,0.93588,0.00053
68.97794,0.48529,0.05752,0.00022,0.94182,0.00044
69.08088,0.48530,0.05263,0.00018,0.94682,0.00038
69.18382,0.48530,0.05648,0.00019,0.94289,0.00044
69.28677,0.48529,0.05471,0.00019,0.94470,0.00040
69.38971,0.48529,0.05268,0.00018,0.94682,0.00032
69.49265,0.48530,0.05969,0.00025,0.93959,0.00047
69.59559,0.48529,0.05417,0.00018,0.94527,0.00038
69.69853,0.48529,0.06142,0.00025,0.93784,0.00048
69.80147,0.48530,0.06263,0.00026,0.93660,0.00051
69.90441,0.48530,0.05677,0.00022,0.94255,0.00046
70.00735,0.48529,0.05715,0.00020,0.94220,0.00045
70.11029,0.48530,0.05660,0.00019,0.94280,0.00042
70.21323,0.48530,0.05524,0.00020,0.94419,0.00037
70.31618,0.48529,0.05412,0.00018,0.94531,0.00040
70.41912,0.48529,0.05252,0.00019,0.94692,0.00037
70.52206,0.48530,0.06062,0.00024,0.93873,0.00041
70.62500,0.48529,0.05953,0.00025,0.93970,0.00051
70.72794,0.48529,0.05488,0.00019,0.94451,0.00041
70.83088,0.48530,0.06033,0.00023,0.93887,0.00057
70.93382,0.48530,0.05805,0.00021,0.94127,0.00046
71.03677,0.48529,0.05566,0.00020,0.94374,0.00040
71.13971,0.48529,0.05850,0.00022,0.94088,0.00041
71.24265,0.48530,0.05254,0.00019,0.94688,0.00040
71.34559,0.48529,0.06172,0.00023,0.93764,0.00042
71.44853,0.48529,0.05802,0.00023,0.94132,0.00044
71.55147,0.48530,0.05732,0.00021,0.94202,0.00045
71.65441,0.48530,0.05544,0.00023,0.94382,0.00052
71.75735,0.48529,0.05470,0.00017,0.94475,0.00038
71.86029,0.48530,0.05614,0.00023,0.94317,0.00046
71.96323,0.48530,0.05381,0.00016,0.94568,0.00035
72.06618,0.48529,0.05414,0.00019,0.94530,0.00037
72.16912,0.48529,0.06111,0.00025,0.93819,0.00046
72.27206,0.48530,0.05890,0.00023,0.94044,0.00043
72.37500,0.48529,0.05642,0.00025,0.94284,0.00049
72.47794,0.48529,0.06054,0.00022,0.93876,0.00048
72.58088,0.48530,0.05709,0.00021,0.94224,0.00047
72.68382,0.48530,0.05982,0.00022,0.93947,0.00049
72.78677,0.48529,0.05583,0.00022,0.94351,0.00044
72.88971,0.48529,0.05511,0.00018,0.94436,0.00035
72.99265,0.48530,0.05358,0.00019,0.94582,0.00040
73.09559,0.48529,0.05876,0.00020,0.94063,0.00041
73.19853,0.48529,0.05711,0.00023,0.94221,0.00045
73.30147,0.48530,0.05831,0.00024,0.94098,0.00048
73.40441,0.48530,0.05910,0.00022,0.94021,0.00046
73.50735,0.48529,0.05768,0.00024,0.94157,0.00052
73.61029,0.48530,0.05431,0.00018,0.94510,0.00041
73.71323,0.48530,0.05783,0.00022,0.94158,0.00037
73.81618,0.48529,0.06487,0.00027,0.93438,0.00048
73.91912,0.48529,0.05599,0.00019,0.94344,0.00039
74.02206,0.48530,0.05626,0.00020,0.94313,0.00042
74.12500,0.48529,0.05927,0.00025,0.94004,0.00045
74.22794,0.48529,0.05660,0.00020,0.94275,0.00045
74.33088,0.48530,0.05733,0.00019,0.94206,0.00042
74.43382,0.48530,0.05856,0.00022,0.94074,0.00048
74.53677,0.48529,0.05669,0.00020,0.94272,0.00039
74.63971,0.48529,0.05311,0.00020,0.94631,0.00038
74.74265,0.48530,0.05339,0.00018,0.94606,0.00036
74.84559,0.48529,0.05410,0.00020,0.94531,0.00039
74.94853,0.48529,0.06344,0.00028,0.93580,0.00048
75.05147,0.48530,0.06182,0.00027,0.93739,0.00052
75.15441,0.48530,0.05390,0.00018,0.94554,0.00038
75.25735,0.48529,0.05832,0.00021,0.94099,0.00048
75.36029,0.48530,0.05770,0.00021,0.94163,0.00046
75.46323,0.48530,0.05414,0.00018,0.94533,0.00035
75.56618,0.48529,0.05481,0.00020,0.94462,0.00038
75.66912,0.48529,0.05580,0.00020,0.94360,0.00041
75.77206,0.48530,0.05843,0.00023,0.94089,0.00045
75.87500,0.48529,0.05841,0.00024,0.94085,0.00050
75.97794,0.48529,0.05360,0.00017,0.94584,0.00039
76.08088,0.48530,0.05690,0.00020,0.94244,0.00047
76.18382,0.48530,0.05595,0.00018,0.94348,0.00039
76.28677,0.48529,0.05300,0.00019,0.94642,0.00039
76.38971,0.48529,0.05644,0.00019,0.94301,0.00036
76.49265,0.48530,0.05591,0.00021,0.94348,0.00040
76.59559,0.48529,0.05886,0.00023,0.94048,0.00043
76.69853,0.48529,0.05773,0.00023,0.94157,0.00047
76.80147,0.48530,0.05571,0.00020,0.94368,0.00041
76.90441,0.48530,0.05941,0.00025,0.93979,0.00056
77.00735,0.48529,0.05891,0.00019,0.94045,0.00045
77.11029,0.48530,0.05607,0.00020,0.94336,0.00038
77.21323,0.48530,0.05853,0.00020,0.94088,0.00039
77.31618,0.48529,0.05677,0.00021,0.94264,0.00038
77.41912,0.48529,0.05514,0.00019,0.94429,0.00039
77.52206,0.48530,0.05637,0.00021,0.94301,0.00041
77.62500,0.48529,0.06145,0.00026,0.93785,0.00044
77.72794,0.48529,0.05683,0.00021,0.94250,0.00046
77.83088,0.48530,0.05676,0.00021,0.94256,0.00047
77.93382,0.48530,0.05646,0.00023,0.94286,0.00045
78.03677,0.48529,0.05467,0.00019,0.94473,0.00041
78.13971,0.48529,0.05497,0.00020,0.94445,0.00037
78.24265,0.48530,0.05444,0.00019,0.94501,0.00037
78.34559,0.48529,0.05746,0.00021,0.94192,0.00041
78.44853,0.48529,0.06216,0.00026,0.93707,0.00051
78.55147,0.48530,0.05820,0.00023,0.94109,0.00048
78.65441,0.48530,0.05865,0.00021,0.94065,0.00048
78.75735,0.48529,0.05637,0.00021,0.94299,0.00043
78.86029,0.48530,0.05460,0.00019,0.94484,0.00037
78.96323,0.48530,0.05369,0.00019,0.94575,0.00037
79.06618,0.48529,0.05330,0.00019,0.94615,0.00037
79.16912,0.48529,0.05571,0.00020,0.94372,0.00037
79.27206,0.48530,0.05650,0.00022,0.94285,0.00043
79.37500,0.48529,0.06256,0.00027,0.93666,0.00050
79.47794,0.48529,0.05665,0.00021,0.94266,0.00048
79.58088,0.48530,0.05458,0.00020,0.94476,0.00046
79.68382,0.48530,0.05662,0.00021,0.94272,0.00045
79.78677,0.48529,0.05593,0.00019,0.94350,0.00037
79.88971,0.48529,0.05678,0.00023,0.94257,0.00043
79.99265,0.48530,0.05313,0.00018,0.94636,0.00034
80.09559,0.48529,0.05362,0.00020,0.94578,0.00040
80.19853,0.48529,0.05953,0.00025,0.93974,0.00048
80.30147,0.48530,0.06057,0.00024,0.93864,0.00054
80.40441,0.48530,0.05595,0.00018,0.94345,0.00041
80.50735,0.48529,0.05862,0.00020,0.94071,0.00047
80.61029,0.48530,0.06216,0.00023,0.93709,0.00052
80.71323,0.48530,0.05503,0.00019,0.94444,0.00035
80.81618,0.48529,0.05682,0.00020,0.94261,0.00038
80.91912,0.48529,0.05339,0.00020,0.94601,0.00040
81.02206,0.48530,0.06151,0.00025,0.93775,0.00049
81.12500,0.48529,0.06089,0.00024,0.93834,0.00053
81.22794,0.48529,0.05427,0.00020,0.94512,0.00041
81.33088,0.48530,0.05483,0.00019,0.94457,0.00042
81.43382,0.48530,0.05371,0.00018,0.94575,0.00036
81.53677,0.48529,0.05388,0.00019,0.94554,0.00040
81.63971,0.48529,0.05724,0.00020,0.94218,0.00037
81.74265,0.48530,0.05623,0.00021,0.94315,0.00041
81.84559,0.48529,0.05560,0.00021,0.94380,0.00039
81.94853,0.48529,0.05929,0.00024,0.93996,0.00051
82.05147,0.48530,0.05650,0.00019,0.94290,0.00041
82.15441,0.48530,0.05862,0.00023,0.94063,0.00052
82.25735,0.48529,0.05690,0.00019,0.94250,0.00042
82.36029,0.48530,0.05365,0.00019,0.94577,0.00040
82.46323,0.48530,0.05601,0.00020,0.94339,0.00039
82.56618,0.48529,0.05392,0.00019,0.94553,0.00036
82.66912,0.48529,0.05615,0.00020,0.94327,0.00038
82.77206,0.48530,0.05903,0.00023,0.94031,0.00043
82.87500,0.48529,0.05588,0.00022,0.94343,0.00047
82.97794,0.48529,0.05955,0.00022,0.93974,0.00048
83.08088,0.48530,0.05903,0.00022,0.94027,0.00048
83.18382,0.48530,0.05821,0.00020,0.94114,0.00045
83.28677,0.48529,0.05765,0.00024,0.94165,0.00047
83.38971,0.48529,0.05211,0.00018,0.94737,0.00034
83.49265,0.48530,0.05311,0.00019,0.94635,0.00035
83.59559,0.48529,0.05816,0.00021,0.94120,0.00043
83.69853,0.48529,0.06271,0.00026,0.93657,0.00046
83.80147,0.48530,0.05964,0.00024,0.93962,0.00050
83.90441,0.48530,0.05947,0.00022,0.93982,0.00049
84.00735,0.48529,0.05451,0.00019,0.94485,0.00045
84.11029,0.48530,0.05873,0.00021,0.94063,0.00043
84.21323,0.48530,0.05530,0.00019,0.94414,0.00037
84.31618,0.48529,0.05631,0.00020,0.94312,0.00037
84.41912,0.48529,0.06008,0.00025,0.93922,0.00045
84.52206,0.48530,0.05611,0.00021,0.94324,0.00044
84.62500,0.48529,0.05607,0.00023,0.94323,0.00047
84.72794,0.48529,0.05850,0.00021,0.94087,0.00042
84.83088,0.48530,0.05663,0.00019,0.94274,0.00044
84.93382,0.48530,0.05950,0.00020,0.93984,0.00045
85.03677,0.48529,0.05573,0.00020,0.94368,0.00039
85.13971,0.48529,0.05333,0.00018,0.94613,0.00036
85.24265,0.48530,0.05417,0.00019,0.94529,0.00036
85.34559,0.48529,0.05701,0.00020,0.94237,0.00041
85.44853,0.48529,0.05960,0.00025,0.93971,0.00044
85.55147,0.48530,0.06167,0.00026,0.93750,0.00057
85.65441,0.48530,0.05987,0.00021,0.93946,0.00046
85.75735,0.48529,0.06020,0.00019,0.93914,0.00046
85.86029,0.48530,0.05994,0.00023,0.93936,0.00047
85.96323,0.48530,0.05900,0.00021,0.94039,0.00039
86.06618,0.48529,0.05398,0.00019,0.94545,0.00037
86.16912,0.48529,0.05678,0.00021,0.94260,0.00040
86.27206,0.48530,0.05383,0.00019,0.94561,0.00037
86.37500,0.48529,0.05760,0.00024,0.94168,0.00048
86.47794,0.48529,0.05717,0.00021,0.94217,0.00044
86.58088,0.48530,0.05681,0.00022,0.94250,0.00047
86.68382,0.48530,0.05583,0.00019,0.94358,0.00041
86.78677,0.48529,0.05638,0.00019,0.94303,0.00040
86.88971,0.48529,0.05282,0.00017,0.94667,0.00033
86.99265,0.48530,0.05626,0.00023,0.94313,0.00039
87.09559,0.48529,0.05747,0.00021,0.94187,0.00045
87.19853,0.48529,0.05591,0.00019,0.94347,0.00043
87.30147,0.48530,0.06078,0.00024,0.93849,0.00049
87.40441,0.48530,0.06173,0.00027,0.93744,0.00056
87.50735,0.48529,0.05797,0.00019,0.94138,0.00045
87.61029,0.48530,0.05513,0.00021,0.94421,0.00045
87.71323,0.48530,0.05646,0.00019,0.94297,0.00039
87.81618,0.48529,0.05671,0.00020,0.94271,0.00038
87.91912,0.48529,0.05770,0.00023,0.94162,0.00045
88.02206,0.48530,0.06087,0.00022,0.93849,0.00042
88.12500,0.48529,0.05864,0.00023,0.94068,0.00046
88.22794,0.48529,0.06235,0.00027,0.93683,0.00055
88.33088,0.48530,0.05774,0.00021,0.94156,0.00048
88.43382,0.48530,0.05914,0.00022,0.94015,0.00050
88.53677,0.48529,0.05174,0.00016,0.94775,0.00035
88.63971,0.48529,0.05781,0.00020,0.94163,0.00036
88.74265,0.48530,0.05734,0.00021,0.94203,0.00042
88.84559,0.48529,0.05376,0.00018,0.94569,0.00037
88.94853,0.48529,0.05960,0.00027,0.93962,0.00050
89.05147,0.48530,0.06042,0.00024,0.93885,0.00049
89.15441,0.48530,0.05762,0.00023,0.94168,0.00047
89.25735,0.48529,0.05822,0.00023,0.94107,0.00048
89.36029,0.48530,0.05727,0.00020,0.94209,0.00043
89.46323,0.48530,0.05929,0.00021,0.94008,0.00042
89.56618,0.48529,0.05855,0.00022,0.94086,0.00037
89.66912,0.48529,0.05410,0.00020,0.94532,0.00038
89.77206,0.48530,0.05702,0.00021,0.94232,0.00045
89.87500,0.48529,0.05715,0.00022,0.94219,0.00044
89.97794,0.48529,0.05842,0.00024,0.94086,0.00049
90.08088,0.48530,0.05938,0.00022,0.93997,0.00044
90.18382,0.48530,0.05710,0.00021,0.94227,0.00043
90.28677,0.48529,0.05579,0.00019,0.94360,0.00042
90.38971,0.48529,0.05435,0.00021,0.94508,0.00036
90.49265,0.48530,0.05181,0.00018,0.94767,0.00034
90.59559,0.48529,0.05646,0.00020,0.94293,0.00041
90.69853,0.48529,0.05995,0.00026,0.93931,0.00048
90.80147,0.48530,0.05997,0.00026,0.93925,0.00052
90.90441,0.48530,0.05442,0.00019,0.94494,0.00045
91.00735,0.48529,0.05664,0.00022,0.94264,0.00050
91.11029,0.48530,0.05820,0.00020,0.94116,0.00043
91.21323,0.48530,0.05198,0.00019,0.94742,0.00041
91.31618,0.48529,0.05650,0.00019,0.94294,0.00037
91.41912,0.48529,0.05628,0.00024,0.94300,0.00048
91.52206,0.48530,0.05602,0.00019,0.94341,0.00038
91.62500,0.48529,0.06003,0.00026,0.93921,0.00050
91.72794,0.48529,0.05842,0.00020,0.94090,0.00048
91.83088,0.48530,0.05835,0.00021,0.94094,0.00049
91.93382,0.48530,0.05836,0.00021,0.94095,0.00048
92.03677,0.48529,0.05533,0.00016,0.94413,0.00038
92.13971,0.48529,0.05772,0.00021,0.94167,0.00040
92.24265,0.48530,0.05578,0.00018,0.94366,0.00037
92.34559,0.48529,0.05731,0.00020,0.94211,0.00038
92.44853,0.48529,0.05921,0.00026,0.94005,0.00049
92.55147,0.48530,0.06164,0.00025,0.93763,0.00048
92.65441,0.48530,0.05924,0.00025,0.93997,0.00054
92.75735,0.48529,0.05731,0.00020,0.94202,0.00046
92.86029,0.48530,0.05513,0.00021,0.94420,0.00046
92.96323,0.48530,0.05536,0.00018,0.94412,0.00034
93.06618,0.48529,0.05320,0.00019,0.94625,0.00036
93.16912,0.48529,0.05974,0.00022,0.93964,0.00039
93.27206,0.48530,0.05805,0.00023,0.94127,0.00045
93.37500,0.48529,0.05857,0.00024,0.94071,0.00048
93.47794,0.48529,0.05975,0.00026,0.93951,0.00048
93.58088,0.48530,0.05530,0.00020,0.94404,0.00045
93.68382,0.48530,0.05612,0.00019,0.94325,0.00044
93.78677,0.48529,0.05454,0.00019,0.94487,0.00040
93.88971,0.48529,0.05597,0.00019,0.94350,0.00034
93.99265,0.48530,0.05340,0.00020,0.94603,0.00037
94.09559,0.48529,0.05420,0.00018,0.94528,0.00034
94.19853,0.48529,0.05664,0.00023,0.94267,0.00046
94.30147,0.48530,0.05888,0.00023,0.94042,0.00047
94.40441,0.48530,0.06223,0.00024,0.93702,0.00051
94.50735,0.48529,0.05979,0.00023,0.93947,0.00051
94.61029,0.48530,0.05474,0.00019,0.94464,0.00043
94.71323,0.48530,0.05605,0.00020,0.94334,0.00041
94.81618,0.48529,0.05483,0.00020,0.94459,0.00038
94.91912,0.48529,0.05316,0.00017,0.94634,0.00033
95.02206,0.48530,0.05714,0.00025,0.94212,0.00049
95.12500,0.48529,0.05704,0.00020,0.94233,0.00043
95.22794,0.48529,0.05456,0.00020,0.94479,0.00046
95.33088,0.48530,0.05754,0.00022,0.94175,0.00048
95.43382,0.48530,0.05933,0.00020,0.94002,0.00045
95.53677,0.48529,0.05619,0.00020,0.94319,0.00042
95.63971,0.48529,0.05727,0.00022,0.94209,0.00042
95.74265,0.48530,0.05393,0.00018,0.94553,0.00036
95.84559,0.48529,0.05783,0.00022,0.94152,0.00043
95.94853,0.48529,0.05558,0.00020,0.94383,0.00039
96.05147,0.48530,0.05669,0.00023,0.94258,0.00050
96.15441,0.48530,0.05834,0.00023,0.94095,0.00049
96.25735,0.48529,0.05821,0.00020,0.94113,0.00046
96.36029,0.48530,0.05688,0.00021,0.94246,0.00045
96.46323,0.48530,0.05703,0.00021,0.94232,0.00044
96.56618,0.48529,0.05587,0.00020,0.94354,0.00039
96.66912,0.48529,0.05623,0.00022,0.94317,0.00039
96.77206,0.48530,0.05497,0.00020,0.94446,0.00038
96.87500,0.48529,0.05724,0.00022,0.94207,0.00046
96.97794,0.48529,0.05699,0.00022,0.94234,0.00045
97.08088,0.48530,0.06347,0.00025,0.93574,0.00054
97.18382,0.48530,0.05609,0.00018,0.94332,0.00041
97.28677,0.48529,0.05742,0.00018,0.94198,0.00042
97.38971,0.48529,0.05823,0.00022,0.94116,0.00039
97.49265,0.48530,0.05771,0.00021,0.94165,0.00043
97.59559,0.48529,0.05575,0.00020,0.94369,0.00036
97.69853,0.48529,0.05522,0.00020,0.94418,0.00039
97.80147,0.48530,0.05793,0.00024,0.94137,0.00046
97.90441,0.48530,0.06281,0.00026,0.93638,0.00055
98.00735,0.48529,0.05912,0.00024,0.94014,0.00050
98.11029,0.48530,0.05523,0.00018,0.94415,0.00044
98.21323,0.48530,0.05764,0.00021,0.94171,0.00044
98.31618,0.48529,0.05597,0.00020,0.94345,0.00038
98.41912,0.48529,0.05499,0.00018,0.94450,0.00032
98.52206,0.48530,0.06120,0.00026,0.93804,0.00050
98.62500,0.48529,0.06594,0.00026,0.93330,0.00050
98.72794,0.48529,0.05937,0.00023,0.93991,0.00049
98.83088,0.48530,0.05860,0.00023,0.94066,0.00051
98.93382,0.48530,0.05591,0.00020,0.94343,0.00046
99.03677,0.48529,0.05893,0.00020,0.94042,0.00045
99.13971,0.48529,0.05966,0.00022,0.93968,0.00043
99.24265,0.48530,0.05371,0.00017,0.94579,0.00033
99.34559,0.48529,0.05535,0.00020,0.94406,0.00038
99.44853,0.48529,0.05836,0.00022,0.94100,0.00041
99.55147,0.48530,0.05793,0.00023,0.94138,0.00045
99.65441,0.48530,0.05722,0.00024,0.94208,0.00046
99.75735,0.48529,0.06027,0.00023,0.93899,0.00051
99.86029,0.48530,0.05593,0.00020,0.94343,0.00044
99.96323,0.48530,0.05680,0.00021,0.94257,0.00042
100.06618,0.48529,0.05475,0.00017,0.94476,0.00032
100.16912,0.48529,0.05482,0.00020,0.94460,0.00038
100.27206,0.48530,0.05518,0.00020,0.94424,0.00038
100.37500,0.48529,0.06054,0.00026,0.93873,0.00048
100.47794,0.48529,0.06051,0.00025,0.93873,0.00051
100.58088,0.48530,0.05860,0.00023,0.94071,0.00047
100.68382,0.48530,0.05871,0.00024,0.94053,0.00052
100.78677,0.48529,0.05699,0.00020,0.94237,0.00044
100.88971,0.48529,0.05652,0.00021,0.94285,0.00042
100.99265,0.48530,0.05281,0.00018,0.94668,0.00033
101.09559,0.48529,0.05670,0.00021,0.94269,0.00040
101.19853,0.48529,0.05575,0.00020,0.94366,0.00039
101.30147,0.48530,0.05485,0.00021,0.94452,0.00042
101.40441,0.48530,0.05868,0.00025,0.94060,0.00047
101.50735,0.48529,0.06144,0.00024,0.93782,0.00051
101.61029,0.48530,0.05840,0.00022,0.94086,0.00051
101.71323,0.48530,0.05572,0.00020,0.94366,0.00042
101.81618,0.48529,0.05293,0.00020,0.94649,0.00039
101.91912,0.48529,0.05271,0.00017,0.94678,0.00034
102.02206,0.48530,0.05544,0.00020,0.94399,0.00037
102.12500,0.48529,0.05622,0.00021,0.94318,0.00038
102.22794,0.48529,0.05867,0.00025,0.94062,0.00047
102.33088,0.48530,0.06204,0.00025,0.93722,0.00050
102.43382,0.48530,0.05936,0.00023,0.93996,0.00045
102.53677,0.48529,0.05714,0.00022,0.94218,0.00046
102.63971,0.48529,0.05724,0.00022,0.94211,0.00042
102.74265,0.48530,0.05322,0.00021,0.94618,0.00040
102.84559,0.48529,0.05752,0.00019,0.94194,0.00035
102.94853,0.48529,0.05442,0.00020,0.94501,0.00037
103.05147,0.48530,0.05409,0.00022,0.94526,0.00044
103.15441,0.48530,0.06040,0.00024,0.93884,0.00052
103.25735,0.48529,0.05390,0.00019,0.94547,0.00044
103.36029,0.48530,0.05926,0.00022,0.94001,0.00051
103.46323,0.48530,0.06022,0.00022,0.93905,0.00051
103.56618,0.48529,0.05452,0.00019,0.94488,0.00041
103.66912,0.48529,0.05542,0.00021,0.94397,0.00040
103.77206,0.48530,0.05203,0.00017,0.94747,0.00033
103.87500,0.48529,0.05921,0.00022,0.94015,0.00042
103.97794,0.48529,0.06001,0.00026,0.93923,0.00049
104.08088,0.48530,0.05828,0.00024,0.94105,0.00044
104.18382,0.48530,0.05688,0.00024,0.94239,0.00049
104.28677,0.48529,0.05781,0.00019,0.94159,0.00041
104.38971,0.48529,0.05452,0.00021,0.94484,0.00043
104.49265,0.48530,0.05398,0.00018,0.94549,0.00035
104.59559,0.48529,0.05454,0.00022,0.94484,0.00041
104.69853,0.48529,0.05158,0.00017,0.94789,0.00036
104.80147,0.48530,0.05824,0.00025,0.94107,0.00045
104.90441,0.48530,0.06330,0.00028,0.93593,0.00049
105.00735,0.48529,0.06301,0.00025,0.93624,0.00050
105.11029,0.48530,0.05693,0.00020,0.94242,0.00045
105.21323,0.48530,0.05686,0.00021,0.94245,0.00048
105.31618,0.48529,0.05616,0.00022,0.94319,0.00043
105.41912,0.48529,0.05017,0.00016,0.94936,0.00031
105.52206,0.48530,0.05659,0.00019,0.94286,0.00035
105.62500,0.48529,0.06016,0.00023,0.93917,0.00044
105.72794,0.48529,0.05796,0.00022,0.94138,0.00044
105.83088,0.48530,0.06114,0.00026,0.93809,0.00051
105.93382,0.48530,0.06024,0.00022,0.93905,0.00049
106.03677,0.48529,0.05728,0.00020,0.94208,0.00044
106.13971,0.48529,0.05735,0.00022,0.94197,0.00046
106.24265,0.48530,0.05572,0.00019,0.94371,0.00037
106.34559,0.48529,0.05435,0.00020,0.94506,0.00039
106.44853,0.48529,0.05457,0.00018,0.94487,0.00037
106.55147,0.48530,0.05439,0.00021,0.94503,0.00038
106.65441,0.48530,0.06084,0.00023,0.93846,0.00047
106.75735,0.48529,0.05760,0.00022,0.94170,0.00048
106.86029,0.48530,0.05867,0.00023,0.94062,0.00048
106.96323,0.48530,0.05744,0.00021,0.94189,0.00046
107.06618,0.48529,0.05993,0.00023,0.93935,0.00049
107.16912,0.48529,0.05369,0.00019,0.94576,0.00035
107.27206,0.48530,0.05931,0.00022,0.94007,0.00040
107.37500,0.48529,0.05611,0.00021,0.94325,0.00044
107.47794,0.48529,0.05626,0.00020,0.94313,0.00041
107.58088,0.48530,0.05686,0.00023,0.94242,0.00049
107.68382,0.48530,0.05563,0.00020,0.94373,0.00044
107.78677,0.48529,0.05701,0.00020,0.94234,0.00045
107.88971,0.48529,0.05286,0.00016,0.94663,0.00035
107.99265,0.48530,0.05573,0.00019,0.94369,0.00039
108.09559,0.48529,0.05492,0.00019,0.94456,0.00034
108.19853,0.48529,0.05296,0.00018,0.94652,0.00034
108.30147,0.48530,0.05948,0.00022,0.93988,0.00042
108.40441,0.48530,0.05669,0.00023,0.94262,0.00046
108.50735,0.48529,0.05483,0.00020,0.94453,0.00045
108.61029,0.48530,0.05794,0.00023,0.94135,0.00048
108.71323,0.48530,0.05184,0.00017,0.94766,0.00034
108.81618,0.48529,0.05616,0.00019,0.94326,0.00040
108.91912,0.48529,0.05515,0.00020,0.94427,0.00038
109.02206,0.48530,0.05300,0.00018,0.94648,0.00033
109.12500,0.48529,0.05502,0.00020,0.94443,0.00035
109.22794,0.48529,0.05681,0.00022,0.94255,0.00043
109.33088,0.48530,0.06111,0.00028,0.93809,0.00052
109.43382,0.48530,0.06080,0.00027,0.93837,0.00057
109.53677,0.48529,0.05819,0.00021,0.94114,0.00046
109.63971,0.48529,0.05498,0.00019,0.94442,0.00040
109.74265,0.48530,0.05804,0.00020,0.94136,0.00040
109.84559,0.48529,0.05257,0.00017,0.94692,0.00034
109.94853,0.48529,0.05866,0.00019,0.94079,0.00035
110.05147,0.48530,0.05691,0.00023,0.94243,0.00043
110.15441,0.48530,0.06042,0.00022,0.93888,0.00048
110.25735,0.48529,0.05963,0.00026,0.93960,0.00052
110.36029,0.48530,0.05542,0.00020,0.94393,0.00045
110.46323,0.48530,0.05870,0.00020,0.94065,0.00044
110.56618,0.48529,0.05791,0.00019,0.94145,0.00045
110.66912,0.48529,0.05613,0.00019,0.94332,0.00036
110.77206,0.48530,0.05512,0.00021,0.94428,0.00039
110.87500,0.48529,0.05649,0.00019,0.94296,0.00037
110.97794,0.48529,0.05593,0.00021,0.94343,0.00042
111.08088,0.48530,0.05858,0.00024,0.94073,0.00045
111.18382,0.48530,0.05748,0.00021,0.94188,0.00044
111.28677,0.48529,0.05958,0.00023,0.93972,0.00048
111.38971,0.48529,0.06230,0.00023,0.93696,0.00051
111.49265,0.48530,0.05534,0.00019,0.94406,0.00040
111.59559,0.48529,0.05413,0.00019,0.94530,0.00037
111.69853,0.48529,0.05026,0.00016,0.94926,0.00032
111.80147,0.48530,0.05755,0.00022,0.94179,0.00044
111.90441,0.48530,0.05866,0.00024,0.94065,0.00045
112.00735,0.48529,0.05844,0.00025,0.94083,0.00049
112.11029,0.48530,0.05777,0.00023,0.94153,0.00046
112.21323,0.48530,0.05806,0.00022,0.94126,0.00046
112.31618,0.48529,0.05667,0.00021,0.94266,0.00046
112.41912,0.48529,0.05527,0.00021,0.94411,0.00042
112.52206,0.48530,0.05324,0.00019,0.94623,0.00034
112.62500,0.48529,0.05521,0.00021,0.94415,0.00042
112.72794,0.48529,0.05643,0.00022,0.94293,0.00042
112.83088,0.48530,0.05935,0.00024,0.93996,0.00046
112.93382,0.48530,0.05365,0.00020,0.94574,0.00041
113.03677,0.48529,0.05862,0.00022,0.94068,0.00048
113.13971,0.48529,0.05804,0.00023,0.94122,0.00050
113.24265,0.48530,0.05476,0.00020,0.94460,0.00044
113.34559,0.48529,0.05862,0.00020,0.94082,0.00035
113.44853,0.48529,0.05551,0.00020,0.94389,0.00039
113.55147,0.48530,0.05912,0.00021,0.94028,0.00039
113.65441,0.48530,0.05448,0.00022,0.94486,0.00044
113.75735,0.48529,0.05535,0.00022,0.94396,0.00047
113.86029,0.48530,0.05811,0.00022,0.94119,0.00048
113.96323,0.48530,0.05693,0.00022,0.94239,0.00047
114.06618,0.48529,0.06052,0.00021,0.93881,0.00045
114.16912,0.48529,0.05591,0.00020,0.94348,0.00041
114.27206,0.48530,0.05687,0.00024,0.94244,0.00045
114.37500,0.48529,0.05683,0.00021,0.94257,0.00039
114.47794,0.48529,0.05467,0.00020,0.94475,0.00039
114.58088,0.48530,0.05670,0.00022,0.94265,0.00043
114.68382,0.48530,0.06056,0.00024,0.93869,0.00050
114.78677,0.48529,0.05778,0.00022,0.94152,0.00048
114.88971,0.48529,0.05948,0.00022,0.93985,0.00046
114.99265,0.48530,0.05740,0.00021,0.94190,0.00049
115.09559,0.48529,0.05719,0.00019,0.94224,0.00038
115.19853,0.48529,0.05321,0.00019,0.94624,0.00037
115.30147,0.48530,0.05333,0.00017,0.94616,0.00034
115.40441,0.48530,0.05766,0.00022,0.94171,0.00041
115.50735,0.48529,0.05921,0.00025,0.94006,0.00048
115.61029,0.48530,0.05821,0.00024,0.94105,0.00050
115.71323,0.48530,0.05832,0.00024,0.94093,0.00051
115.81618,0.48529,0.05616,0.00019,0.94321,0.00044
115.91912,0.48529,0.05436,0.00021,0.94502,0.00041
116.02206,0.48530,0.05339,0.00020,0.94603,0.00038
116.12500,0.48529,0.05172,0.00017,0.94778,0.00033
116.22794,0.48529,0.05543,0.00020,0.94398,0.00039
116.33088,0.48530,0.06088,0.00024,0.93842,0.00046
116.43382,0.48530,0.06182,0.00028,0.93737,0.00053
116.53677,0.48529,0.05669,0.00020,0.94265,0.00045
116.63971,0.48529,0.05978,0.00024,0.93947,0.00051
116.74265,0.48530,0.05577,0.00020,0.94360,0.00043
116.84559,0.48529,0.05499,0.00018,0.94443,0.00039
116.94853,0.48529,0.05526,0.00020,0.94416,0.00038
117.05147,0.48530,0.05632,0.00020,0.94312,0.00036
117.15441,0.48530,0.05832,0.00023,0.94102,0.00043
117.25735,0.48529,0.05733,0.00024,0.94198,0.00045
117.36029,0.48530,0.06167,0.00025,0.93762,0.00046
117.46323,0.48530,0.05838,0.00021,0.94096,0.00045
117.56618,0.48529,0.05485,0.00020,0.94450,0.00045
117.66912,0.48529,0.05880,0.00022,0.94052,0.00046
117.77206,0.48530,0.05952,0.00023,0.93985,0.00040
117.87500,0.48529,0.05407,0.00017,0.94543,0.00033
117.97794,0.48529,0.05757,0.00023,0.94175,0.00044
118.08088,0.48530,0.05400,0.00021,0.94538,0.00041
118.18382,0.48530,0.06124,0.00025,0.93800,0.00050
118.28677,0.48529,0.06303,0.00023,0.93623,0.00051
118.38971,0.48529,0.05307,0.00020,0.94632,0.00041
118.49265,0.48530,0.05993,0.00022,0.93936,0.00048
118.59559,0.48529,0.05458,0.00020,0.94479,0.00043
118.69853,0.48529,0.05499,0.00019,0.94448,0.00034
118.80147,0.48530,0.05470,0.00021,0.94470,0.00039
118.90441,0.48530,0.05546,0.00020,0.94400,0.00034
119.00735,0.48529,0.05857,0.00026,0.94069,0.00048
119.11029,0.48530,0.05675,0.00022,0.94256,0.00047
119.21323,0.48530,0.06242,0.00026,0.93682,0.00051
119.31618,0.48529,0.05788,0.00020,0.94148,0.00044
119.41912,0.48529,0.05398,0.00018,0.94545,0.00039
119.52206,0.48530,0.05424,0.00019,0.94518,0.00039
119.62500,0.48529,0.05468,0.00020,0.94474,0.00038
119.72794,0.48529,0.05572,0.00022,0.94369,0.00038
119.83088,0.48530,0.05457,0.00021,0.94485,0.00038
119.93382,0.48530,0.05764,0.00022,0.94169,0.00045
120.03677,0.48529,0.05749,0.00023,0.94181,0.00047
120.13971,0.48529,0.05874,0.00024,0.94052,0.00050
120.24265,0.48530,0.05575,0.00018,0.94366,0.00041
120.34559,0.48529,0.05523,0.00018,0.94419,0.00040
120.44853,0.48529,0.05801,0.00020,0.94139,0.00039
120.55147,0.48530,0.05509,0.00021,0.94431,0.00039
120.65441,0.48530,0.05671,0.00020,0.94271,0.00038
