Time (seconds), Duration (seconds),pred_unlabelled,pred_Dry,pred_Wet,pred_Touch
0.00735,0.48529,0.03227,0.00019,0.96736,0.00018
0.11029,0.48529,0.02808,0.00012,0.97167,0.00013
0.21324,0.48529,0.02691,0.00013,0.97283,0.00012
0.31618,0.48529,0.02385,0.00009,0.97595,0.00010
0.41912,0.48529,0.03366,0.00026,0.96589,0.00019
0.52206,0.48529,0.03772,0.00023,0.96181,0.00024
0.62500,0.48529,0.03547,0.00023,0.96407,0.00024
0.72794,0.48529,0.02680,0.00015,0.97290,0.00015
0.83088,0.48529,0.03154,0.00018,0.96812,0.00016
0.93382,0.48529,0.02447,0.00009,0.97534,0.00010
1.03676,0.48529,0.02837,0.00012,0.97138,0.00012
1.13971,0.48529,0.02542,0.00009,0.97438,0.00010
1.24265,0.48529,0.02986,0.00018,0.96982,0.00015
1.34559,0.48529,0.03096,0.00016,0.96872,0.00016
1.44853,0.48529,0.03742,0.00023,0.96210,0.00024
1.55147,0.48529,0.03482,0.00017,0.96479,0.00022
1.65441,0.48529,0.03444,0.00020,0.96517,0.00019
1.75735,0.48529,0.02705,0.00012,0.97268,0.00015
1.86029,0.48529,0.02567,0.00010,0.97413,0.00010
1.96324,0.48529,0.02352,0.00010,0.97626,0.00012
2.06618,0.48529,0.03596,0.00026,0.96357,0.00021
2.16912,0.48529,0.03396,0.00022,0.96561,0.00020
2.27206,0.48529,0.03315,0.00022,0.96644,0.00020
2.37500,0.48529,0.03338,0.00019,0.96624,0.00019
2.47794,0.48529,0.03412,0.00023,0.96543,0.00022
2.58088,0.48529,0.02837,0.00017,0.97129,0.00017
2.68382,0.48529,0.02751,0.00010,0.97226,0.00013
2.78676,0.48529,0.02653,0.00013,0.97321,0.00013
2.88971,0.48529,0.03065,0.00016,0.96903,0.00016
2.99265,0.48529,0.03009,0.00018,0.96959,0.00015
3.09559,0.48529,0.03805,0.00026,0.96148,0.00021
3.19853,0.48529,0.04272,0.00035,0.95662,0.00031
3.30147,0.48529,0.03865,0.00024,0.96090,0.00021
3.40441,0.48529,0.03392,0.00017,0.96573,0.00018
3.50735,0.48529,0.03197,0.00018,0.96768,0.00018
3.61029,0.48529,0.02906,0.00013,0.97066,0.00015
3.71324,0.48529,0.02725,0.00012,0.97250,0.00013
3.81618,0.48529,0.03160,0.00020,0.96804,0.00016
3.91912,0.48529,0.03400,0.00023,0.96557,0.00020
4.02206,0.48529,0.03971,0.00025,0.95979,0.00025
4.12500,0.48529,0.04017,0.00024,0.95935,0.00024
4.22794,0.48529,0.04422,0.00025,0.95525,0.00028
4.33088,0.48529,0.03316,0.00014,0.96654,0.00016
4.43382,0.48529,0.03010,0.00013,0.96961,0.00017
4.53676,0.48529,0.02791,0.00011,0.97184,0.00015
4.63971,0.48529,0.03601,0.00019,0.96361,0.00018
4.74265,0.48529,0.03912,0.00029,0.96032,0.00026
4.84559,0.48529,0.03686,0.00031,0.96258,0.00025
4.94853,0.48529,0.04003,0.00030,0.95938,0.00029
5.05147,0.48529,0.03562,0.00022,0.96395,0.00021
5.15441,0.48529,0.03702,0.00022,0.96256,0.00019
5.25735,0.48529,0.03728,0.00023,0.96226,0.00023
5.36029,0.48529,0.03178,0.00015,0.96790,0.00016
5.46324,0.48529,0.03142,0.00018,0.96823,0.00018
5.56618,0.48529,0.03636,0.00025,0.96317,0.00022
5.66912,0.48529,0.03634,0.00027,0.96313,0.00025
5.77206,0.48529,0.04215,0.00031,0.95725,0.00029
5.87500,0.48529,0.04397,0.00032,0.95540,0.00030
5.97794,0.48529,0.03865,0.00024,0.96088,0.00022
6.08088,0.48529,0.03321,0.00016,0.96645,0.00017
6.18382,0.48529,0.03399,0.00016,0.96567,0.00018
6.28676,0.48529,0.03755,0.00022,0.96203,0.00021
6.38971,0.48529,0.03548,0.00019,0.96411,0.00022
6.49265,0.48529,0.03838,0.00027,0.96111,0.00023
6.59559,0.48529,0.03842,0.00024,0.96106,0.00027
6.69853,0.48529,0.03453,0.00021,0.96504,0.00022
6.80147,0.48529,0.04004,0.00025,0.95947,0.00024
6.90441,0.48529,0.03826,0.00016,0.96138,0.00019
7.00735,0.48529,0.02972,0.00012,0.97000,0.00016
7.11029,0.48529,0.03321,0.00014,0.96651,0.00015
7.21324,0.48529,0.02812,0.00012,0.97161,0.00016
7.31618,0.48529,0.03633,0.00028,0.96315,0.00025
7.41912,0.48529,0.03442,0.00021,0.96517,0.00019
7.52206,0.48529,0.03529,0.00023,0.96428,0.00020
7.62500,0.48529,0.03623,0.00026,0.96327,0.00023
7.72794,0.48529,0.03508,0.00023,0.96449,0.00020
7.83088,0.48529,0.03162,0.00014,0.96810,0.00014
7.93382,0.48529,0.02484,0.00009,0.97497,0.00011
8.03677,0.48529,0.02568,0.00009,0.97413,0.00010
8.13971,0.48529,0.03101,0.00017,0.96865,0.00017
8.24265,0.48529,0.03558,0.00020,0.96402,0.00019
8.34559,0.48529,0.03546,0.00017,0.96411,0.00026
8.44853,0.48529,0.03771,0.00029,0.96175,0.00025
8.55147,0.48529,0.03541,0.00019,0.96421,0.00019
8.65441,0.48529,0.02982,0.00013,0.96992,0.00013
8.75735,0.48529,0.03043,0.00010,0.96934,0.00013
8.86029,0.48529,0.03092,0.00013,0.96881,0.00013
8.96323,0.48529,0.03412,0.00021,0.96546,0.00021
9.06618,0.48529,0.03160,0.00024,0.96796,0.00020
9.16912,0.48529,0.03706,0.00025,0.96247,0.00022
9.27206,0.48529,0.03353,0.00022,0.96606,0.00019
9.37500,0.48529,0.03142,0.00020,0.96819,0.00018
9.47794,0.48529,0.03277,0.00020,0.96684,0.00019
9.58088,0.48529,0.02574,0.00009,0.97403,0.00014
9.68382,0.48529,0.03033,0.00016,0.96936,0.00015
9.78677,0.48529,0.02737,0.00011,0.97240,0.00012
9.88971,0.48529,0.03179,0.00021,0.96782,0.00018
9.99265,0.48529,0.03041,0.00016,0.96925,0.00018
10.09559,0.48529,0.03588,0.00022,0.96368,0.00022
10.19853,0.48529,0.03943,0.00024,0.96010,0.00023
10.30147,0.48529,0.03560,0.00020,0.96401,0.00019
10.40441,0.48529,0.02990,0.00016,0.96979,0.00015
10.50735,0.48529,0.02617,0.00010,0.97361,0.00012
10.61029,0.48529,0.02216,0.00008,0.97765,0.00011
10.71323,0.48529,0.03050,0.00018,0.96918,0.00014
10.81618,0.48529,0.03306,0.00019,0.96657,0.00018
10.91912,0.48529,0.03693,0.00026,0.96257,0.00023
11.02206,0.48529,0.03240,0.00018,0.96724,0.00018
11.12500,0.48529,0.03326,0.00021,0.96634,0.00019
11.22794,0.48529,0.02694,0.00012,0.97282,0.00012
11.33088,0.48529,0.02476,0.00009,0.97504,0.00011
11.43382,0.48529,0.02410,0.00009,0.97570,0.00011
11.53677,0.48529,0.03010,0.00016,0.96959,0.00014
11.63971,0.48529,0.03098,0.00019,0.96867,0.00016
11.74265,0.48529,0.03372,0.00019,0.96588,0.00021
11.84559,0.48529,0.03337,0.00020,0.96625,0.00018
11.94853,0.48529,0.03203,0.00020,0.96760,0.00018
12.05147,0.48529,0.03119,0.00020,0.96844,0.00017
12.15441,0.48529,0.02892,0.00015,0.97080,0.00013
12.25735,0.48529,0.02154,0.00008,0.97826,0.00011
12.36029,0.48529,0.02700,0.00016,0.97271,0.00014
12.46323,0.48529,0.02837,0.00016,0.97135,0.00012
12.56618,0.48529,0.03105,0.00022,0.96856,0.00017
12.66912,0.48529,0.03634,0.00027,0.96315,0.00024
12.77206,0.48529,0.03575,0.00024,0.96380,0.00021
12.87500,0.48529,0.03091,0.00017,0.96875,0.00017
12.97794,0.48529,0.02688,0.00013,0.97286,0.00013
13.08088,0.48529,0.02587,0.00009,0.97392,0.00012
13.18382,0.48529,0.02453,0.00011,0.97524,0.00012
13.28677,0.48529,0.02971,0.00016,0.96999,0.00014
13.38971,0.48529,0.03113,0.00021,0.96847,0.00019
13.49265,0.48529,0.02971,0.00017,0.96995,0.00017
13.59559,0.48529,0.03689,0.00029,0.96258,0.00024
13.69853,0.48529,0.03382,0.00018,0.96581,0.00019
13.80147,0.48529,0.03007,0.00014,0.96963,0.00016
13.90441,0.48529,0.02926,0.00014,0.97042,0.00018
14.00735,0.48529,0.02434,0.00009,0.97546,0.00011
14.11029,0.48529,0.02564,0.00013,0.97412,0.00012
14.21323,0.48529,0.03132,0.00020,0.96828,0.00020
14.31618,0.48529,0.03359,0.00023,0.96598,0.00021
14.41912,0.48529,0.03495,0.00023,0.96463,0.00019
14.52206,0.48529,0.03209,0.00021,0.96752,0.00019
14.62500,0.48529,0.03362,0.00024,0.96595,0.00020
14.72794,0.48529,0.02254,0.00008,0.97727,0.00010
14.83088,0.48529,0.02559,0.00007,0.97425,0.00009
14.93382,0.48529,0.02618,0.00013,0.97358,0.00012
15.03677,0.48529,0.02359,0.00009,0.97622,0.00010
15.13971,0.48529,0.02780,0.00017,0.97185,0.00018
15.24265,0.48529,0.03127,0.00015,0.96843,0.00015
15.34559,0.48529,0.03312,0.00021,0.96645,0.00022
15.44853,0.48529,0.03572,0.00023,0.96383,0.00023
15.55147,0.48529,0.03264,0.00016,0.96706,0.00014
15.65441,0.48529,0.02530,0.00009,0.97448,0.00013
15.75735,0.48529,0.02218,0.00009,0.97764,0.00010
15.86029,0.48529,0.02341,0.00010,0.97638,0.00011
15.96323,0.48530,0.03473,0.00025,0.96483,0.00019
16.06618,0.48529,0.03459,0.00024,0.96496,0.00021
16.16912,0.48529,0.03342,0.00021,0.96618,0.00019
16.27206,0.48529,0.02914,0.00017,0.97052,0.00017
16.37500,0.48529,0.02728,0.00013,0.97245,0.00013
16.47794,0.48529,0.02489,0.00008,0.97492,0.00011
16.58088,0.48529,0.02764,0.00009,0.97214,0.00013
16.68382,0.48529,0.02363,0.00008,0.97620,0.00010
16.78676,0.48529,0.02768,0.00016,0.97202,0.00015
16.88971,0.48529,0.03184,0.00017,0.96781,0.00017
16.99265,0.48529,0.03564,0.00022,0.96392,0.00023
17.09559,0.48529,0.03652,0.00020,0.96309,0.00019
17.19853,0.48529,0.03036,0.00018,0.96928,0.00018
17.30147,0.48529,0.02635,0.00011,0.97341,0.00013
17.40441,0.48529,0.02339,0.00006,0.97644,0.00010
17.50735,0.48529,0.02732,0.00013,0.97241,0.00013
17.61029,0.48529,0.02922,0.00014,0.97051,0.00013
17.71324,0.48529,0.03042,0.00021,0.96920,0.00017
17.81618,0.48529,0.03334,0.00019,0.96629,0.00019
17.91912,0.48529,0.02781,0.00014,0.97191,0.00014
18.02206,0.48529,0.03052,0.00023,0.96907,0.00018
18.12500,0.48529,0.03493,0.00016,0.96472,0.00019
18.22794,0.48529,0.02836,0.00011,0.97138,0.00015
18.33088,0.48529,0.02460,0.00010,0.97519,0.00011
18.43382,0.48529,0.02197,0.00008,0.97785,0.00010
18.53676,0.48529,0.03502,0.00025,0.96452,0.00021
18.63971,0.48529,0.03369,0.00020,0.96590,0.00021
18.74265,0.48529,0.03365,0.00018,0.96597,0.00021
18.84559,0.48529,0.03047,0.00019,0.96914,0.00020
18.94853,0.48529,0.03241,0.00023,0.96716,0.00020
19.05147,0.48529,0.02673,0.00008,0.97306,0.00013
19.15441,0.48529,0.02662,0.00010,0.97317,0.00011
19.25735,0.48529,0.02387,0.00009,0.97593,0.00010
19.36029,0.48529,0.02683,0.00014,0.97292,0.00012
19.46324,0.48529,0.03478,0.00022,0.96480,0.00020
19.56618,0.48529,0.03571,0.00021,0.96385,0.00023
19.66912,0.48529,0.03603,0.00024,0.96353,0.00021
19.77206,0.48529,0.03152,0.00022,0.96806,0.00020
19.87500,0.48529,0.03030,0.00017,0.96937,0.00016
19.97794,0.48529,0.02739,0.00013,0.97234,0.00014
20.08088,0.48529,0.02952,0.00016,0.97017,0.00015
20.18382,0.48529,0.02940,0.00018,0.97026,0.00017
20.28676,0.48529,0.02890,0.00020,0.97074,0.00016
20.38971,0.48529,0.02918,0.00015,0.97048,0.00018
20.49265,0.48529,0.03545,0.00024,0.96411,0.00020
20.59559,0.48529,0.03762,0.00031,0.96180,0.00027
20.69853,0.48529,0.03336,0.00020,0.96623,0.00021
20.80147,0.48529,0.02567,0.00010,0.97411,0.00012
20.90441,0.48529,0.02641,0.00011,0.97337,0.00011
21.00735,0.48529,0.02326,0.00010,0.97653,0.00010
21.11029,0.48529,0.03308,0.00024,0.96652,0.00017
21.21324,0.48529,0.03738,0.00029,0.96212,0.00021
21.31618,0.48529,0.03439,0.00022,0.96517,0.00022
21.41912,0.48529,0.03618,0.00026,0.96336,0.00020
21.52206,0.48529,0.03427,0.00024,0.96529,0.00019
21.62500,0.48529,0.02641,0.00013,0.97330,0.00016
21.72794,0.48529,0.02489,0.00009,0.97493,0.00009
21.83088,0.48529,0.02636,0.00013,0.97337,0.00014
21.93382,0.48529,0.03500,0.00023,0.96461,0.00017
22.03676,0.48529,0.03316,0.00020,0.96645,0.00019
22.13971,0.48529,0.03091,0.00019,0.96870,0.00020
22.24265,0.48529,0.03033,0.00018,0.96933,0.00017
22.34559,0.48529,0.03241,0.00022,0.96718,0.00019
22.44853,0.48529,0.02886,0.00012,0.97089,0.00013
22.55147,0.48529,0.02426,0.00008,0.97555,0.00011
22.65441,0.48529,0.02290,0.00006,0.97694,0.00010
22.75735,0.48529,0.02793,0.00013,0.97181,0.00013
22.86029,0.48529,0.03011,0.00019,0.96951,0.00018
22.96324,0.48529,0.03199,0.00020,0.96763,0.00019
23.06618,0.48529,0.03820,0.00027,0.96129,0.00024
23.16912,0.48529,0.03427,0.00021,0.96531,0.00022
23.27206,0.48529,0.03160,0.00020,0.96803,0.00017
23.37500,0.48529,0.02416,0.00008,0.97564,0.00011
23.47794,0.48529,0.02722,0.00009,0.97258,0.00011
23.58088,0.48529,0.02705,0.00011,0.97274,0.00011
23.68382,0.48529,0.02904,0.00019,0.97062,0.00015
23.78676,0.48529,0.03450,0.00021,0.96510,0.00020
23.88971,0.48529,0.03560,0.00025,0.96393,0.00022
23.99265,0.48529,0.03647,0.00023,0.96307,0.00022
24.09559,0.48529,0.03171,0.00018,0.96793,0.00018
24.19853,0.48529,0.02667,0.00012,0.97309,0.00013
24.30147,0.48529,0.02747,0.00013,0.97228,0.00012
24.40441,0.48529,0.02838,0.00013,0.97136,0.00013
24.50735,0.48529,0.02500,0.00011,0.97480,0.00010
24.61029,0.48529,0.03476,0.00025,0.96478,0.00021
24.71324,0.48529,0.03319,0.00023,0.96639,0.00019
24.81618,0.48529,0.03559,0.00021,0.96398,0.00022
24.91912,0.48529,0.02815,0.00015,0.97154,0.00015
25.02206,0.48529,0.03145,0.00020,0.96816,0.00018
25.12500,0.48529,0.02975,0.00014,0.96994,0.00018
25.22794,0.48529,0.02987,0.00014,0.96984,0.00015
25.33088,0.48529,0.02520,0.00011,0.97457,0.00012
25.43382,0.48529,0.03572,0.00026,0.96379,0.00024
25.53676,0.48529,0.03584,0.00025,0.96368,0.00023
25.63971,0.48529,0.03313,0.00019,0.96648,0.00020
25.74265,0.48529,0.03544,0.00024,0.96410,0.00021
25.84559,0.48529,0.02961,0.00019,0.97004,0.00016
25.94853,0.48529,0.02690,0.00011,0.97289,0.00010
26.05147,0.48529,0.02370,0.00007,0.97613,0.00010
26.15441,0.48529,0.02418,0.00009,0.97563,0.00011
26.25735,0.48529,0.03259,0.00021,0.96700,0.00019
26.36029,0.48529,0.03153,0.00019,0.96809,0.00019
26.46324,0.48529,0.03718,0.00024,0.96235,0.00023
26.56618,0.48529,0.03773,0.00026,0.96179,0.00021
26.66912,0.48529,0.03308,0.00018,0.96658,0.00016
26.77206,0.48529,0.02844,0.00013,0.97129,0.00013
26.87500,0.48529,0.03243,0.00012,0.96731,0.00014
26.97794,0.48529,0.02728,0.00011,0.97250,0.00012
27.08088,0.48529,0.02379,0.00012,0.97597,0.00012
27.18382,0.48529,0.03302,0.00023,0.96655,0.00019
27.28676,0.48529,0.03805,0.00028,0.96141,0.00026
27.38971,0.48529,0.03154,0.00019,0.96809,0.00018
27.49265,0.48529,0.03190,0.00022,0.96768,0.00019
27.59559,0.48529,0.03439,0.00022,0.96521,0.00019
27.69853,0.48529,0.02734,0.00013,0.97239,0.00014
27.80147,0.48529,0.02347,0.00008,0.97635,0.00010
27.90441,0.48529,0.02862,0.00013,0.97113,0.00012
28.00735,0.48529,0.02801,0.00013,0.97172,0.00014
28.11029,0.48529,0.03261,0.00016,0.96706,0.00016
28.21324,0.48529,0.03672,0.00021,0.96285,0.00023
28.31618,0.48529,0.03253,0.00020,0.96709,0.00018
28.41912,0.48529,0.02897,0.00018,0.97068,0.00017
28.52206,0.48529,0.02681,0.00012,0.97295,0.00012
28.62500,0.48529,0.02550,0.00010,0.97427,0.00012
28.72794,0.48529,0.02440,0.00012,0.97538,0.00010
28.83088,0.48529,0.03101,0.00020,0.96863,0.00016
28.93382,0.48529,0.03427,0.00022,0.96535,0.00016
29.03676,0.48529,0.03225,0.00019,0.96736,0.00020
29.13971,0.48529,0.03303,0.00017,0.96662,0.00017
29.24265,0.48529,0.03128,0.00022,0.96831,0.00018
29.34559,0.48529,0.02578,0.00011,0.97396,0.00014
29.44853,0.48529,0.02603,0.00010,0.97375,0.00012
29.55147,0.48529,0.02430,0.00009,0.97550,0.00011
29.65441,0.48529,0.02707,0.00014,0.97265,0.00014
29.75735,0.48529,0.03186,0.00021,0.96777,0.00016
29.86029,0.48529,0.03300,0.00017,0.96662,0.00021
29.96324,0.48529,0.03270,0.00017,0.96696,0.00017
30.06618,0.48529,0.02969,0.00017,0.96996,0.00018
30.16912,0.48529,0.03489,0.00025,0.96466,0.00020
30.27206,0.48529,0.02746,0.00008,0.97235,0.00011
30.37500,0.48529,0.02479,0.00010,0.97499,0.00011
30.47794,0.48529,0.02843,0.00014,0.97127,0.00016
30.58088,0.48529,0.03135,0.00018,0.96833,0.00015
30.68382,0.48529,0.03453,0.00019,0.96507,0.00021
30.78676,0.48529,0.03467,0.00018,0.96496,0.00019
30.88971,0.48529,0.03243,0.00021,0.96714,0.00022
30.99265,0.48529,0.03342,0.00020,0.96619,0.00019
31.09559,0.48529,0.02649,0.00010,0.97330,0.00011
31.19853,0.48529,0.02434,0.00008,0.97548,0.00009
31.30147,0.48529,0.02229,0.00008,0.97755,0.00009
31.40441,0.48529,0.03258,0.00022,0.96704,0.00016
31.50735,0.48529,0.02987,0.00018,0.96980,0.00014
31.61029,0.48529,0.03488,0.00022,0.96465,0.00024
31.71324,0.48529,0.03450,0.00021,0.96510,0.00019
31.81618,0.48529,0.02956,0.00018,0.97008,0.00018
31.91912,0.48529,0.03221,0.00019,0.96740,0.00020
32.02206,0.48529,0.03228,0.00017,0.96738,0.00016
32.12500,0.48529,0.02500,0.00008,0.97481,0.00011
32.22794,0.48529,0.03107,0.00019,0.96859,0.00015
32.33088,0.48529,0.03449,0.00027,0.96502,0.00022
32.43382,0.48529,0.03357,0.00020,0.96606,0.00018
32.53677,0.48529,0.03419,0.00029,0.96528,0.00024
32.63971,0.48529,0.03429,0.00020,0.96532,0.00018
32.74265,0.48529,0.03136,0.00016,0.96830,0.00018
32.84559,0.48529,0.02546,0.00012,0.97428,0.00014
32.94853,0.48529,0.03256,0.00019,0.96708,0.00017
33.05147,0.48529,0.02459,0.00011,0.97519,0.00011
33.15441,0.48529,0.03179,0.00021,0.96782,0.00018
33.25735,0.48529,0.03783,0.00023,0.96172,0.00022
33.36029,0.48529,0.03302,0.00022,0.96655,0.00021
33.46323,0.48529,0.03355,0.00023,0.96603,0.00019
33.56618,0.48529,0.03452,0.00024,0.96501,0.00022
33.66912,0.48529,0.03134,0.00017,0.96833,0.00016
33.77206,0.48529,0.02581,0.00011,0.97399,0.00010
33.87500,0.48529,0.02227,0.00007,0.97756,0.00011
33.97794,0.48529,0.03671,0.00021,0.96288,0.00020
34.08088,0.48529,0.02983,0.00017,0.96984,0.00017
34.18382,0.48529,0.03602,0.00023,0.96351,0.00023
34.28677,0.48529,0.03732,0.00026,0.96218,0.00024
34.38971,0.48529,0.03245,0.00016,0.96721,0.00018
34.49265,0.48529,0.02788,0.00011,0.97187,0.00014
34.59559,0.48529,0.02225,0.00006,0.97758,0.00010
34.69853,0.48529,0.02593,0.00008,0.97389,0.00009
34.80147,0.48529,0.02577,0.00010,0.97404,0.00009
34.90441,0.48529,0.03172,0.00024,0.96787,0.00018
35.00735,0.48529,0.03541,0.00022,0.96414,0.00023
35.11029,0.48529,0.03387,0.00022,0.96571,0.00020
35.21323,0.48529,0.02846,0.00015,0.97122,0.00016
35.31618,0.48529,0.02897,0.00014,0.97073,0.00016
35.41912,0.48529,0.02749,0.00010,0.97229,0.00012
35.52206,0.48529,0.02563,0.00009,0.97417,0.00011
35.62500,0.48529,0.02641,0.00013,0.97334,0.00013
35.72794,0.48529,0.02972,0.00016,0.96998,0.00014
35.83088,0.48529,0.03394,0.00026,0.96562,0.00018
35.93382,0.48529,0.03387,0.00019,0.96574,0.00021
36.03677,0.48529,0.03051,0.00016,0.96917,0.00016
36.13971,0.48529,0.03243,0.00022,0.96715,0.00020
36.24265,0.48529,0.02668,0.00011,0.97307,0.00014
36.34559,0.48529,0.02624,0.00015,0.97347,0.00014
36.44853,0.48529,0.02191,0.00006,0.97793,0.00009
36.55147,0.48529,0.02882,0.00016,0.97088,0.00013
36.65441,0.48529,0.03367,0.00021,0.96593,0.00020
36.75735,0.48529,0.03623,0.00026,0.96329,0.00023
36.86029,0.48529,0.03588,0.00023,0.96368,0.00022
36.96323,0.48529,0.03515,0.00021,0.96446,0.00018
37.06618,0.48529,0.02649,0.00012,0.97329,0.00011
37.16912,0.48529,0.02627,0.00013,0.97347,0.00013
37.27206,0.48529,0.02638,0.00011,0.97338,0.00013
37.37500,0.48529,0.02531,0.00012,0.97446,0.00011
37.47794,0.48529,0.02869,0.00017,0.97098,0.00016
37.58088,0.48529,0.03163,0.00020,0.96800,0.00017
37.68382,0.48529,0.03861,0.00025,0.96088,0.00026
37.78677,0.48529,0.03527,0.00023,0.96430,0.00020
37.88971,0.48529,0.03062,0.00021,0.96899,0.00017
37.99265,0.48529,0.02691,0.00011,0.97285,0.00012
38.09559,0.48529,0.02554,0.00010,0.97425,0.00012
38.19853,0.48529,0.02462,0.00009,0.97519,0.00010
38.30147,0.48529,0.02555,0.00012,0.97420,0.00012
38.40441,0.48529,0.03129,0.00018,0.96834,0.00018
38.50735,0.48529,0.03471,0.00022,0.96486,0.00022
38.61029,0.48529,0.03347,0.00016,0.96618,0.00019
38.71323,0.48529,0.02722,0.00016,0.97248,0.00014
38.81618,0.48529,0.02671,0.00009,0.97308,0.00012
38.91912,0.48529,0.02631,0.00012,0.97342,0.00015
39.02206,0.48529,0.02442,0.00009,0.97540,0.00009
39.12500,0.48529,0.02627,0.00012,0.97347,0.00013
39.22794,0.48529,0.03063,0.00017,0.96906,0.00014
39.33088,0.48529,0.03503,0.00019,0.96457,0.00020
39.43382,0.48529,0.03367,0.00024,0.96587,0.00022
39.53677,0.48529,0.03573,0.00021,0.96386,0.00020
39.63971,0.48529,0.03076,0.00016,0.96891,0.00016
39.74265,0.48529,0.02767,0.00011,0.97208,0.00014
39.84559,0.48529,0.02605,0.00009,0.97374,0.00011
39.94853,0.48529,0.02644,0.00012,0.97331,0.00013
40.05147,0.48529,0.03210,0.00024,0.96744,0.00021
40.15441,0.48529,0.03146,0.00016,0.96818,0.00020
40.25735,0.48529,0.03057,0.00019,0.96905,0.00019
40.36029,0.48529,0.03789,0.00025,0.96162,0.00025
40.46323,0.48529,0.03076,0.00017,0.96889,0.00017
40.56618,0.48529,0.03009,0.00013,0.96965,0.00013
40.66912,0.48529,0.02568,0.00008,0.97414,0.00011
40.77206,0.48529,0.02638,0.00010,0.97340,0.00012
40.87500,0.48529,0.03101,0.00018,0.96862,0.00020
40.97794,0.48529,0.03359,0.00024,0.96598,0.00019
41.08088,0.48529,0.03790,0.00025,0.96161,0.00024
41.18382,0.48529,0.03097,0.00018,0.96866,0.00019
41.28677,0.48529,0.03233,0.00024,0.96724,0.00019
41.38971,0.48529,0.02679,0.00011,0.97298,0.00012
41.49265,0.48529,0.02665,0.00011,0.97312,0.00012
41.59559,0.48529,0.02569,0.00011,0.97408,0.00012
41.69853,0.48529,0.02664,0.00011,0.97313,0.00012
41.80147,0.48529,0.03446,0.00026,0.96507,0.00021
41.90441,0.48529,0.03654,0.00023,0.96300,0.00023
42.00735,0.48529,0.03212,0.00018,0.96751,0.00019
42.11029,0.48529,0.03036,0.00018,0.96928,0.00018
42.21323,0.48529,0.02733,0.00013,0.97242,0.00013
42.31618,0.48529,0.03589,0.00011,0.96388,0.00013
42.41912,0.48529,0.02634,0.00009,0.97345,0.00012
42.52206,0.48529,0.02458,0.00009,0.97521,0.00012
42.62500,0.48529,0.03297,0.00020,0.96664,0.00019
42.72794,0.48529,0.03435,0.00021,0.96525,0.00019
42.83088,0.48529,0.03285,0.00017,0.96678,0.00020
42.93382,0.48529,0.03723,0.00025,0.96229,0.00023
43.03677,0.48529,0.03502,0.00021,0.96460,0.00018
43.13971,0.48529,0.03141,0.00018,0.96823,0.00018
43.24265,0.48529,0.02410,0.00007,0.97573,0.00009
43.34559,0.48529,0.02326,0.00007,0.97658,0.00008
43.44853,0.48529,0.03011,0.00017,0.96958,0.00014
43.55147,0.48529,0.03065,0.00016,0.96905,0.00014
43.65441,0.48529,0.03586,0.00022,0.96367,0.00024
43.75735,0.48529,0.03483,0.00021,0.96476,0.00020
43.86029,0.48529,0.03555,0.00021,0.96405,0.00018
43.96323,0.48529,0.02956,0.00013,0.97016,0.00015
44.06618,0.48529,0.02896,0.00013,0.97077,0.00014
44.16912,0.48529,0.02630,0.00011,0.97347,0.00011
44.27206,0.48529,0.02903,0.00016,0.97064,0.00017
44.37500,0.48529,0.03130,0.00020,0.96836,0.00015
44.47794,0.48529,0.03461,0.00019,0.96499,0.00021
44.58088,0.48529,0.03688,0.00025,0.96262,0.00025
44.68382,0.48529,0.03601,0.00022,0.96354,0.00023
44.78677,0.48529,0.02334,0.00010,0.97645,0.00011
44.88971,0.48529,0.02584,0.00011,0.97394,0.00011
44.99265,0.48529,0.02790,0.00009,0.97190,0.00011
45.09559,0.48529,0.02539,0.00011,0.97439,0.00011
45.19853,0.48529,0.03062,0.00021,0.96900,0.00017
45.30147,0.48529,0.02889,0.00019,0.97075,0.00017
45.40441,0.48529,0.03125,0.00019,0.96838,0.00019
45.50735,0.48529,0.03523,0.00023,0.96434,0.00021
45.61029,0.48529,0.03405,0.00021,0.96554,0.00020
45.71323,0.48529,0.02978,0.00015,0.96988,0.00018
45.81618,0.48529,0.02735,0.00009,0.97245,0.00011
45.91912,0.48529,0.02319,0.00010,0.97658,0.00013
46.02206,0.48529,0.02830,0.00013,0.97144,0.00013
46.12500,0.48529,0.03470,0.00022,0.96488,0.00019
46.22794,0.48529,0.03762,0.00024,0.96188,0.00026
46.33088,0.48529,0.03231,0.00020,0.96728,0.00020
46.43382,0.48529,0.03719,0.00022,0.96239,0.00020
46.53677,0.48529,0.02924,0.00011,0.97051,0.00014
46.63971,0.48529,0.02388,0.00007,0.97596,0.00009
46.74265,0.48529,0.02553,0.00008,0.97428,0.00011
46.84559,0.48529,0.02909,0.00012,0.97068,0.00011
46.94853,0.48529,0.02382,0.00010,0.97597,0.00011
47.05147,0.48529,0.03057,0.00015,0.96911,0.00016
47.15441,0.48529,0.03687,0.00027,0.96262,0.00023
47.25735,0.48529,0.03512,0.00018,0.96450,0.00020
47.36029,0.48529,0.03285,0.00024,0.96672,0.00019
47.46323,0.48529,0.02882,0.00013,0.97091,0.00014
47.56618,0.48529,0.02515,0.00014,0.97455,0.00016
47.66912,0.48529,0.02660,0.00016,0.97310,0.00014
47.77206,0.48529,0.02713,0.00016,0.97258,0.00012
47.87500,0.48529,0.02729,0.00016,0.97240,0.00015
47.97794,0.48529,0.03578,0.00024,0.96374,0.00023
48.08088,0.48529,0.02821,0.00014,0.97150,0.00015
48.18382,0.48529,0.03009,0.00022,0.96952,0.00018
48.28677,0.48529,0.02847,0.00019,0.97113,0.00021
48.38971,0.48529,0.02882,0.00011,0.97095,0.00012
48.49265,0.48529,0.02319,0.00010,0.97660,0.00011
48.59559,0.48529,0.03118,0.00020,0.96846,0.00017
48.69853,0.48529,0.03080,0.00020,0.96884,0.00016
48.80147,0.48529,0.03208,0.00019,0.96754,0.00019
48.90441,0.48529,0.03332,0.00023,0.96624,0.00021
49.00735,0.48529,0.02890,0.00017,0.97078,0.00015
49.11029,0.48529,0.02763,0.00015,0.97208,0.00015
49.21323,0.48529,0.02340,0.00007,0.97642,0.00011
49.31618,0.48529,0.02496,0.00009,0.97484,0.00011
49.41912,0.48529,0.02438,0.00012,0.97539,0.00011
49.52206,0.48529,0.02714,0.00015,0.97256,0.00016
49.62500,0.48529,0.03407,0.00024,0.96545,0.00023
49.72794,0.48529,0.03523,0.00024,0.96432,0.00021
49.83088,0.48529,0.03805,0.00028,0.96140,0.00027
49.93382,0.48529,0.03552,0.00023,0.96407,0.00019
50.03677,0.48529,0.02661,0.00010,0.97316,0.00013
50.13971,0.48529,0.02782,0.00010,0.97196,0.00012
50.24265,0.48529,0.02523,0.00010,0.97458,0.00009
50.34559,0.48529,0.02826,0.00015,0.97145,0.00015
50.44853,0.48529,0.03347,0.00019,0.96615,0.00019
50.55147,0.48529,0.03514,0.00018,0.96446,0.00022
50.65441,0.48529,0.03557,0.00026,0.96394,0.00023
50.75735,0.48529,0.03263,0.00020,0.96700,0.00017
50.86029,0.48529,0.02505,0.00009,0.97475,0.00010
50.96323,0.48529,0.02671,0.00009,0.97308,0.00011
51.06618,0.48529,0.02651,0.00011,0.97326,0.00012
51.16912,0.48529,0.02463,0.00009,0.97518,0.00010
51.27206,0.48529,0.03093,0.00018,0.96872,0.00017
51.37500,0.48529,0.03254,0.00016,0.96711,0.00018
51.47794,0.48529,0.03624,0.00023,0.96329,0.00023
51.58088,0.48529,0.03332,0.00022,0.96627,0.00019
51.68382,0.48529,0.02886,0.00016,0.97084,0.00014
51.78677,0.48529,0.02567,0.00010,0.97410,0.00013
51.88971,0.48529,0.02602,0.00009,0.97375,0.00013
51.99265,0.48529,0.02330,0.00008,0.97652,0.00010
52.09559,0.48529,0.02892,0.00020,0.97068,0.00019
52.19853,0.48529,0.03300,0.00019,0.96661,0.00020
52.30147,0.48529,0.03230,0.00020,0.96728,0.00021
52.40441,0.48529,0.03422,0.00022,0.96535,0.00021
52.50735,0.48529,0.03424,0.00023,0.96534,0.00019
52.61029,0.48529,0.03354,0.00020,0.96608,0.00018
52.71323,0.48529,0.03019,0.00014,0.96951,0.00016
52.81618,0.48529,0.03328,0.00020,0.96631,0.00021
52.91912,0.48529,0.02697,0.00013,0.97275,0.00016
53.02206,0.48529,0.03188,0.00019,0.96775,0.00018
53.12500,0.48529,0.03759,0.00023,0.96197,0.00022
53.22794,0.48529,0.02935,0.00017,0.97029,0.00019
53.33088,0.48529,0.03429,0.00025,0.96527,0.00019
53.43382,0.48529,0.02822,0.00012,0.97154,0.00013
53.53677,0.48529,0.03011,0.00012,0.96962,0.00014
53.63971,0.48529,0.02279,0.00008,0.97703,0.00010
53.74265,0.48529,0.02813,0.00015,0.97158,0.00014
53.84559,0.48529,0.03032,0.00021,0.96929,0.00018
53.94853,0.48529,0.03261,0.00022,0.96698,0.00020
54.05147,0.48529,0.03299,0.00019,0.96664,0.00018
54.15441,0.48529,0.03175,0.00022,0.96783,0.00020
54.25735,0.48529,0.02770,0.00011,0.97206,0.00013
54.36029,0.48529,0.03583,0.00016,0.96381,0.00020
54.46323,0.48529,0.02749,0.00011,0.97229,0.00012
54.56618,0.48529,0.02223,0.00007,0.97760,0.00010
54.66912,0.48529,0.02750,0.00013,0.97222,0.00015
54.77206,0.48529,0.03394,0.00020,0.96565,0.00022
54.87500,0.48529,0.03216,0.00018,0.96746,0.00019
54.97794,0.48529,0.03376,0.00021,0.96582,0.00021
55.08088,0.48529,0.03239,0.00022,0.96721,0.00018
55.18382,0.48529,0.02973,0.00014,0.96998,0.00015
55.28677,0.48529,0.02325,0.00007,0.97659,0.00009
55.38971,0.48529,0.02347,0.00010,0.97634,0.00009
55.49265,0.48529,0.03125,0.00018,0.96843,0.00014
55.59559,0.48529,0.03156,0.00018,0.96812,0.00014
55.69853,0.48529,0.03700,0.00021,0.96254,0.00025
55.80147,0.48529,0.03460,0.00022,0.96499,0.00020
55.90441,0.48529,0.02980,0.00017,0.96986,0.00017
56.00735,0.48529,0.02804,0.00017,0.97163,0.00016
56.11029,0.48529,0.02853,0.00013,0.97119,0.00016
56.21323,0.48529,0.02459,0.00010,0.97520,0.00011
56.31618,0.48529,0.02592,0.00013,0.97383,0.00012
56.41912,0.48529,0.03113,0.00023,0.96848,0.00016
56.52206,0.48529,0.03151,0.00021,0.96810,0.00019
56.62500,0.48529,0.03358,0.00022,0.96597,0.00023
56.72794,0.48529,0.03410,0.00025,0.96541,0.00023
56.83088,0.48529,0.03803,0.00025,0.96149,0.00023
56.93382,0.48529,0.03028,0.00015,0.96941,0.00016
57.03677,0.48529,0.02413,0.00009,0.97568,0.00010
57.13971,0.48529,0.02487,0.00012,0.97489,0.00012
57.24265,0.48529,0.03699,0.00027,0.96255,0.00020
57.34559,0.48529,0.03137,0.00020,0.96825,0.00018
57.44853,0.48529,0.02876,0.00013,0.97094,0.00017
57.55147,0.48529,0.03094,0.00020,0.96867,0.00019
57.65441,0.48529,0.03619,0.00020,0.96341,0.00020
57.75735,0.48529,0.02889,0.00014,0.97082,0.00015
57.86029,0.48529,0.02829,0.00012,0.97147,0.00013
57.96323,0.48529,0.02500,0.00012,0.97476,0.00013
58.06618,0.48529,0.02727,0.00014,0.97246,0.00014
58.16912,0.48529,0.03362,0.00024,0.96593,0.00021
58.27206,0.48529,0.03462,0.00024,0.96491,0.00022
58.37500,0.48529,0.03379,0.00020,0.96582,0.00019
58.47794,0.48529,0.04172,0.00033,0.95769,0.00026
58.58088,0.48529,0.03077,0.00011,0.96899,0.00012
58.68382,0.48529,0.02331,0.00009,0.97649,0.00010
58.78677,0.48529,0.02341,0.00008,0.97641,0.00010
58.88971,0.48529,0.02520,0.00011,0.97459,0.00010
58.99265,0.48529,0.03014,0.00020,0.96947,0.00018
59.09559,0.48529,0.03238,0.00020,0.96723,0.00018
59.19853,0.48529,0.03371,0.00022,0.96587,0.00020
59.30147,0.48529,0.03286,0.00019,0.96677,0.00018
59.40441,0.48529,0.03153,0.00017,0.96813,0.00017
59.50735,0.48529,0.03001,0.00016,0.96968,0.00015
59.61029,0.48529,0.02238,0.00009,0.97742,0.00011
59.71323,0.48529,0.02386,0.00010,0.97592,0.00011
59.81618,0.48529,0.02284,0.00011,0.97696,0.00009
59.91912,0.48529,0.03584,0.00027,0.96368,0.00021
60.02206,0.48529,0.03218,0.00019,0.96744,0.00019
60.12500,0.48529,0.03614,0.00027,0.96336,0.00023
60.22794,0.48529,0.03609,0.00020,0.96352,0.00019
60.33088,0.48529,0.02963,0.00016,0.97006,0.00015
60.43382,0.48529,0.02875,0.00013,0.97098,0.00015
60.53677,0.48529,0.02369,0.00008,0.97614,0.00009
60.63971,0.48529,0.02591,0.00011,0.97387,0.00011
60.74265,0.48529,0.03763,0.00027,0.96186,0.00024
60.84559,0.48529,0.03535,0.00023,0.96422,0.00020
60.94853,0.48529,0.03326,0.00022,0.96632,0.00021
61.05147,0.48529,0.03589,0.00026,0.96364,0.00020
61.15441,0.48529,0.03324,0.00021,0.96637,0.00018
61.25735,0.48529,0.02971,0.00012,0.97003,0.00015
61.36029,0.48529,0.02555,0.00009,0.97425,0.00011
61.46323,0.48529,0.02352,0.00010,0.97626,0.00012
61.56618,0.48529,0.02622,0.00010,0.97356,0.00011
61.66912,0.48529,0.03046,0.00021,0.96914,0.00019
61.77206,0.48529,0.03865,0.00023,0.96091,0.00022
61.87500,0.48529,0.03199,0.00017,0.96765,0.00019
61.97794,0.48529,0.03134,0.00015,0.96836,0.00015
62.08088,0.48529,0.02820,0.00015,0.97149,0.00017
62.18382,0.48529,0.02901,0.00013,0.97071,0.00015
62.28677,0.48529,0.02365,0.00011,0.97612,0.00012
62.38971,0.48529,0.02389,0.00008,0.97593,0.00010
62.49265,0.48529,0.03167,0.00018,0.96796,0.00019
62.59559,0.48529,0.03610,0.00020,0.96349,0.00021
62.69853,0.48529,0.03531,0.00022,0.96423,0.00024
62.80147,0.48529,0.03543,0.00027,0.96409,0.00021
62.90441,0.48529,0.03426,0.00022,0.96534,0.00018
63.00735,0.48529,0.02833,0.00011,0.97144,0.00013
63.11029,0.48529,0.02838,0.00013,0.97136,0.00013
63.21323,0.48529,0.02443,0.00011,0.97534,0.00012
63.31618,0.48529,0.03443,0.00023,0.96515,0.00019
63.41912,0.48529,0.03224,0.00020,0.96738,0.00018
63.52206,0.48529,0.03761,0.00024,0.96190,0.00024
63.62500,0.48529,0.03134,0.00018,0.96830,0.00018
63.72794,0.48529,0.02852,0.00017,0.97117,0.00014
63.83088,0.48529,0.02893,0.00014,0.97076,0.00016
63.93382,0.48530,0.02487,0.00009,0.97492,0.00012
64.03677,0.48529,0.02473,0.00008,0.97509,0.00010
64.13971,0.48529,0.03248,0.00020,0.96715,0.00017
64.24265,0.48530,0.03196,0.00019,0.96769,0.00016
64.34559,0.48529,0.03686,0.00024,0.96267,0.00024
64.44853,0.48529,0.03579,0.00028,0.96368,0.00025
64.55147,0.48530,0.03664,0.00025,0.96291,0.00021
64.65441,0.48530,0.03224,0.00018,0.96741,0.00018
64.75735,0.48529,0.02805,0.00010,0.97170,0.00015
64.86029,0.48530,0.02466,0.00010,0.97513,0.00011
64.96323,0.48530,0.03071,0.00017,0.96896,0.00016
65.06618,0.48529,0.02641,0.00013,0.97333,0.00012
65.16912,0.48529,0.02894,0.00015,0.97073,0.00017
65.27206,0.48530,0.03444,0.00016,0.96520,0.00019
65.37500,0.48529,0.03306,0.00020,0.96657,0.00018
65.47794,0.48529,0.04426,0.00026,0.95526,0.00022
65.58088,0.48530,0.02970,0.00011,0.97004,0.00015
65.68382,0.48530,0.02943,0.00012,0.97030,0.00014
65.78677,0.48529,0.02157,0.00007,0.97826,0.00009
65.88971,0.48529,0.02702,0.00014,0.97269,0.00015
65.99265,0.48530,0.03366,0.00019,0.96597,0.00017
66.09559,0.48529,0.03814,0.00024,0.96133,0.00029
66.19853,0.48529,0.03840,0.00025,0.96115,0.00020
66.30147,0.48530,0.03207,0.00021,0.96754,0.00018
66.40441,0.48530,0.03123,0.00022,0.96837,0.00018
66.50735,0.48529,0.02848,0.00011,0.97128,0.00013
66.61029,0.48530,0.02571,0.00010,0.97407,0.00011
66.71323,0.48530,0.02778,0.00014,0.97195,0.00014
66.81618,0.48529,0.02929,0.00016,0.97042,0.00014
66.91912,0.48529,0.03504,0.00019,0.96455,0.00021
67.02206,0.48530,0.03852,0.00024,0.96101,0.00023
67.12500,0.48529,0.04160,0.00024,0.95792,0.00024
67.22794,0.48529,0.03262,0.00020,0.96699,0.00019
67.33088,0.48530,0.02700,0.00012,0.97274,0.00014
67.43382,0.48530,0.02643,0.00011,0.97335,0.00012
67.53677,0.48529,0.02723,0.00016,0.97247,0.00014
67.63971,0.48529,0.02952,0.00016,0.97018,0.00014
67.74265,0.48530,0.03144,0.00020,0.96816,0.00020
67.84559,0.48529,0.03626,0.00023,0.96330,0.00021
67.94853,0.48529,0.03661,0.00024,0.96291,0.00025
68.05147,0.48530,0.03031,0.00016,0.96938,0.00016
68.15441,0.48530,0.02902,0.00012,0.97073,0.00013
68.25735,0.48529,0.02628,0.00013,0.97345,0.00014
68.36029,0.48530,0.02396,0.00010,0.97582,0.00012
68.46323,0.48530,0.02636,0.00013,0.97339,0.00012
68.56618,0.48529,0.03433,0.00024,0.96524,0.00019
68.66912,0.48529,0.03133,0.00018,0.96833,0.00016
68.77206,0.48530,0.03479,0.00023,0.96475,0.00023
68.87500,0.48529,0.03878,0.00026,0.96073,0.00023
68.97794,0.48529,0.03204,0.00018,0.96763,0.00015
69.08088,0.48530,0.02492,0.00009,0.97487,0.00012
69.18382,0.48530,0.02358,0.00008,0.97624,0.00011
69.28677,0.48529,0.02859,0.00013,0.97117,0.00011
69.38971,0.48529,0.02533,0.00012,0.97443,0.00013
69.49265,0.48530,0.03328,0.00021,0.96632,0.00019
69.59559,0.48529,0.03865,0.00021,0.96093,0.00022
69.69853,0.48529,0.03576,0.00023,0.96379,0.00022
69.80147,0.48530,0.02977,0.00016,0.96992,0.00015
69.90441,0.48530,0.02623,0.00010,0.97355,0.00012
70.00735,0.48529,0.02677,0.00010,0.97300,0.00013
70.11029,0.48530,0.02651,0.00012,0.97325,0.00013
70.21323,0.48530,0.03127,0.00019,0.96834,0.00020
70.31618,0.48529,0.03368,0.00021,0.96592,0.00019
70.41912,0.48529,0.03417,0.00021,0.96542,0.00020
70.52206,0.48530,0.03267,0.00023,0.96689,0.00021
70.62500,0.48529,0.03046,0.00021,0.96916,0.00018
70.72794,0.48529,0.02337,0.00008,0.97644,0.00011
70.83088,0.48530,0.02701,0.00009,0.97279,0.00010
70.93382,0.48530,0.02853,0.00012,0.97124,0.00011
71.03677,0.48529,0.02614,0.00011,0.97364,0.00011
71.13971,0.48529,0.03678,0.00027,0.96272,0.00023
71.24265,0.48530,0.03423,0.00019,0.96538,0.00020
71.34559,0.48529,0.03301,0.00020,0.96659,0.00020
71.44853,0.48529,0.03624,0.00026,0.96329,0.00021
71.55147,0.48530,0.03477,0.00023,0.96482,0.00018
71.65441,0.48530,0.02367,0.00007,0.97617,0.00009
71.75735,0.48529,0.02577,0.00011,0.97402,0.00010
71.86029,0.48530,0.02280,0.00008,0.97704,0.00009
71.96323,0.48530,0.03183,0.00020,0.96781,0.00016
72.06618,0.48529,0.03535,0.00023,0.96421,0.00022
72.16912,0.48529,0.03844,0.00026,0.96107,0.00023
72.27206,0.48530,0.03059,0.00019,0.96903,0.00019
72.37500,0.48529,0.03603,0.00031,0.96342,0.00023
72.47794,0.48529,0.02981,0.00014,0.96989,0.00016
72.58088,0.48530,0.02309,0.00008,0.97674,0.00010
72.68382,0.48530,0.02470,0.00009,0.97510,0.00011
72.78677,0.48529,0.02624,0.00011,0.97354,0.00011
72.88971,0.48529,0.02989,0.00018,0.96977,0.00016
72.99265,0.48530,0.03947,0.00028,0.96000,0.00025
73.09559,0.48529,0.03714,0.00027,0.96235,0.00024
73.19853,0.48529,0.03184,0.00018,0.96781,0.00017
73.30147,0.48530,0.02676,0.00013,0.97295,0.00016
73.40441,0.48530,0.03490,0.00014,0.96478,0.00017
73.50735,0.48529,0.02161,0.00009,0.97821,0.00010
73.61029,0.48530,0.02535,0.00010,0.97443,0.00012
73.71323,0.48530,0.03625,0.00027,0.96329,0.00020
73.81618,0.48529,0.03444,0.00018,0.96520,0.00018
73.91912,0.48529,0.03908,0.00030,0.96034,0.00028
74.02206,0.48530,0.03540,0.00021,0.96419,0.00020
74.12500,0.48529,0.03114,0.00018,0.96852,0.00016
74.22794,0.48529,0.02808,0.00015,0.97162,0.00015
74.33088,0.48530,0.02284,0.00010,0.97695,0.00011
74.43382,0.48530,0.02278,0.00010,0.97701,0.00011
74.53677,0.48529,0.03777,0.00031,0.96173,0.00019
74.63971,0.48529,0.03264,0.00020,0.96697,0.00020
74.74265,0.48530,0.03145,0.00018,0.96818,0.00019
74.84559,0.48529,0.03601,0.00025,0.96349,0.00025
74.94853,0.48529,0.03720,0.00022,0.96238,0.00020
75.05147,0.48530,0.03206,0.00017,0.96759,0.00018
75.15441,0.48530,0.02521,0.00011,0.97458,0.00011
75.25735,0.48529,0.02208,0.00008,0.97774,0.00010
75.36029,0.48530,0.03539,0.00026,0.96418,0.00018
75.46323,0.48530,0.03164,0.00019,0.96799,0.00018
75.56618,0.48529,0.02942,0.00016,0.97025,0.00017
75.66912,0.48529,0.03340,0.00020,0.96621,0.00018
75.77206,0.48530,0.03446,0.00021,0.96512,0.00021
75.87500,0.48529,0.03403,0.00025,0.96549,0.00023
75.97794,0.48529,0.02498,0.00008,0.97483,0.00011
76.08088,0.48530,0.02594,0.00011,0.97382,0.00013
76.18382,0.48530,0.02354,0.00009,0.97626,0.00011
76.28677,0.48529,0.03040,0.00018,0.96927,0.00015
76.38971,0.48529,0.03122,0.00016,0.96845,0.00017
76.49265,0.48530,0.03733,0.00024,0.96216,0.00027
76.59559,0.48529,0.03655,0.00022,0.96300,0.00023
76.69853,0.48529,0.03100,0.00017,0.96867,0.00016
76.80147,0.48530,0.02811,0.00013,0.97162,0.00014
76.90441,0.48530,0.02725,0.00016,0.97244,0.00016
77.00735,0.48529,0.02640,0.00013,0.97335,0.00013
77.11029,0.48530,0.03108,0.00023,0.96852,0.00017
77.21323,0.48530,0.03443,0.00024,0.96514,0.00020
77.31618,0.48529,0.03591,0.00026,0.96362,0.00022
77.41912,0.48529,0.02974,0.00018,0.96990,0.00018
77.52206,0.48530,0.02879,0.00019,0.97087,0.00015
77.62500,0.48529,0.02725,0.00012,0.97250,0.00013
77.72794,0.48529,0.02414,0.00010,0.97563,0.00013
77.83088,0.48530,0.02554,0.00009,0.97427,0.00010
77.93382,0.48530,0.02896,0.00015,0.97077,0.00012
78.03677,0.48529,0.03113,0.00018,0.96852,0.00017
78.13971,0.48529,0.03362,0.00021,0.96597,0.00020
78.24265,0.48530,0.03837,0.00027,0.96113,0.00022
78.34559,0.48529,0.03746,0.00024,0.96209,0.00021
78.44853,0.48529,0.02781,0.00011,0.97195,0.00013
78.55147,0.48530,0.02660,0.00010,0.97320,0.00011
78.65441,0.48530,0.02350,0.00007,0.97633,0.00010
78.75735,0.48529,0.02787,0.00012,0.97189,0.00012
78.86029,0.48530,0.02965,0.00017,0.97002,0.00016
78.96323,0.48530,0.03111,0.00015,0.96860,0.00014
79.06618,0.48529,0.03874,0.00026,0.96076,0.00024
79.16912,0.48529,0.03372,0.00019,0.96589,0.00020
79.27206,0.48530,0.03015,0.00017,0.96952,0.00016
79.37500,0.48529,0.02552,0.00010,0.97426,0.00012
79.47794,0.48529,0.02855,0.00010,0.97122,0.00013
79.58088,0.48530,0.02585,0.00010,0.97393,0.00011
79.68382,0.48530,0.02512,0.00010,0.97466,0.00012
79.78677,0.48529,0.03553,0.00024,0.96402,0.00022
79.88971,0.48529,0.03759,0.00025,0.96194,0.00022
79.99265,0.48530,0.03286,0.00016,0.96677,0.00021
80.09559,0.48529,0.02915,0.00014,0.97054,0.00017
80.19853,0.48529,0.02824,0.00015,0.97145,0.00016
80.30147,0.48530,0.02719,0.00012,0.97255,0.00014
80.40441,0.48530,0.02407,0.00011,0.97566,0.00016
80.50735,0.48529,0.03440,0.00021,0.96517,0.00022
80.61029,0.48530,0.02737,0.00012,0.97237,0.00014
80.71323,0.48530,0.03282,0.00019,0.96679,0.00019
80.81618,0.48529,0.03400,0.00023,0.96556,0.00022
80.91912,0.48529,0.03204,0.00017,0.96762,0.00017
81.02206,0.48530,0.03267,0.00020,0.96694,0.00019
81.12500,0.48529,0.02976,0.00013,0.96996,0.00015
81.22794,0.48529,0.02430,0.00010,0.97550,0.00011
81.33088,0.48530,0.02348,0.00008,0.97634,0.00010
81.43382,0.48530,0.03528,0.00026,0.96422,0.00024
81.53677,0.48529,0.03373,0.00020,0.96590,0.00017
81.63971,0.48529,0.03442,0.00020,0.96516,0.00022
81.74265,0.48530,0.03720,0.00026,0.96231,0.00023
81.84559,0.48529,0.03545,0.00027,0.96404,0.00024
81.94853,0.48529,0.02876,0.00015,0.97095,0.00015
82.05147,0.48530,0.02948,0.00013,0.97025,0.00014
82.15441,0.48530,0.02531,0.00009,0.97450,0.00010
82.25735,0.48529,0.02908,0.00015,0.97064,0.00014
82.36029,0.48530,0.03175,0.00020,0.96789,0.00016
82.46323,0.48530,0.03583,0.00025,0.96369,0.00023
82.56618,0.48529,0.03332,0.00020,0.96626,0.00022
82.66912,0.48529,0.03843,0.00033,0.96099,0.00025
82.77206,0.48530,0.03128,0.00014,0.96842,0.00015
82.87500,0.48529,0.02778,0.00011,0.97199,0.00012
82.97794,0.48529,0.02449,0.00007,0.97535,0.00008
83.08088,0.48530,0.02342,0.00009,0.97639,0.00010
83.18382,0.48530,0.02989,0.00015,0.96984,0.00013
83.28677,0.48529,0.03312,0.00019,0.96648,0.00021
83.38971,0.48529,0.03449,0.00023,0.96507,0.00022
83.49265,0.48530,0.03138,0.00022,0.96819,0.00021
83.59559,0.48529,0.03380,0.00019,0.96583,0.00018
83.69853,0.48529,0.03085,0.00012,0.96889,0.00014
83.80147,0.48530,0.03049,0.00012,0.96923,0.00016
83.90441,0.48530,0.02307,0.00008,0.97674,0.00010
84.00735,0.48529,0.02831,0.00013,0.97143,0.00013
84.11029,0.48530,0.03449,0.00025,0.96506,0.00020
84.21323,0.48530,0.03614,0.00018,0.96347,0.00021
84.31618,0.48529,0.02971,0.00016,0.96995,0.00018
84.41912,0.48529,0.02877,0.00016,0.97093,0.00015
84.52206,0.48530,0.02977,0.00020,0.96982,0.00022
84.62500,0.48529,0.02675,0.00010,0.97303,0.00011
84.72794,0.48529,0.02635,0.00010,0.97345,0.00010
84.83088,0.48530,0.02723,0.00013,0.97252,0.00011
84.93382,0.48530,0.02937,0.00018,0.97030,0.00016
85.03677,0.48529,0.03384,0.00022,0.96576,0.00019
85.13971,0.48529,0.03685,0.00023,0.96270,0.00022
85.24265,0.48530,0.03609,0.00026,0.96343,0.00023
85.34559,0.48529,0.03897,0.00022,0.96058,0.00023
85.44853,0.48529,0.02977,0.00014,0.96992,0.00016
85.55147,0.48530,0.02937,0.00015,0.97034,0.00014
85.65441,0.48530,0.02357,0.00011,0.97619,0.00013
85.75735,0.48529,0.03461,0.00023,0.96498,0.00018
85.86029,0.48530,0.03076,0.00021,0.96886,0.00016
85.96323,0.48530,0.03373,0.00021,0.96588,0.00019
86.06618,0.48529,0.03394,0.00024,0.96560,0.00022
86.16912,0.48529,0.03317,0.00015,0.96652,0.00016
86.27206,0.48530,0.02800,0.00012,0.97175,0.00013
86.37500,0.48529,0.02787,0.00011,0.97190,0.00012
86.47794,0.48529,0.02897,0.00008,0.97081,0.00013
86.58088,0.48530,0.02677,0.00013,0.97296,0.00014
86.68382,0.48530,0.03031,0.00016,0.96936,0.00017
86.78677,0.48529,0.03514,0.00023,0.96443,0.00021
86.88971,0.48529,0.03411,0.00019,0.96549,0.00020
86.99265,0.48530,0.03345,0.00024,0.96610,0.00022
87.09559,0.48529,0.03038,0.00019,0.96925,0.00018
87.19853,0.48529,0.02932,0.00013,0.97040,0.00015
87.30147,0.48530,0.02649,0.00010,0.97329,0.00012
87.40441,0.48530,0.02579,0.00013,0.97396,0.00012
87.50735,0.48529,0.02941,0.00016,0.97029,0.00014
87.61029,0.48530,0.03559,0.00025,0.96395,0.00022
87.71323,0.48530,0.03164,0.00018,0.96798,0.00020
87.81618,0.48529,0.03518,0.00028,0.96428,0.00026
87.91912,0.48529,0.02839,0.00016,0.97127,0.00018
88.02206,0.48530,0.02756,0.00010,0.97223,0.00012
88.12500,0.48529,0.02726,0.00011,0.97250,0.00013
88.22794,0.48529,0.02157,0.00008,0.97824,0.00011
88.33088,0.48530,0.02417,0.00010,0.97561,0.00012
88.43382,0.48530,0.03517,0.00024,0.96440,0.00020
88.53677,0.48529,0.03955,0.00026,0.95995,0.00025
88.63971,0.48529,0.03499,0.00020,0.96459,0.00022
88.74265,0.48530,0.03451,0.00021,0.96508,0.00021
88.84559,0.48529,0.02927,0.00018,0.97039,0.00016
88.94853,0.48529,0.03065,0.00015,0.96903,0.00016
89.05147,0.48530,0.02822,0.00011,0.97155,0.00013
89.15441,0.48530,0.02994,0.00015,0.96978,0.00014
89.25735,0.48529,0.02688,0.00016,0.97281,0.00015
89.36029,0.48530,0.03420,0.00021,0.96539,0.00019
89.46323,0.48530,0.03530,0.00024,0.96425,0.00021
89.56618,0.48529,0.03882,0.00027,0.96069,0.00021
89.66912,0.48529,0.03457,0.00022,0.96503,0.00018
89.77206,0.48530,0.02823,0.00014,0.97148,0.00015
89.87500,0.48529,0.02876,0.00011,0.97100,0.00013
89.97794,0.48529,0.02341,0.00011,0.97638,0.00010
90.08088,0.48530,0.03511,0.00024,0.96442,0.00023
90.18382,0.48530,0.03313,0.00024,0.96643,0.00021
90.28677,0.48529,0.03796,0.00024,0.96156,0.00024
90.38971,0.48529,0.03199,0.00020,0.96760,0.00020
90.49265,0.48530,0.03365,0.00022,0.96594,0.00019
90.59559,0.48529,0.02557,0.00010,0.97420,0.00013
90.69853,0.48529,0.02667,0.00012,0.97306,0.00015
90.80147,0.48530,0.02540,0.00010,0.97440,0.00010
90.90441,0.48530,0.02635,0.00012,0.97340,0.00013
91.00735,0.48529,0.03511,0.00024,0.96448,0.00017
91.11029,0.48530,0.03404,0.00018,0.96553,0.00025
91.21323,0.48530,0.03683,0.00023,0.96272,0.00023
91.31618,0.48529,0.03501,0.00025,0.96454,0.00020
91.41912,0.48529,0.02630,0.00012,0.97346,0.00012
91.52206,0.48530,0.02877,0.00011,0.97096,0.00015
91.62500,0.48529,0.02896,0.00008,0.97084,0.00012
91.72794,0.48529,0.02360,0.00008,0.97623,0.00010
91.83088,0.48530,0.03359,0.00025,0.96597,0.00019
91.93382,0.48530,0.03568,0.00024,0.96387,0.00021
92.03677,0.48529,0.03559,0.00021,0.96399,0.00022
92.13971,0.48529,0.03282,0.00022,0.96675,0.00020
92.24265,0.48530,0.03590,0.00026,0.96363,0.00021
92.34559,0.48529,0.03158,0.00016,0.96808,0.00018
92.44853,0.48529,0.02671,0.00009,0.97309,0.00010
92.55147,0.48530,0.02399,0.00008,0.97583,0.00010
92.65441,0.48530,0.03034,0.00017,0.96934,0.00015
92.75735,0.48529,0.02843,0.00012,0.97133,0.00012
92.86029,0.48530,0.03681,0.00023,0.96272,0.00024
92.96323,0.48530,0.03545,0.00020,0.96415,0.00020
93.06618,0.48529,0.03452,0.00023,0.96503,0.00023
93.16912,0.48529,0.02769,0.00016,0.97197,0.00018
93.27206,0.48530,0.02683,0.00012,0.97293,0.00012
93.37500,0.48529,0.02580,0.00011,0.97396,0.00012
93.47794,0.48529,0.02605,0.00012,0.97369,0.00013
93.58088,0.48530,0.03306,0.00022,0.96652,0.00020
93.68382,0.48530,0.03908,0.00026,0.96043,0.00022
93.78677,0.48529,0.03433,0.00022,0.96524,0.00022
93.88971,0.48529,0.03291,0.00023,0.96666,0.00020
93.99265,0.48530,0.03964,0.00022,0.95993,0.00022
94.09559,0.48529,0.02735,0.00012,0.97239,0.00014
94.19853,0.48529,0.02517,0.00011,0.97460,0.00012
94.30147,0.48530,0.02826,0.00014,0.97146,0.00014
94.40441,0.48530,0.03847,0.00033,0.96099,0.00021
94.50735,0.48529,0.03246,0.00020,0.96715,0.00018
94.61029,0.48530,0.03138,0.00017,0.96827,0.00019
94.71323,0.48530,0.03369,0.00023,0.96588,0.00020
94.81618,0.48529,0.03782,0.00021,0.96175,0.00022
94.91912,0.48529,0.02552,0.00009,0.97428,0.00011
95.02206,0.48530,0.02665,0.00011,0.97312,0.00012
95.12500,0.48529,0.02494,0.00010,0.97484,0.00012
95.22794,0.48529,0.03244,0.00019,0.96720,0.00017
95.33088,0.48530,0.03091,0.00015,0.96879,0.00015
95.43382,0.48530,0.03305,0.00018,0.96658,0.00019
95.53677,0.48529,0.03741,0.00026,0.96211,0.00022
95.63971,0.48529,0.03671,0.00020,0.96289,0.00020
95.74265,0.48530,0.03474,0.00020,0.96488,0.00018
95.84559,0.48529,0.02771,0.00011,0.97206,0.00012
95.94853,0.48529,0.02333,0.00008,0.97647,0.00011
96.05147,0.48530,0.03212,0.00020,0.96753,0.00016
96.15441,0.48530,0.03065,0.00018,0.96902,0.00016
96.25735,0.48529,0.03381,0.00020,0.96580,0.00019
96.36029,0.48530,0.03182,0.00020,0.96778,0.00020
96.46323,0.48530,0.03483,0.00021,0.96475,0.00021
96.56618,0.48529,0.03187,0.00018,0.96777,0.00019
96.66912,0.48529,0.02323,0.00009,0.97658,0.00010
96.77206,0.48530,0.02491,0.00010,0.97486,0.00013
96.87500,0.48529,0.02803,0.00011,0.97175,0.00012
96.97794,0.48529,0.03083,0.00016,0.96886,0.00015
97.08088,0.48530,0.03248,0.00020,0.96711,0.00021
97.18382,0.48530,0.03479,0.00021,0.96476,0.00024
97.28677,0.48529,0.03636,0.00024,0.96318,0.00022
97.38971,0.48529,0.03292,0.00023,0.96666,0.00019
97.49265,0.48530,0.03348,0.00017,0.96618,0.00017
97.59559,0.48529,0.03043,0.00013,0.96928,0.00016
97.69853,0.48529,0.03044,0.00015,0.96927,0.00014
97.80147,0.48530,0.03096,0.00018,0.96869,0.00017
97.90441,0.48530,0.04009,0.00029,0.95937,0.00025
98.00735,0.48529,0.04514,0.00037,0.95416,0.00034
98.11029,0.48530,0.04712,0.00029,0.95223,0.00036
98.21323,0.48530,0.03987,0.00026,0.95963,0.00024
98.31618,0.48529,0.03796,0.00020,0.96164,0.00020
98.41912,0.48529,0.03706,0.00024,0.96244,0.00027
98.52206,0.48530,0.03663,0.00016,0.96301,0.00020
98.62500,0.48529,0.03140,0.00013,0.96833,0.00014
98.72794,0.48529,0.04493,0.00039,0.95431,0.00037
98.83088,0.48530,0.03977,0.00021,0.95974,0.00028
98.93382,0.48530,0.03957,0.00023,0.95992,0.00028
99.03677,0.48529,0.04737,0.00031,0.95202,0.00030
99.13971,0.48529,0.05056,0.00033,0.94873,0.00037
99.24265,0.48530,0.04220,0.00020,0.95730,0.00030
99.34559,0.48529,0.03681,0.00019,0.96270,0.00030
99.44853,0.48529,0.03939,0.00021,0.96018,0.00022
99.55147,0.48530,0.03998,0.00025,0.95949,0.00028
99.65441,0.48530,0.04827,0.00043,0.95092,0.00038
99.75735,0.48529,0.04607,0.00031,0.95326,0.00036
99.86029,0.48530,0.04673,0.00029,0.95256,0.00041
99.96323,0.48530,0.04747,0.00034,0.95183,0.00035
100.06618,0.48529,0.05354,0.00033,0.94578,0.00035
100.16912,0.48529,0.05192,0.00031,0.94735,0.00041
100.27206,0.48530,0.04651,0.00027,0.95287,0.00036
100.37500,0.48529,0.04451,0.00029,0.95482,0.00038
100.47794,0.48529,0.04566,0.00035,0.95364,0.00035
100.58088,0.48530,0.04635,0.00029,0.95302,0.00034
100.68382,0.48530,0.04895,0.00036,0.95032,0.00038
100.78677,0.48529,0.04372,0.00028,0.95568,0.00032
100.88971,0.48529,0.04682,0.00035,0.95249,0.00034
100.99265,0.48530,0.04627,0.00030,0.95310,0.00033
101.09559,0.48529,0.04153,0.00026,0.95793,0.00028
101.19853,0.48529,0.03819,0.00020,0.96135,0.00025
101.30147,0.48530,0.04154,0.00032,0.95784,0.00030
101.40441,0.48530,0.04712,0.00033,0.95220,0.00035
101.50735,0.48529,0.04343,0.00027,0.95595,0.00035
101.61029,0.48530,0.04342,0.00031,0.95591,0.00035
101.71323,0.48530,0.04852,0.00033,0.95080,0.00035
101.81618,0.48529,0.04298,0.00023,0.95652,0.00027
101.91912,0.48529,0.04641,0.00030,0.95298,0.00032
102.02206,0.48530,0.04053,0.00023,0.95897,0.00026
102.12500,0.48529,0.04817,0.00038,0.95113,0.00032
102.22794,0.48529,0.05325,0.00043,0.94589,0.00043
102.33088,0.48530,0.04831,0.00036,0.95092,0.00041
102.43382,0.48530,0.04271,0.00027,0.95673,0.00030
102.53677,0.48529,0.05108,0.00036,0.94821,0.00036
102.63971,0.48529,0.04289,0.00024,0.95658,0.00029
102.74265,0.48530,0.04349,0.00028,0.95592,0.00031
102.84559,0.48529,0.04159,0.00029,0.95785,0.00026
102.94853,0.48529,0.04095,0.00023,0.95854,0.00029
103.05147,0.48530,0.05277,0.00039,0.94648,0.00036
103.15441,0.48530,0.07197,0.00048,0.92697,0.00058
103.25735,0.48529,0.06122,0.00040,0.93778,0.00060
103.36029,0.48530,0.04424,0.00030,0.95506,0.00040
103.46323,0.48530,0.05273,0.00038,0.94648,0.00042
103.56618,0.48529,0.05174,0.00035,0.94743,0.00049
103.66912,0.48529,0.04259,0.00022,0.95692,0.00027
103.77206,0.48530,0.04984,0.00035,0.94944,0.00037
103.87500,0.48529,0.06472,0.00040,0.93431,0.00056
103.97794,0.48529,0.04454,0.00029,0.95476,0.00041
104.08088,0.48530,0.05675,0.00041,0.94216,0.00068
104.18382,0.48530,0.09625,0.00030,0.90302,0.00043
104.28677,0.48529,0.14479,0.00051,0.85348,0.00122
104.38971,0.48529,0.17330,0.00090,0.82407,0.00173
104.49265,0.48530,0.11417,0.00043,0.88430,0.00111
104.59559,0.48529,0.06809,0.00023,0.93109,0.00060
104.69853,0.48529,0.07243,0.00028,0.92670,0.00059
104.80147,0.48530,0.06210,0.00017,0.93737,0.00036
104.90441,0.48530,0.06369,0.00019,0.93566,0.00046
105.00735,0.48529,0.05885,0.00018,0.94051,0.00045
105.11029,0.48530,0.06282,0.00028,0.93635,0.00055
105.21323,0.48530,0.05887,0.00019,0.94049,0.00044
105.31618,0.48529,0.05675,0.00021,0.94255,0.00049
105.41912,0.48529,0.06004,0.00024,0.93922,0.00051
105.52206,0.48530,0.05370,0.00017,0.94576,0.00037
105.62500,0.48529,0.05885,0.00024,0.94042,0.00050
105.72794,0.48529,0.06256,0.00023,0.93677,0.00044
105.83088,0.48530,0.05451,0.00024,0.94478,0.00047
105.93382,0.48530,0.05635,0.00017,0.94312,0.00036
106.03677,0.48529,0.06852,0.00028,0.93064,0.00056
106.13971,0.48529,0.06547,0.00040,0.93337,0.00076
106.24265,0.48530,0.06367,0.00023,0.93560,0.00050
106.34559,0.48529,0.05571,0.00020,0.94361,0.00048
106.44853,0.48529,0.06121,0.00021,0.93814,0.00044
106.55147,0.48530,0.05257,0.00019,0.94685,0.00039
106.65441,0.48530,0.05809,0.00018,0.94138,0.00035
106.75735,0.48529,0.06849,0.00033,0.93068,0.00050
106.86029,0.48530,0.07197,0.00020,0.92743,0.00041
106.96323,0.48530,0.06941,0.00026,0.92974,0.00060
107.06618,0.48529,0.08456,0.00049,0.91393,0.00102
107.16912,0.48529,0.07529,0.00020,0.92403,0.00048
107.27206,0.48530,0.06072,0.00017,0.93864,0.00047
107.37500,0.48529,0.07650,0.00030,0.92253,0.00067
107.47794,0.48529,0.06192,0.00017,0.93750,0.00041
107.58088,0.48530,0.06481,0.00019,0.93449,0.00051
107.68382,0.48530,0.07068,0.00029,0.92839,0.00065
107.78677,0.48529,0.06017,0.00017,0.93927,0.00040
107.88971,0.48529,0.17385,0.00039,0.82462,0.00115
107.99265,0.48530,0.20011,0.00031,0.79834,0.00124
108.09559,0.48529,0.14588,0.00049,0.85224,0.00138
108.19853,0.48529,0.10941,0.00045,0.88896,0.00118
108.30147,0.48530,0.15852,0.00058,0.83915,0.00175
108.40441,0.48530,0.10377,0.00027,0.89495,0.00101
108.50735,0.48529,0.14607,0.00053,0.85238,0.00102
108.61029,0.48530,0.10877,0.00036,0.89021,0.00066
108.71323,0.48530,0.08075,0.00026,0.91850,0.00050
108.81618,0.48529,0.06374,0.00021,0.93559,0.00047
108.91912,0.48529,0.05449,0.00018,0.94491,0.00043
109.02206,0.48530,0.05433,0.00018,0.94506,0.00042
109.12500,0.48529,0.05516,0.00019,0.94432,0.00034
109.22794,0.48529,0.06002,0.00025,0.93926,0.00048
109.33088,0.48530,0.06030,0.00023,0.93906,0.00041
109.43382,0.48530,0.05612,0.00023,0.94315,0.00050
109.53677,0.48529,0.05790,0.00023,0.94143,0.00045
109.63971,0.48529,0.05872,0.00024,0.94054,0.00050
109.74265,0.48530,0.05448,0.00020,0.94493,0.00039
109.84559,0.48529,0.05597,0.00022,0.94341,0.00041
109.94853,0.48529,0.05704,0.00023,0.94229,0.00043
110.05147,0.48530,0.05789,0.00024,0.94146,0.00040
110.15441,0.48530,0.05715,0.00023,0.94224,0.00038
110.25735,0.48529,0.05445,0.00025,0.94484,0.00046
110.36029,0.48530,0.05990,0.00025,0.93934,0.00050
110.46323,0.48530,0.05542,0.00025,0.94383,0.00050
110.56618,0.48529,0.05436,0.00020,0.94503,0.00041
110.66912,0.48529,0.05649,0.00021,0.94288,0.00042
110.77206,0.48530,0.05802,0.00022,0.94136,0.00040
110.87500,0.48529,0.05621,0.00023,0.94315,0.00041
110.97794,0.48529,0.05736,0.00024,0.94198,0.00042
111.08088,0.48530,0.05417,0.00024,0.94519,0.00041
111.18382,0.48530,0.05697,0.00025,0.94233,0.00045
111.28677,0.48529,0.05870,0.00026,0.94053,0.00051
111.38971,0.48529,0.05489,0.00023,0.94445,0.00043
111.49265,0.48530,0.05439,0.00021,0.94499,0.00041
111.59559,0.48529,0.05360,0.00020,0.94583,0.00038
111.69853,0.48529,0.05364,0.00023,0.94571,0.00041
111.80147,0.48530,0.05578,0.00022,0.94359,0.00041
111.90441,0.48530,0.05709,0.00026,0.94221,0.00045
112.00735,0.48529,0.05474,0.00023,0.94462,0.00041
112.11029,0.48530,0.05847,0.00028,0.94076,0.00050
112.21323,0.48530,0.05471,0.00023,0.94459,0.00047
112.31618,0.48529,0.05354,0.00020,0.94583,0.00043
112.41912,0.48529,0.05419,0.00022,0.94516,0.00043
112.52206,0.48530,0.05715,0.00024,0.94215,0.00046
112.62500,0.48529,0.05452,0.00022,0.94488,0.00038
112.72794,0.48529,0.05814,0.00029,0.94107,0.00050
112.83088,0.48530,0.05677,0.00024,0.94259,0.00040
112.93382,0.48530,0.05445,0.00028,0.94476,0.00051
113.03677,0.48529,0.06016,0.00025,0.93917,0.00042
113.13971,0.48529,0.05219,0.00021,0.94717,0.00043
113.24265,0.48530,0.05755,0.00022,0.94180,0.00044
113.34559,0.48529,0.05840,0.00028,0.94082,0.00050
113.44853,0.48529,0.05732,0.00024,0.94203,0.00041
113.55147,0.48530,0.05528,0.00025,0.94404,0.00042
113.65441,0.48530,0.05761,0.00027,0.94169,0.00044
113.75735,0.48529,0.05653,0.00027,0.94277,0.00044
113.86029,0.48530,0.05823,0.00028,0.94101,0.00048
113.96323,0.48530,0.05443,0.00023,0.94490,0.00045
114.06618,0.48529,0.05323,0.00022,0.94612,0.00043
114.16912,0.48529,0.05367,0.00022,0.94569,0.00042
114.27206,0.48530,0.05693,0.00024,0.94240,0.00042
114.37500,0.48529,0.05869,0.00029,0.94057,0.00045
114.47794,0.48529,0.06201,0.00031,0.93721,0.00047
114.58088,0.48530,0.05990,0.00030,0.93932,0.00048
114.68382,0.48530,0.05846,0.00028,0.94075,0.00051
114.78677,0.48529,0.05232,0.00022,0.94702,0.00044
114.88971,0.48529,0.05501,0.00024,0.94430,0.00045
114.99265,0.48530,0.05240,0.00020,0.94702,0.00037
115.09559,0.48529,0.05853,0.00027,0.94071,0.00049
115.19853,0.48529,0.05452,0.00025,0.94482,0.00041
115.30147,0.48530,0.05675,0.00027,0.94253,0.00045
115.40441,0.48530,0.05852,0.00027,0.94074,0.00047
115.50735,0.48529,0.05398,0.00024,0.94535,0.00043
115.61029,0.48530,0.06029,0.00030,0.93896,0.00045
115.71323,0.48530,0.05515,0.00025,0.94414,0.00046
115.81618,0.48529,0.05198,0.00019,0.94746,0.00038
115.91912,0.48529,0.05653,0.00023,0.94281,0.00043
116.02206,0.48530,0.05954,0.00028,0.93972,0.00047
116.12500,0.48529,0.06147,0.00033,0.93767,0.00052
116.22794,0.48529,0.05863,0.00026,0.94069,0.00042
116.33088,0.48530,0.06323,0.00031,0.93592,0.00053
116.43382,0.48530,0.06128,0.00028,0.93791,0.00052
116.53677,0.48529,0.05595,0.00024,0.94333,0.00048
116.63971,0.48529,0.05678,0.00024,0.94251,0.00047
116.74265,0.48530,0.05363,0.00020,0.94575,0.00042
116.84559,0.48529,0.05688,0.00028,0.94231,0.00053
116.94853,0.48529,0.05978,0.00030,0.93945,0.00048
117.05147,0.48530,0.05618,0.00024,0.94317,0.00041
117.15441,0.48530,0.06057,0.00029,0.93865,0.00049
117.25735,0.48529,0.05900,0.00026,0.94028,0.00045
117.36029,0.48530,0.05761,0.00029,0.94160,0.00050
117.46323,0.48530,0.05793,0.00027,0.94130,0.00050
117.56618,0.48529,0.05478,0.00025,0.94449,0.00048
117.66912,0.48529,0.05459,0.00021,0.94480,0.00040
117.77206,0.48530,0.06038,0.00029,0.93887,0.00046
117.87500,0.48529,0.05729,0.00026,0.94202,0.00044
117.97794,0.48529,0.06028,0.00028,0.93896,0.00048
118.08088,0.48530,0.05289,0.00024,0.94645,0.00042
118.18382,0.48530,0.05315,0.00024,0.94618,0.00043
118.28677,0.48529,0.05535,0.00023,0.94400,0.00042
118.38971,0.48529,0.05772,0.00024,0.94157,0.00047
118.49265,0.48530,0.05488,0.00023,0.94442,0.00047
118.59559,0.48529,0.05326,0.00022,0.94611,0.00041
118.69853,0.48529,0.05982,0.00027,0.93947,0.00043
118.80147,0.48530,0.05678,0.00025,0.94254,0.00042
118.90441,0.48530,0.06000,0.00028,0.93925,0.00047
119.00735,0.48529,0.05573,0.00029,0.94353,0.00046
119.11029,0.48530,0.05937,0.00025,0.93988,0.00050
119.21323,0.48530,0.05359,0.00022,0.94579,0.00040
119.31618,0.48529,0.05633,0.00023,0.94287,0.00056
119.41912,0.48529,0.05727,0.00026,0.94202,0.00045
119.52206,0.48530,0.05983,0.00029,0.93940,0.00048
119.62500,0.48529,0.06339,0.00032,0.93576,0.00054
119.72794,0.48529,0.05415,0.00025,0.94513,0.00048
119.83088,0.48530,0.05692,0.00028,0.94236,0.00045
119.93382,0.48530,0.05613,0.00025,0.94312,0.00050
120.03677,0.48529,0.05293,0.00020,0.94646,0.00041
120.13971,0.48529,0.05449,0.00023,0.94486,0.00042
120.24265,0.48530,0.05669,0.00021,0.94266,0.00044
120.34559,0.48529,0.05560,0.00024,0.94372,0.00045
120.44853,0.48529,0.05989,0.00031,0.93935,0.00046
