Time (seconds), Duration (seconds),pred_unlabelled,pred_Dry,pred_Wet,pred_Touch
0.00735,0.48529,0.05061,0.93516,0.01097,0.00326
0.11029,0.48529,0.05061,0.93516,0.01097,0.00326
0.21324,0.48529,0.05061,0.93516,0.01097,0.00326
0.31618,0.48529,0.05061,0.93516,0.01097,0.00326
0.41912,0.48529,0.05061,0.93516,0.01097,0.00326
0.52206,0.48529,0.05061,0.93516,0.01097,0.00326
0.62500,0.48529,0.05061,0.93516,0.01097,0.00326
0.72794,0.48529,0.05061,0.93516,0.01097,0.00326
0.83088,0.48529,0.05061,0.93516,0.01097,0.00326
0.93382,0.48529,0.05061,0.93516,0.01097,0.00326
1.03676,0.48529,0.05061,0.93516,0.01097,0.00326
1.13971,0.48529,0.05061,0.93516,0.01097,0.00326
1.24265,0.48529,0.05061,0.93516,0.01097,0.00326
1.34559,0.48529,0.25561,0.65475,0.07646,0.01319
1.44853,0.48529,0.77311,0.06822,0.15203,0.00664
1.55147,0.48529,0.92438,0.00898,0.06596,0.00069
1.65441,0.48529,0.94368,0.00147,0.05459,0.00027
1.75735,0.48529,0.88385,0.00956,0.10620,0.00039
1.86029,0.48529,0.68893,0.00185,0.30872,0.00050
1.96324,0.48529,0.95458,0.00037,0.04476,0.00030
2.06618,0.48529,0.98171,0.00003,0.01776,0.00050
2.16912,0.48529,0.95786,0.00119,0.03465,0.00629
2.27206,0.48529,0.74190,0.00336,0.02827,0.22647
2.37500,0.48529,0.25378,0.00027,0.00187,0.74408
2.47794,0.48529,0.99892,0.00001,0.00065,0.00042
2.58088,0.48529,0.99152,0.00009,0.00834,0.00004
2.68382,0.48529,0.96444,0.00109,0.03308,0.00139
2.78676,0.48529,0.99877,0.00038,0.00060,0.00024
2.88971,0.48529,0.98003,0.00451,0.01245,0.00301
2.99265,0.48529,0.79411,0.16909,0.02907,0.00773
3.09559,0.48529,0.29460,0.65050,0.04237,0.01253
3.19853,0.48529,0.05061,0.93516,0.01097,0.00326
3.30147,0.48529,0.05061,0.93516,0.01097,0.00326
3.40441,0.48529,0.05061,0.93516,0.01097,0.00326
3.50735,0.48529,0.05061,0.93516,0.01097,0.00326
3.61029,0.48529,0.22197,0.65508,0.10877,0.01418
3.71324,0.48529,0.69413,0.08641,0.21373,0.00573
3.81618,0.48529,0.88484,0.00440,0.11049,0.00026
3.91912,0.48529,0.94434,0.00508,0.05035,0.00023
4.02206,0.48529,0.98835,0.00158,0.00923,0.00084
4.12500,0.48529,0.98154,0.00248,0.01376,0.00221
4.22794,0.48529,0.97396,0.00364,0.01376,0.00864
4.33088,0.48529,0.04119,0.00024,0.00056,0.95801
4.43382,0.48529,0.98418,0.00036,0.00116,0.01430
4.53676,0.48529,0.99903,0.00008,0.00085,0.00004
4.63971,0.48529,0.98689,0.00029,0.01274,0.00008
4.74265,0.48529,0.98672,0.00856,0.00171,0.00301
4.84559,0.48529,0.98320,0.00460,0.01075,0.00145
4.94853,0.48529,0.73730,0.11158,0.12801,0.02311
5.05147,0.48529,0.05061,0.93516,0.01097,0.00326
5.15441,0.48529,0.05061,0.93516,0.01097,0.00326
5.25735,0.48529,0.05061,0.93516,0.01097,0.00326
5.36029,0.48529,0.05061,0.93516,0.01097,0.00326
5.46324,0.48529,0.05061,0.93516,0.01097,0.00326
5.56618,0.48529,0.24578,0.61274,0.12621,0.01527
5.66912,0.48529,0.77194,0.02216,0.20289,0.00301
5.77206,0.48529,0.94161,0.01139,0.04667,0.00033
5.87500,0.48529,0.98627,0.00307,0.01017,0.00049
5.97794,0.48529,0.99258,0.00273,0.00328,0.00141
6.08088,0.48529,0.98386,0.00359,0.00764,0.00492
6.18382,0.48529,0.04992,0.00046,0.00082,0.94879
6.28676,0.48529,0.99329,0.00014,0.00059,0.00597
6.38971,0.48529,0.99837,0.00062,0.00097,0.00004
6.49265,0.48529,0.98125,0.00142,0.01658,0.00074
6.59559,0.48529,0.98944,0.00676,0.00212,0.00168
6.69853,0.48529,0.93418,0.01059,0.04778,0.00746
6.80147,0.48529,0.43568,0.42756,0.11470,0.02206
6.90441,0.48529,0.05061,0.93516,0.01097,0.00326
7.00735,0.48529,0.05061,0.93516,0.01097,0.00326
7.11029,0.48529,0.05061,0.93516,0.01097,0.00326
7.21324,0.48529,0.05061,0.93516,0.01097,0.00326
7.31618,0.48529,0.05061,0.93516,0.01097,0.00326
7.41912,0.48529,0.75647,0.02593,0.21420,0.00340
7.52206,0.48529,0.94316,0.01267,0.04365,0.00052
7.62500,0.48529,0.99145,0.00168,0.00554,0.00133
7.72794,0.48529,0.97796,0.01089,0.00571,0.00545
7.83088,0.48529,0.82660,0.00467,0.01441,0.15432
7.93382,0.48529,0.10370,0.00072,0.00408,0.89150
8.03677,0.48529,0.99943,0.00004,0.00049,0.00004
8.13971,0.48529,0.98951,0.00017,0.01029,0.00002
8.24265,0.48529,0.99165,0.00501,0.00139,0.00195
8.34559,0.48529,0.99444,0.00222,0.00277,0.00058
8.44853,0.48529,0.91613,0.02344,0.04833,0.01210
8.55147,0.48529,0.34832,0.53111,0.10176,0.01881
8.65441,0.48529,0.05061,0.93516,0.01097,0.00326
8.75735,0.48529,0.05061,0.93516,0.01097,0.00326
8.86029,0.48529,0.05061,0.93516,0.01097,0.00326
8.96323,0.48529,0.62704,0.10611,0.25466,0.01219
9.06618,0.48529,0.81109,0.02015,0.16751,0.00125
9.16912,0.48529,0.96514,0.00910,0.02552,0.00024
9.27206,0.48529,0.99268,0.00038,0.00618,0.00076
9.37500,0.48529,0.98688,0.00712,0.00398,0.00202
9.47794,0.48529,0.81966,0.01266,0.02288,0.14481
9.58088,0.48529,0.09731,0.00048,0.00516,0.89705
9.68382,0.48529,0.99911,0.00016,0.00030,0.00042
9.78677,0.48529,0.99644,0.00041,0.00312,0.00002
9.88971,0.48529,0.98726,0.00144,0.00921,0.00210
9.99265,0.48529,0.99352,0.00281,0.00221,0.00145
10.09559,0.48529,0.88631,0.04498,0.06208,0.00662
10.19853,0.48529,0.56652,0.32762,0.08567,0.02019
10.30147,0.48529,0.05061,0.93516,0.01097,0.00326
10.40441,0.48529,0.05061,0.93516,0.01097,0.00326
10.50735,0.48529,0.05061,0.93516,0.01097,0.00326
10.61029,0.48529,0.64948,0.19953,0.13617,0.01482
10.71323,0.48529,0.82462,0.01071,0.16357,0.00110
10.81618,0.48529,0.96261,0.00637,0.03083,0.00019
10.91912,0.48529,0.99363,0.00130,0.00496,0.00011
11.02206,0.48529,0.99842,0.00041,0.00084,0.00033
11.12500,0.48529,0.99509,0.00078,0.00173,0.00239
11.22794,0.48529,0.54675,0.00695,0.00471,0.44159
11.33088,0.48529,0.41458,0.00095,0.00757,0.57690
11.43382,0.48529,0.99967,0.00011,0.00019,0.00003
11.53677,0.48529,0.99127,0.00023,0.00847,0.00002
11.63971,0.48529,0.97668,0.01641,0.00318,0.00373
11.74265,0.48529,0.98740,0.00359,0.00681,0.00220
11.84559,0.48529,0.77219,0.09352,0.11338,0.02091
11.94853,0.48529,0.05061,0.93516,0.01097,0.00326
12.05147,0.48529,0.05061,0.93516,0.01097,0.00326
12.15441,0.48529,0.23778,0.62709,0.12021,0.01491
12.25735,0.48529,0.84284,0.02451,0.12728,0.00536
12.36029,0.48529,0.95485,0.00489,0.03970,0.00057
12.46323,0.48529,0.99615,0.00160,0.00210,0.00015
12.56618,0.48529,0.99496,0.00054,0.00204,0.00246
12.66912,0.48529,0.98739,0.00385,0.00687,0.00188
12.77206,0.48529,0.80671,0.03627,0.00928,0.14773
12.87500,0.48529,0.12819,0.00062,0.00291,0.86827
12.97794,0.48529,0.99767,0.00021,0.00042,0.00170
13.08088,0.48529,0.99759,0.00040,0.00197,0.00004
13.18382,0.48529,0.99344,0.00040,0.00545,0.00071
13.28677,0.48529,0.99498,0.00361,0.00077,0.00063
13.38971,0.48529,0.94269,0.01273,0.03681,0.00777
13.49265,0.48529,0.39000,0.47996,0.10972,0.02032
13.59559,0.48529,0.05061,0.93516,0.01097,0.00326
13.69853,0.48529,0.05061,0.93516,0.01097,0.00326
13.80147,0.48529,0.25561,0.65475,0.07646,0.01319
13.90441,0.48529,0.78844,0.03609,0.17182,0.00364
14.00735,0.48529,0.96734,0.00332,0.02917,0.00017
14.11029,0.48529,0.99485,0.00341,0.00140,0.00034
14.21323,0.48529,0.97970,0.00553,0.01294,0.00184
14.31618,0.48529,0.99099,0.00205,0.00254,0.00441
14.41912,0.48529,0.03335,0.00032,0.00042,0.96592
14.52206,0.48529,0.99051,0.00012,0.00090,0.00846
14.62500,0.48529,0.99866,0.00033,0.00093,0.00007
14.72794,0.48529,0.98063,0.00046,0.01884,0.00006
14.83088,0.48529,0.98970,0.00764,0.00113,0.00154
14.93382,0.48529,0.97732,0.00674,0.01230,0.00364
15.03677,0.48529,0.68406,0.13325,0.15597,0.02673
15.13971,0.48529,0.05061,0.93516,0.01097,0.00326
15.24265,0.48529,0.05061,0.93516,0.01097,0.00326
15.34559,0.48529,0.05061,0.93516,0.01097,0.00326
15.44853,0.48529,0.59293,0.08801,0.30648,0.01258
15.55147,0.48529,0.90719,0.01079,0.08068,0.00134
15.65441,0.48529,0.99743,0.00159,0.00079,0.00019
15.75735,0.48529,0.99445,0.00071,0.00249,0.00235
15.86029,0.48529,0.99579,0.00123,0.00174,0.00125
15.96323,0.48530,0.29776,0.00689,0.00355,0.69180
16.06618,0.48529,0.24827,0.00037,0.00487,0.74649
16.16912,0.48529,0.99944,0.00007,0.00043,0.00006
16.27206,0.48529,0.99320,0.00014,0.00664,0.00002
16.37500,0.48529,0.98789,0.00750,0.00153,0.00307
16.47794,0.48529,0.99552,0.00187,0.00199,0.00062
16.58088,0.48529,0.91096,0.02422,0.05265,0.01217
16.68382,0.48529,0.33677,0.54598,0.09888,0.01837
16.78676,0.48529,0.05061,0.93516,0.01097,0.00326
16.88971,0.48529,0.05061,0.93516,0.01097,0.00326
16.99265,0.48529,0.68795,0.08827,0.21236,0.01142
17.09559,0.48529,0.87513,0.00878,0.11561,0.00048
17.19853,0.48529,0.99454,0.00234,0.00267,0.00045
17.30147,0.48529,0.99434,0.00079,0.00240,0.00248
17.40441,0.48529,0.98887,0.00529,0.00440,0.00144
17.50735,0.48529,0.49799,0.00845,0.01063,0.48293
17.61029,0.48529,0.21547,0.00041,0.00201,0.78211
17.71324,0.48529,0.99913,0.00003,0.00053,0.00032
17.81618,0.48529,0.98790,0.00015,0.01191,0.00004
17.91912,0.48529,0.99304,0.00156,0.00455,0.00085
18.02206,0.48529,0.99043,0.00339,0.00336,0.00282
18.12500,0.48529,0.87850,0.03391,0.07481,0.01278
18.22794,0.48529,0.05061,0.93516,0.01097,0.00326
18.33088,0.48529,0.05061,0.93516,0.01097,0.00326
18.43382,0.48529,0.30083,0.50877,0.17291,0.01749
18.53676,0.48529,0.81316,0.02136,0.16223,0.00326
18.63971,0.48529,0.94433,0.00924,0.04613,0.00029
18.74265,0.48529,0.96469,0.00546,0.02281,0.00703
18.84559,0.48529,0.99377,0.00229,0.00197,0.00197
18.94853,0.48529,0.83017,0.00348,0.01726,0.14910
19.05147,0.48529,0.06383,0.00058,0.00414,0.93145
19.15441,0.48529,0.99917,0.00034,0.00029,0.00019
19.25735,0.48529,0.98777,0.00016,0.01203,0.00004
19.36029,0.48529,0.97819,0.01719,0.00147,0.00315
19.46324,0.48529,0.97847,0.00937,0.01028,0.00188
19.56618,0.48529,0.73346,0.17370,0.07420,0.01865
19.66912,0.48529,0.05061,0.93516,0.01097,0.00326
19.77206,0.48529,0.05061,0.93516,0.01097,0.00326
19.87500,0.48529,0.05061,0.93516,0.01097,0.00326
19.97794,0.48529,0.57932,0.09333,0.31425,0.01310
20.08088,0.48529,0.92820,0.01369,0.05695,0.00115
20.18382,0.48529,0.99520,0.00357,0.00116,0.00007
20.28676,0.48529,0.99042,0.00480,0.00123,0.00355
20.38971,0.48529,0.98158,0.00878,0.00274,0.00690
20.49265,0.48529,0.04174,0.00046,0.00061,0.95718
20.59559,0.48529,0.98380,0.00044,0.00273,0.01302
20.69853,0.48529,0.99800,0.00053,0.00139,0.00008
20.80147,0.48529,0.99289,0.00018,0.00674,0.00019
20.90441,0.48529,0.99178,0.00653,0.00069,0.00100
21.00735,0.48529,0.96135,0.00899,0.02351,0.00615
21.11029,0.48529,0.41694,0.44886,0.11286,0.02134
21.21324,0.48529,0.05061,0.93516,0.01097,0.00326
21.31618,0.48529,0.05061,0.93516,0.01097,0.00326
21.41912,0.48529,0.68802,0.15491,0.14223,0.01484
21.52206,0.48529,0.94678,0.00599,0.04684,0.00039
21.62500,0.48529,0.99677,0.00196,0.00099,0.00028
21.72794,0.48529,0.99664,0.00154,0.00126,0.00057
21.83088,0.48529,0.95257,0.00143,0.00669,0.03931
21.93382,0.48529,0.07696,0.00080,0.00412,0.91811
22.03676,0.48529,0.99958,0.00007,0.00026,0.00009
22.13971,0.48529,0.97052,0.00043,0.02898,0.00007
22.24265,0.48529,0.96168,0.02974,0.00415,0.00443
22.34559,0.48529,0.97445,0.00701,0.01487,0.00367
22.44853,0.48529,0.67366,0.14516,0.15487,0.02630
22.55147,0.48529,0.05061,0.93516,0.01097,0.00326
22.65441,0.48529,0.05061,0.93516,0.01097,0.00326
22.75735,0.48529,0.05061,0.93516,0.01097,0.00326
22.86029,0.48529,0.73633,0.03844,0.21720,0.00802
22.96324,0.48529,0.92547,0.01550,0.05817,0.00087
23.06618,0.48529,0.99328,0.00576,0.00045,0.00051
23.16912,0.48529,0.95771,0.02004,0.01968,0.00257
23.27206,0.48529,0.51049,0.00550,0.00416,0.47984
23.37500,0.48529,0.23575,0.00050,0.00642,0.75733
23.47794,0.48529,0.99885,0.00061,0.00048,0.00005
23.58088,0.48529,0.98658,0.00058,0.01249,0.00036
23.68382,0.48529,0.98734,0.00950,0.00115,0.00201
23.78676,0.48529,0.94266,0.01154,0.03972,0.00608
23.88971,0.48529,0.45354,0.40668,0.11697,0.02281
23.99265,0.48529,0.05061,0.93516,0.01097,0.00326
24.09559,0.48529,0.05061,0.93516,0.01097,0.00326
24.19853,0.48529,0.71921,0.04530,0.22714,0.00835
24.30147,0.48529,0.92994,0.01581,0.05295,0.00129
24.40441,0.48529,0.99616,0.00277,0.00053,0.00054
24.50735,0.48529,0.97947,0.00817,0.01067,0.00169
24.61029,0.48529,0.35651,0.00819,0.00723,0.62808
24.71324,0.48529,0.41186,0.00054,0.01401,0.57359
24.81618,0.48529,0.99847,0.00073,0.00071,0.00009
24.91912,0.48529,0.97709,0.00159,0.01977,0.00154
25.02206,0.48529,0.99173,0.00633,0.00120,0.00074
25.12500,0.48529,0.93928,0.01404,0.03674,0.00994
25.22794,0.48529,0.05061,0.93516,0.01097,0.00326
25.33088,0.48529,0.05061,0.93516,0.01097,0.00326
25.43382,0.48529,0.53399,0.19426,0.25194,0.01980
25.53676,0.48529,0.88199,0.01746,0.09848,0.00207
25.63971,0.48529,0.94528,0.02010,0.02503,0.00959
25.74265,0.48529,0.99478,0.00077,0.00407,0.00037
25.84559,0.48529,0.86143,0.00168,0.00361,0.13328
25.94853,0.48529,0.09781,0.00029,0.00148,0.90042
26.05147,0.48529,0.99896,0.00041,0.00053,0.00009
26.15441,0.48529,0.99121,0.00061,0.00797,0.00021
26.25735,0.48529,0.98522,0.01058,0.00169,0.00252
26.36029,0.48529,0.96155,0.00955,0.02296,0.00595
26.46324,0.48529,0.05061,0.93516,0.01097,0.00326
26.56618,0.48529,0.05061,0.93516,0.01097,0.00326
26.66912,0.48529,0.05061,0.93516,0.01097,0.00326
26.77206,0.48529,0.85614,0.02135,0.11995,0.00256
26.87500,0.48529,0.99896,0.00042,0.00033,0.00030
26.97794,0.48529,0.99461,0.00249,0.00097,0.00193
27.08088,0.48529,0.99047,0.00180,0.00319,0.00453
27.18382,0.48529,0.14776,0.00263,0.01791,0.83170
27.28676,0.48529,0.94440,0.00004,0.00203,0.05352
27.38971,0.48529,0.98984,0.00024,0.00987,0.00005
27.49265,0.48529,0.98609,0.00472,0.00725,0.00194
27.59559,0.48529,0.98874,0.00521,0.00461,0.00143
27.69853,0.48529,0.83558,0.03752,0.10933,0.01757
27.80147,0.48529,0.05061,0.93516,0.01097,0.00326
27.90441,0.48529,0.81148,0.02570,0.15925,0.00357
28.00735,0.48529,0.94059,0.01333,0.04559,0.00049
28.11029,0.48529,0.98822,0.00212,0.00614,0.00353
28.21324,0.48529,0.98201,0.00815,0.00745,0.00238
28.31618,0.48529,0.66094,0.00264,0.02210,0.31432
28.41912,0.48529,0.40924,0.00072,0.01362,0.57642
28.52206,0.48529,0.99812,0.00074,0.00105,0.00010
28.62500,0.48529,0.99417,0.00023,0.00510,0.00051
28.72794,0.48529,0.98828,0.00482,0.00473,0.00217
28.83088,0.48529,0.92871,0.01003,0.05484,0.00643
28.93382,0.48529,0.67656,0.11671,0.17742,0.02931
29.03676,0.48529,0.83630,0.01824,0.14263,0.00283
29.13971,0.48529,0.97397,0.00689,0.01883,0.00032
29.24265,0.48529,0.99165,0.00069,0.00685,0.00081
29.34559,0.48529,0.95826,0.02052,0.01124,0.00998
29.44853,0.48529,0.18225,0.00193,0.04226,0.77356
29.55147,0.48529,0.92200,0.00024,0.00945,0.06832
29.65441,0.48529,0.99335,0.00104,0.00552,0.00009
29.75735,0.48529,0.98407,0.00115,0.01304,0.00174
29.86029,0.48529,0.98926,0.00631,0.00209,0.00234
29.96324,0.48529,0.89589,0.03360,0.06070,0.00981
30.06618,0.48529,0.55783,0.17517,0.24712,0.01988
30.16912,0.48529,0.94141,0.00995,0.04740,0.00123
30.27206,0.48529,0.98324,0.00598,0.00757,0.00321
30.37500,0.48529,0.98818,0.00279,0.00802,0.00101
30.47794,0.48529,0.82013,0.02117,0.00354,0.15516
30.58088,0.48529,0.06637,0.00063,0.00360,0.92940
30.68382,0.48529,0.99869,0.00106,0.00010,0.00015
30.78676,0.48529,0.99080,0.00022,0.00892,0.00006
30.88971,0.48529,0.98150,0.01399,0.00219,0.00233
30.99265,0.48529,0.97225,0.00690,0.01678,0.00406
31.09559,0.48529,0.46324,0.34459,0.17071,0.02146
31.19853,0.48529,0.05061,0.93516,0.01097,0.00326
31.30147,0.48529,0.79770,0.03523,0.16259,0.00448
31.40441,0.48529,0.96977,0.00400,0.02594,0.00029
31.50735,0.48529,0.99619,0.00038,0.00239,0.00104
31.61029,0.48529,0.96987,0.01406,0.01333,0.00274
31.71324,0.48529,0.97304,0.00328,0.00194,0.02174
31.81618,0.48529,0.17665,0.00040,0.00075,0.82219
31.91912,0.48529,0.05347,0.00137,0.00076,0.94439
32.02206,0.48529,0.96710,0.00048,0.00124,0.03119
32.12500,0.48529,0.99853,0.00008,0.00130,0.00009
32.22794,0.48529,0.98582,0.00015,0.01399,0.00004
32.33088,0.48529,0.98635,0.01046,0.00123,0.00196
32.43382,0.48529,0.98930,0.00273,0.00581,0.00216
32.53677,0.48529,0.85462,0.04550,0.08605,0.01383
32.63971,0.48529,0.05061,0.93516,0.01097,0.00326
32.74265,0.48529,0.50495,0.22342,0.25178,0.01985
32.84559,0.48529,0.73687,0.02741,0.23291,0.00280
32.94853,0.48529,0.93022,0.01757,0.05146,0.00076
33.05147,0.48529,0.98758,0.00119,0.00955,0.00168
33.15441,0.48529,0.98231,0.01189,0.00428,0.00151
33.25735,0.48529,0.98548,0.00484,0.00121,0.00847
33.36029,0.48529,0.79827,0.00200,0.00050,0.19923
33.46323,0.48529,0.06007,0.00343,0.00346,0.93303
33.56618,0.48529,0.06328,0.00625,0.00439,0.92609
33.66912,0.48529,0.04942,0.00721,0.00451,0.93887
33.77206,0.48529,0.18072,0.00449,0.00288,0.81191
33.87500,0.48529,0.99632,0.00032,0.00045,0.00291
33.97794,0.48529,0.99874,0.00021,0.00103,0.00002
34.08088,0.48529,0.98640,0.00089,0.01247,0.00023
34.18382,0.48529,0.99312,0.00169,0.00423,0.00095
34.28677,0.48529,0.97610,0.00392,0.01543,0.00455
34.38971,0.48529,0.76838,0.09140,0.12162,0.01860
34.49265,0.48529,0.79991,0.01946,0.17571,0.00492
34.59559,0.48529,0.96137,0.00893,0.02939,0.00031
34.69853,0.48529,0.99605,0.00094,0.00198,0.00104
34.80147,0.48529,0.99460,0.00221,0.00160,0.00159
34.90441,0.48529,0.98635,0.00457,0.00272,0.00636
35.00735,0.48529,0.80563,0.00199,0.00057,0.19182
35.11029,0.48529,0.07930,0.00265,0.00434,0.91371
35.21323,0.48529,0.06421,0.00628,0.00510,0.92441
35.31618,0.48529,0.05264,0.00723,0.00446,0.93567
35.41912,0.48529,0.14554,0.00575,0.00238,0.84633
35.52206,0.48529,0.99694,0.00061,0.00031,0.00214
35.62500,0.48529,0.99851,0.00090,0.00055,0.00004
35.72794,0.48529,0.99387,0.00029,0.00546,0.00038
35.83088,0.48529,0.99195,0.00588,0.00122,0.00095
35.93382,0.48529,0.94608,0.01031,0.03563,0.00798
36.03677,0.48529,0.33677,0.54598,0.09888,0.01837
36.13971,0.48529,0.05061,0.93516,0.01097,0.00326
36.24265,0.48529,0.81981,0.01770,0.15988,0.00261
36.34559,0.48529,0.96179,0.01087,0.02666,0.00068
36.44853,0.48529,0.99037,0.00143,0.00725,0.00095
36.55147,0.48529,0.98188,0.01332,0.00293,0.00187
36.65441,0.48529,0.93885,0.02882,0.01023,0.02210
36.75735,0.48529,0.37047,0.00228,0.00311,0.62414
36.86029,0.48529,0.06089,0.00507,0.00398,0.93006
36.96323,0.48529,0.05699,0.00620,0.00451,0.93230
37.06618,0.48529,0.05637,0.00381,0.00126,0.93856
37.16912,0.48529,0.98969,0.00077,0.00061,0.00893
37.27206,0.48529,0.99865,0.00065,0.00066,0.00004
37.37500,0.48529,0.98652,0.00052,0.01278,0.00018
37.47794,0.48529,0.98328,0.01007,0.00296,0.00369
37.58088,0.48529,0.97547,0.00613,0.01580,0.00260
37.68382,0.48529,0.65230,0.24981,0.07647,0.02142
37.78677,0.48529,0.05061,0.93516,0.01097,0.00326
37.88971,0.48529,0.05061,0.93516,0.01097,0.00326
37.99265,0.48529,0.83240,0.02106,0.14115,0.00538
38.09559,0.48529,0.98779,0.00475,0.00724,0.00021
38.19853,0.48529,0.99744,0.00042,0.00156,0.00057
38.30147,0.48529,0.99786,0.00102,0.00028,0.00084
38.40441,0.48529,0.95028,0.01595,0.00071,0.03306
38.50735,0.48529,0.43040,0.00130,0.00593,0.56237
38.61029,0.48529,0.08472,0.00474,0.00700,0.90355
38.71323,0.48529,0.06912,0.00880,0.00693,0.91515
38.81618,0.48529,0.05612,0.00438,0.00235,0.93715
38.91912,0.48529,0.98254,0.00309,0.00084,0.01353
39.02206,0.48529,0.99853,0.00103,0.00039,0.00005
39.12500,0.48529,0.98226,0.00044,0.01721,0.00010
39.22794,0.48529,0.97883,0.01866,0.00075,0.00176
39.33088,0.48529,0.96903,0.00631,0.01874,0.00592
39.43382,0.48529,0.36671,0.45684,0.15784,0.01860
39.53677,0.48529,0.05061,0.93516,0.01097,0.00326
39.63971,0.48529,0.54388,0.18645,0.24966,0.02001
39.74265,0.48529,0.87100,0.01798,0.10914,0.00188
39.84559,0.48529,0.99579,0.00144,0.00266,0.00011
39.94853,0.48529,0.99436,0.00358,0.00045,0.00161
40.05147,0.48529,0.98885,0.00578,0.00127,0.00411
40.15441,0.48529,0.90902,0.01273,0.00052,0.07772
40.25735,0.48529,0.10031,0.00091,0.00296,0.89582
40.36029,0.48529,0.06489,0.00386,0.00371,0.92754
40.46323,0.48529,0.04932,0.00428,0.00287,0.94354
40.56618,0.48529,0.10660,0.00328,0.00246,0.88766
40.66912,0.48529,0.96847,0.00071,0.00185,0.02897
40.77206,0.48529,0.99912,0.00022,0.00061,0.00005
40.87500,0.48529,0.99322,0.00019,0.00653,0.00006
40.97794,0.48529,0.98604,0.00630,0.00510,0.00256
41.08088,0.48529,0.98164,0.00654,0.01014,0.00168
41.18382,0.48529,0.86225,0.03534,0.08406,0.01835
41.28677,0.48529,0.05061,0.93516,0.01097,0.00326
41.38971,0.48529,0.05061,0.93516,0.01097,0.00326
41.49265,0.48529,0.73831,0.03650,0.21925,0.00593
41.59559,0.48529,0.90932,0.00966,0.08047,0.00055
41.69853,0.48529,0.99324,0.00322,0.00342,0.00012
41.80147,0.48529,0.99336,0.00373,0.00028,0.00262
41.90441,0.48529,0.98573,0.00694,0.00332,0.00401
42.00735,0.48529,0.84485,0.00363,0.00087,0.15066
42.11029,0.48529,0.11030,0.00159,0.00333,0.88478
42.21323,0.48529,0.07027,0.00357,0.00375,0.92241
42.31618,0.48529,0.06490,0.00409,0.00357,0.92743
42.41912,0.48529,0.06515,0.00256,0.00105,0.93123
42.52206,0.48529,0.98762,0.00047,0.00091,0.01100
42.62500,0.48529,0.99937,0.00007,0.00053,0.00002
42.72794,0.48529,0.99045,0.00028,0.00922,0.00005
42.83088,0.48529,0.99792,0.00179,0.00020,0.00009
42.93382,0.48529,0.98474,0.00278,0.00791,0.00456
43.03677,0.48529,0.81375,0.10836,0.06620,0.01169
43.13971,0.48529,0.05061,0.93516,0.01097,0.00326
43.24265,0.48529,0.80111,0.03274,0.15708,0.00908
43.34559,0.48529,0.86561,0.00874,0.12480,0.00085
43.44853,0.48529,0.99336,0.00129,0.00526,0.00009
43.55147,0.48529,0.98370,0.00097,0.01333,0.00201
43.65441,0.48529,0.99486,0.00049,0.00402,0.00064
43.75735,0.48529,0.93083,0.01179,0.01136,0.04601
43.86029,0.48529,0.28915,0.00136,0.00466,0.70483
43.96323,0.48529,0.07465,0.00956,0.00817,0.90763
44.06618,0.48529,0.07066,0.00716,0.00567,0.91651
44.16912,0.48529,0.03829,0.00555,0.00207,0.95410
44.27206,0.48529,0.96642,0.00224,0.00079,0.03054
44.37500,0.48529,0.99856,0.00099,0.00035,0.00010
44.47794,0.48529,0.98297,0.00069,0.01630,0.00004
44.58088,0.48529,0.97524,0.01950,0.00267,0.00259
44.68382,0.48529,0.98246,0.00707,0.00751,0.00295
44.78677,0.48529,0.71813,0.11367,0.14134,0.02686
44.88971,0.48529,0.52871,0.20418,0.24701,0.02010
44.99265,0.48529,0.92764,0.02043,0.04907,0.00286
45.09559,0.48529,0.98577,0.00230,0.01085,0.00107
45.19853,0.48529,0.98070,0.00227,0.01211,0.00492
45.30147,0.48529,0.28043,0.00294,0.01307,0.70356
45.40441,0.48529,0.98798,0.00205,0.00174,0.00823
45.50735,0.48529,0.98210,0.00017,0.01761,0.00012
45.61029,0.48529,0.97165,0.02620,0.00093,0.00122
45.71323,0.48529,0.97021,0.00886,0.01583,0.00510
45.81618,0.48529,0.05061,0.93516,0.01097,0.00326
45.91912,0.48529,0.05061,0.93516,0.01097,0.00326
46.02206,0.48529,0.05061,0.93516,0.01097,0.00326
46.12500,0.48529,0.05061,0.93516,0.01097,0.00326
46.22794,0.48529,0.32258,0.47079,0.18862,0.01802
46.33088,0.48529,0.96850,0.01186,0.01803,0.00161
46.43382,0.48529,0.98926,0.00394,0.00599,0.00081
46.53677,0.48529,0.90554,0.02067,0.03500,0.03879
46.63971,0.48529,0.29765,0.00432,0.00678,0.69125
46.74265,0.48529,0.98470,0.00060,0.00535,0.00935
46.84559,0.48529,0.99404,0.00016,0.00576,0.00004
46.94853,0.48529,0.98327,0.01535,0.00050,0.00088
47.05147,0.48529,0.97590,0.00769,0.01313,0.00329
47.15441,0.48529,0.30625,0.60684,0.07597,0.01094
47.25735,0.48529,0.05061,0.93516,0.01097,0.00326
47.36029,0.48529,0.05061,0.93516,0.01097,0.00326
47.46323,0.48529,0.25356,0.59818,0.13262,0.01564
47.56618,0.48529,0.88681,0.01356,0.09782,0.00180
47.66912,0.48529,0.93620,0.04824,0.00985,0.00570
47.77206,0.48529,0.98408,0.00257,0.01175,0.00161
47.87500,0.48529,0.82668,0.00194,0.00350,0.16787
47.97794,0.48529,0.09319,0.00019,0.00110,0.90552
48.08088,0.48529,0.99788,0.00057,0.00147,0.00008
48.18382,0.48529,0.99039,0.00095,0.00808,0.00058
48.28677,0.48529,0.99443,0.00376,0.00088,0.00093
48.38971,0.48529,0.93960,0.01477,0.03871,0.00691
48.49265,0.48529,0.44462,0.41709,0.11586,0.02244
48.59559,0.48529,0.05061,0.93516,0.01097,0.00326
48.69853,0.48529,0.05061,0.93516,0.01097,0.00326
48.80147,0.48529,0.84675,0.00869,0.14122,0.00334
48.90441,0.48529,0.99754,0.00201,0.00028,0.00018
49.00735,0.48529,0.99321,0.00492,0.00085,0.00102
49.11029,0.48529,0.73917,0.00120,0.00277,0.25687
49.21323,0.48529,0.12259,0.00155,0.00033,0.87552
49.31618,0.48529,0.99833,0.00023,0.00134,0.00010
49.41912,0.48529,0.94993,0.00092,0.04834,0.00081
49.52206,0.48529,0.98896,0.00922,0.00040,0.00142
49.62500,0.48529,0.85189,0.05282,0.07728,0.01802
49.72794,0.48529,0.05061,0.93516,0.01097,0.00326
49.83088,0.48529,0.05061,0.93516,0.01097,0.00326
49.93382,0.48529,0.05061,0.93516,0.01097,0.00326
50.03677,0.48529,0.86788,0.01493,0.11520,0.00199
50.13971,0.48529,0.99056,0.00783,0.00091,0.00070
50.24265,0.48529,0.98602,0.01075,0.00203,0.00120
50.34559,0.48529,0.83315,0.00341,0.00308,0.16036
50.44853,0.48529,0.09600,0.00020,0.00120,0.90260
50.55147,0.48529,0.99745,0.00023,0.00224,0.00007
50.65441,0.48529,0.98638,0.00030,0.01281,0.00051
50.75735,0.48529,0.98851,0.00838,0.00130,0.00182
50.86029,0.48529,0.95227,0.01006,0.03081,0.00686
50.96323,0.48529,0.35952,0.51712,0.10415,0.01921
51.06618,0.48529,0.05061,0.93516,0.01097,0.00326
51.16912,0.48529,0.80025,0.02864,0.16451,0.00660
51.27206,0.48529,0.99789,0.00131,0.00033,0.00047
51.37500,0.48529,0.99105,0.00666,0.00090,0.00139
51.47794,0.48529,0.86911,0.00110,0.00207,0.12772
51.58088,0.48529,0.28924,0.00032,0.00070,0.70974
51.68382,0.48529,0.99918,0.00009,0.00067,0.00007
51.78677,0.48529,0.98157,0.00085,0.01697,0.00061
51.88971,0.48529,0.98690,0.00885,0.00208,0.00217
51.99265,0.48529,0.94037,0.00970,0.04322,0.00672
52.09559,0.48529,0.40769,0.45940,0.11191,0.02100
52.19853,0.48529,0.05061,0.93516,0.01097,0.00326
52.30147,0.48529,0.23983,0.67630,0.07127,0.01260
52.40441,0.48529,0.87637,0.02761,0.09264,0.00338
52.50735,0.48529,0.99328,0.00549,0.00061,0.00061
52.61029,0.48529,0.97371,0.01579,0.00951,0.00099
52.71323,0.48529,0.43116,0.00460,0.00571,0.55853
52.81618,0.48529,0.39511,0.00421,0.00208,0.59860
52.91912,0.48529,0.99793,0.00022,0.00180,0.00004
53.02206,0.48529,0.97837,0.00263,0.01680,0.00220
53.12500,0.48529,0.99402,0.00459,0.00092,0.00047
53.22794,0.48529,0.92714,0.01988,0.03850,0.01448
53.33088,0.48529,0.05061,0.93516,0.01097,0.00326
53.43382,0.48529,0.26134,0.58343,0.13923,0.01601
53.53677,0.48529,0.86083,0.01520,0.12196,0.00201
53.63971,0.48529,0.95656,0.03205,0.00534,0.00605
53.74265,0.48529,0.98506,0.00259,0.01113,0.00121
53.84559,0.48529,0.87437,0.00106,0.00231,0.12226
53.94853,0.48529,0.11553,0.00019,0.00091,0.88337
54.05147,0.48529,0.99763,0.00090,0.00136,0.00011
54.15441,0.48529,0.99172,0.00047,0.00709,0.00071
54.25735,0.48529,0.99429,0.00278,0.00181,0.00112
54.36029,0.48529,0.96526,0.00750,0.02352,0.00372
54.46323,0.48529,0.88261,0.00796,0.10673,0.00270
54.56618,0.48529,0.96610,0.00340,0.03035,0.00015
54.66912,0.48529,0.99729,0.00146,0.00098,0.00027
54.77206,0.48529,0.99855,0.00028,0.00033,0.00085
54.87500,0.48529,0.99368,0.00299,0.00061,0.00272
54.97794,0.48529,0.03609,0.00007,0.00016,0.96367
55.08088,0.48529,0.98201,0.00007,0.00130,0.01661
55.18382,0.48529,0.99937,0.00000,0.00058,0.00004
55.28677,0.48529,0.99210,0.00002,0.00786,0.00001
55.38971,0.48529,0.99646,0.00230,0.00048,0.00076
55.49265,0.48529,0.99427,0.00120,0.00379,0.00074
55.59559,0.48529,0.85956,0.05202,0.07296,0.01546
55.69853,0.48529,0.33542,0.57289,0.08040,0.01129
55.80147,0.48529,0.05061,0.93516,0.01097,0.00326
55.90441,0.48529,0.05061,0.93516,0.01097,0.00326
56.00735,0.48529,0.40812,0.39673,0.17742,0.01773
56.11029,0.48529,0.92065,0.00855,0.06949,0.00132
56.21323,0.48529,0.98637,0.00286,0.01064,0.00013
56.31618,0.48529,0.99707,0.00060,0.00124,0.00109
56.41912,0.48529,0.99409,0.00099,0.00331,0.00161
56.52206,0.48529,0.99587,0.00116,0.00134,0.00164
56.62500,0.48529,0.22931,0.00126,0.00048,0.76896
56.72794,0.48529,0.54626,0.00193,0.00212,0.44970
56.83088,0.48529,0.99188,0.00016,0.00293,0.00503
56.93382,0.48529,0.99709,0.00005,0.00283,0.00003
57.03677,0.48529,0.97680,0.00278,0.01539,0.00503
57.13971,0.48529,0.99419,0.00449,0.00081,0.00052
57.24265,0.48529,0.88082,0.03257,0.06986,0.01675
57.34559,0.48529,0.05061,0.93516,0.01097,0.00326
57.44853,0.48529,0.05061,0.93516,0.01097,0.00326
57.55147,0.48529,0.05061,0.93516,0.01097,0.00326
57.65441,0.48529,0.05061,0.93516,0.01097,0.00326
57.75735,0.48529,0.28248,0.54376,0.15688,0.01688
57.86029,0.48529,0.83179,0.02079,0.14451,0.00291
57.96323,0.48529,0.94305,0.01477,0.04175,0.00043
58.06618,0.48529,0.99570,0.00094,0.00159,0.00177
58.16912,0.48529,0.99703,0.00092,0.00069,0.00137
58.27206,0.48529,0.99471,0.00200,0.00115,0.00213
58.37500,0.48529,0.05182,0.00008,0.00018,0.94792
58.47794,0.48529,0.92720,0.00011,0.00156,0.07114
58.58088,0.48529,0.99612,0.00002,0.00246,0.00140
58.68382,0.48529,0.99402,0.00003,0.00592,0.00003
58.78677,0.48529,0.98987,0.00224,0.00546,0.00244
58.88971,0.48529,0.99189,0.00360,0.00286,0.00164
58.99265,0.48529,0.91471,0.02136,0.05677,0.00715
59.09559,0.48529,0.61282,0.27974,0.08690,0.02054
59.19853,0.48529,0.05061,0.93516,0.01097,0.00326
59.30147,0.48529,0.05061,0.93516,0.01097,0.00326
59.40441,0.48529,0.05061,0.93516,0.01097,0.00326
59.50735,0.48529,0.05061,0.93516,0.01097,0.00326
59.61029,0.48529,0.56223,0.17329,0.24419,0.02029
59.71323,0.48529,0.87112,0.01171,0.11614,0.00103
59.81618,0.48529,0.99016,0.00293,0.00645,0.00046
59.91912,0.48529,0.99522,0.00035,0.00203,0.00239
60.02206,0.48529,0.99016,0.00416,0.00426,0.00142
60.12500,0.48529,0.77774,0.01013,0.00622,0.20591
60.22794,0.48529,0.16576,0.00012,0.00048,0.83364
60.33088,0.48529,0.99063,0.00006,0.00249,0.00682
60.43382,0.48529,0.99864,0.00004,0.00122,0.00011
60.53677,0.48529,0.98944,0.00011,0.01035,0.00011
60.63971,0.48529,0.99040,0.00640,0.00175,0.00145
60.74265,0.48529,0.97826,0.00545,0.01315,0.00314
60.84559,0.48529,0.70408,0.12701,0.14499,0.02392
60.94853,0.48529,0.05061,0.93516,0.01097,0.00326
61.05147,0.48529,0.05061,0.93516,0.01097,0.00326
61.15441,0.48529,0.05061,0.93516,0.01097,0.00326
61.25735,0.48529,0.05061,0.93516,0.01097,0.00326
61.36029,0.48529,0.82776,0.00927,0.15933,0.00365
61.46323,0.48529,0.95544,0.00601,0.03838,0.00017
61.56618,0.48529,0.97716,0.00495,0.01761,0.00028
61.66912,0.48529,0.99491,0.00178,0.00274,0.00057
61.77206,0.48529,0.99901,0.00033,0.00027,0.00039
61.87500,0.48529,0.98860,0.00195,0.00431,0.00513
61.97794,0.48529,0.12973,0.00050,0.00045,0.86931
62.08088,0.48529,0.75906,0.00179,0.00653,0.23263
62.18382,0.48529,0.99617,0.00008,0.00213,0.00162
62.28677,0.48529,0.99664,0.00001,0.00334,0.00001
62.38971,0.48529,0.97506,0.00719,0.01457,0.00318
62.49265,0.48529,0.99028,0.00283,0.00554,0.00134
62.59559,0.48529,0.96451,0.01036,0.02236,0.00277
62.69853,0.48529,0.80805,0.05103,0.12307,0.01785
62.80147,0.48529,0.05061,0.93516,0.01097,0.00326
62.90441,0.48529,0.05061,0.93516,0.01097,0.00326
63.00735,0.48529,0.05061,0.93516,0.01097,0.00326
63.11029,0.48529,0.62986,0.06924,0.29085,0.01005
63.21323,0.48529,0.89091,0.01097,0.09714,0.00097
63.31618,0.48529,0.96395,0.01261,0.02313,0.00031
63.41912,0.48529,0.99989,0.00001,0.00007,0.00004
63.52206,0.48529,0.99878,0.00028,0.00031,0.00063
63.62500,0.48529,0.99219,0.00074,0.00331,0.00376
63.72794,0.48529,0.85893,0.00049,0.00211,0.13847
63.83088,0.48529,0.07264,0.00023,0.00026,0.92687
63.93382,0.48530,0.06674,0.00147,0.00078,0.93102
64.03677,0.48529,0.06440,0.00135,0.00073,0.93351
64.13971,0.48529,0.06292,0.00141,0.00071,0.93495
64.24265,0.48530,0.03863,0.00350,0.00073,0.95715
64.34559,0.48529,0.51442,0.00082,0.00144,0.48333
64.44853,0.48529,0.99460,0.00005,0.00149,0.00386
64.55147,0.48530,0.99647,0.00013,0.00324,0.00016
64.65441,0.48530,0.99164,0.00037,0.00682,0.00117
64.75735,0.48529,0.99229,0.00606,0.00040,0.00125
64.86029,0.48530,0.89191,0.03937,0.05540,0.01332
64.96323,0.48530,0.05061,0.93516,0.01097,0.00326
65.06618,0.48529,0.55168,0.13841,0.29154,0.01837
65.16912,0.48529,0.92682,0.00821,0.06393,0.00104
65.27206,0.48530,0.98600,0.00234,0.01158,0.00008
65.37500,0.48529,0.99869,0.00017,0.00030,0.00083
65.47794,0.48529,0.99645,0.00055,0.00193,0.00108
65.58088,0.48530,0.94611,0.00030,0.00374,0.04985
65.68382,0.48530,0.14077,0.00018,0.00407,0.85499
65.78677,0.48529,0.99915,0.00001,0.00079,0.00005
65.88971,0.48529,0.99536,0.00000,0.00464,0.00000
65.99265,0.48530,0.88175,0.00022,0.11786,0.00017
66.09559,0.48529,0.20751,0.00041,0.79186,0.00022
66.19853,0.48529,0.97687,0.00005,0.02282,0.00026
66.30147,0.48530,0.99906,0.00003,0.00058,0.00033
66.40441,0.48530,0.94297,0.00038,0.00360,0.05305
66.50735,0.48529,0.08405,0.00017,0.00217,0.91361
66.61029,0.48530,0.99826,0.00001,0.00148,0.00025
66.71323,0.48530,0.99164,0.00000,0.00835,0.00001
66.81618,0.48529,0.98193,0.00413,0.01147,0.00247
66.91912,0.48529,0.97954,0.00044,0.01890,0.00112
67.02206,0.48530,0.88470,0.00233,0.11139,0.00159
67.12500,0.48529,0.94375,0.00259,0.05320,0.00045
67.22794,0.48529,0.90302,0.00421,0.09138,0.00139
67.33088,0.48530,0.76637,0.00439,0.22884,0.00041
67.43382,0.48530,0.37835,0.00155,0.61984,0.00026
67.53677,0.48529,0.97962,0.00009,0.02011,0.00018
67.63971,0.48529,0.99468,0.00001,0.00496,0.00035
67.74265,0.48530,0.95675,0.00007,0.02039,0.02279
67.84559,0.48529,0.11045,0.00037,0.01186,0.87732
67.94853,0.48529,0.98568,0.00001,0.00360,0.01071
68.05147,0.48530,0.98603,0.00002,0.01392,0.00003
68.15441,0.48530,0.98907,0.00401,0.00541,0.00151
68.25735,0.48529,0.99660,0.00150,0.00155,0.00035
68.36029,0.48530,0.88623,0.03927,0.05512,0.01939
68.46323,0.48530,0.52782,0.36521,0.09047,0.01650
68.56618,0.48529,0.05061,0.93516,0.01097,0.00326
68.66912,0.48529,0.71231,0.13889,0.13731,0.01149
68.77206,0.48530,0.90515,0.01238,0.08171,0.00076
68.87500,0.48529,0.95171,0.00374,0.04439,0.00016
68.97794,0.48529,0.96297,0.00342,0.03323,0.00038
69.08088,0.48530,0.99887,0.00006,0.00068,0.00039
69.18382,0.48530,0.99709,0.00019,0.00220,0.00053
69.28677,0.48529,0.72677,0.00197,0.01414,0.25712
69.38971,0.48529,0.19927,0.00069,0.00647,0.79358
69.49265,0.48530,0.99812,0.00008,0.00153,0.00027
69.59559,0.48529,0.98323,0.00005,0.01661,0.00010
69.69853,0.48529,0.99285,0.00587,0.00019,0.00108
69.80147,0.48530,0.93780,0.01717,0.03786,0.00717
69.90441,0.48530,0.35952,0.51712,0.10415,0.01921
70.00735,0.48529,0.75276,0.04793,0.19178,0.00752
70.11029,0.48530,0.88023,0.01015,0.10881,0.00081
70.21323,0.48530,0.95562,0.00545,0.03878,0.00015
70.31618,0.48529,0.99790,0.00020,0.00162,0.00028
70.41912,0.48529,0.97979,0.00017,0.01703,0.00302
70.52206,0.48530,0.84891,0.00046,0.04537,0.10526
70.62500,0.48529,0.26956,0.00071,0.08803,0.64171
70.72794,0.48529,0.99716,0.00010,0.00040,0.00234
70.83088,0.48530,0.98574,0.00004,0.01410,0.00012
70.93382,0.48530,0.98282,0.01371,0.00069,0.00278
71.03677,0.48529,0.94335,0.01285,0.03768,0.00612
71.13971,0.48529,0.05061,0.93516,0.01097,0.00326
71.24265,0.48530,0.80406,0.03674,0.15303,0.00616
71.34559,0.48529,0.90854,0.00507,0.08604,0.00034
71.44853,0.48529,0.99056,0.00350,0.00569,0.00026
71.55147,0.48530,0.99716,0.00007,0.00134,0.00143
71.65441,0.48530,0.95492,0.00124,0.02783,0.01601
71.75735,0.48529,0.13974,0.00062,0.01744,0.84220
71.86029,0.48530,0.98512,0.00003,0.00114,0.01371
71.96323,0.48530,0.98172,0.00006,0.01814,0.00008
72.06618,0.48529,0.97693,0.01544,0.00313,0.00450
72.16912,0.48529,0.96885,0.00906,0.01858,0.00351
72.27206,0.48530,0.41694,0.44886,0.11286,0.02134
72.37500,0.48529,0.52349,0.21111,0.24520,0.02019
72.47794,0.48529,0.84663,0.01890,0.13228,0.00219
72.58088,0.48530,0.97448,0.00761,0.01757,0.00035
72.68382,0.48530,0.99843,0.00021,0.00051,0.00085
72.78677,0.48529,0.98702,0.00438,0.00645,0.00214
72.88971,0.48529,0.41888,0.00097,0.00609,0.57406
72.99265,0.48530,0.27967,0.00046,0.00595,0.71391
73.09559,0.48529,0.99840,0.00014,0.00131,0.00014
73.19853,0.48529,0.97800,0.00005,0.02172,0.00024
73.30147,0.48530,0.97581,0.01881,0.00201,0.00337
73.40441,0.48530,0.92453,0.01089,0.05669,0.00789
73.50735,0.48529,0.35952,0.51712,0.10415,0.01921
73.61029,0.48530,0.73299,0.04107,0.21776,0.00818
73.71323,0.48530,0.90253,0.01860,0.07789,0.00098
73.81618,0.48529,0.99958,0.00005,0.00029,0.00008
73.91912,0.48529,0.99051,0.00250,0.00016,0.00683
74.02206,0.48530,0.95040,0.00066,0.00317,0.04578
74.12500,0.48529,0.10496,0.00135,0.02057,0.87312
74.22794,0.48529,0.99807,0.00012,0.00087,0.00094
74.33088,0.48530,0.97148,0.00004,0.02837,0.00011
74.43382,0.48530,0.99049,0.00711,0.00037,0.00204
74.53677,0.48529,0.97380,0.00571,0.01683,0.00365
74.63971,0.48529,0.45354,0.40668,0.11697,0.02281
74.74265,0.48530,0.05061,0.93516,0.01097,0.00326
74.84559,0.48529,0.23983,0.67630,0.07127,0.01260
74.94853,0.48529,0.74312,0.06197,0.18985,0.00506
75.05147,0.48530,0.93789,0.00660,0.05518,0.00033
75.15441,0.48530,0.99119,0.00073,0.00798,0.00011
75.25735,0.48529,0.99195,0.00161,0.00389,0.00255
75.36029,0.48530,0.97474,0.00515,0.01207,0.00803
75.46323,0.48530,0.10518,0.00115,0.00755,0.88612
75.56618,0.48529,0.99646,0.00024,0.00101,0.00230
75.66912,0.48529,0.99331,0.00065,0.00599,0.00005
75.77206,0.48530,0.99141,0.00350,0.00380,0.00129
75.87500,0.48529,0.98345,0.00787,0.00561,0.00307
75.97794,0.48529,0.83360,0.06301,0.08311,0.02028
76.08088,0.48530,0.05061,0.93516,0.01097,0.00326
76.18382,0.48530,0.05061,0.93516,0.01097,0.00326
76.28677,0.48529,0.05061,0.93516,0.01097,0.00326
76.38971,0.48529,0.26871,0.56952,0.14545,0.01633
76.49265,0.48530,0.83683,0.01891,0.14112,0.00314
76.59559,0.48529,0.94473,0.00512,0.04999,0.00016
76.69853,0.48529,0.98859,0.00096,0.01037,0.00008
76.80147,0.48530,0.99510,0.00242,0.00111,0.00136
76.90441,0.48530,0.93872,0.00063,0.04719,0.01346
77.00735,0.48529,0.23900,0.00076,0.01327,0.74698
77.11029,0.48530,0.99247,0.00009,0.00724,0.00020
77.21323,0.48530,0.99371,0.00037,0.00586,0.00006
77.31618,0.48529,0.99711,0.00147,0.00083,0.00059
77.41912,0.48529,0.99038,0.00336,0.00528,0.00098
77.52206,0.48530,0.87645,0.04106,0.06743,0.01506
77.62500,0.48529,0.41694,0.44886,0.11286,0.02134
77.72794,0.48529,0.05061,0.93516,0.01097,0.00326
77.83088,0.48530,0.05061,0.93516,0.01097,0.00326
77.93382,0.48530,0.27561,0.55668,0.15111,0.01661
78.03677,0.48529,0.82948,0.03758,0.12878,0.00417
78.13971,0.48529,0.99198,0.00427,0.00354,0.00021
78.24265,0.48530,0.99842,0.00017,0.00106,0.00035
78.34559,0.48529,0.90597,0.00251,0.02206,0.06946
78.44853,0.48529,0.33834,0.00416,0.03051,0.62698
78.55147,0.48530,0.98976,0.00038,0.00389,0.00597
78.65441,0.48530,0.98979,0.00021,0.00991,0.00009
78.75735,0.48529,0.97756,0.01810,0.00146,0.00288
78.86029,0.48530,0.94226,0.01263,0.03975,0.00536
78.96323,0.48530,0.32527,0.56084,0.09596,0.01793
79.06618,0.48529,0.05061,0.93516,0.01097,0.00326
79.16912,0.48529,0.05061,0.93516,0.01097,0.00326
79.27206,0.48530,0.05061,0.93516,0.01097,0.00326
79.37500,0.48529,0.05061,0.93516,0.01097,0.00326
79.47794,0.48529,0.82475,0.01777,0.15153,0.00596
79.58088,0.48530,0.94082,0.01561,0.04214,0.00143
79.68382,0.48530,0.98470,0.00074,0.01403,0.00053
79.78677,0.48529,0.99047,0.00386,0.00458,0.00109
79.88971,0.48529,0.54167,0.00694,0.01667,0.43472
79.99265,0.48530,0.96432,0.00194,0.00355,0.03019
80.09559,0.48529,0.99223,0.00045,0.00723,0.00010
80.19853,0.48529,0.98054,0.01040,0.00642,0.00264
80.30147,0.48530,0.97773,0.00559,0.01300,0.00368
80.40441,0.48530,0.39179,0.41785,0.16750,0.02286
80.50735,0.48529,0.05061,0.93516,0.01097,0.00326
80.61029,0.48530,0.05061,0.93516,0.01097,0.00326
80.71323,0.48530,0.05061,0.93516,0.01097,0.00326
80.81618,0.48529,0.71655,0.13744,0.13467,0.01135
80.91912,0.48529,0.85652,0.00700,0.13585,0.00063
81.02206,0.48530,0.95975,0.00467,0.03547,0.00011
81.12500,0.48529,0.99765,0.00064,0.00144,0.00027
81.22794,0.48529,0.99821,0.00024,0.00097,0.00058
81.33088,0.48530,0.91144,0.00107,0.05286,0.03463
81.43382,0.48530,0.14018,0.00264,0.06330,0.79388
81.53677,0.48529,0.98576,0.00034,0.00260,0.01131
81.63971,0.48529,0.98840,0.00010,0.01146,0.00004
81.74265,0.48530,0.97508,0.01893,0.00252,0.00347
81.84559,0.48529,0.97850,0.00878,0.01090,0.00182
81.94853,0.48529,0.77494,0.14994,0.05683,0.01829
82.05147,0.48530,0.05061,0.93516,0.01097,0.00326
82.15441,0.48530,0.05061,0.93516,0.01097,0.00326
82.25735,0.48529,0.56309,0.17418,0.24257,0.02016
82.36029,0.48530,0.74439,0.02036,0.23326,0.00199
82.46323,0.48530,0.92148,0.01311,0.06499,0.00042
82.56618,0.48529,0.96043,0.00532,0.03394,0.00031
82.66912,0.48529,0.99386,0.00110,0.00465,0.00039
82.77206,0.48530,0.99028,0.00116,0.00712,0.00144
82.87500,0.48529,0.64587,0.01014,0.05122,0.29278
82.97794,0.48529,0.19372,0.00137,0.01055,0.79435
83.08088,0.48530,0.99750,0.00025,0.00217,0.00008
83.18382,0.48530,0.98389,0.00023,0.01563,0.00025
83.28677,0.48529,0.97866,0.01728,0.00134,0.00271
83.38971,0.48529,0.95372,0.00799,0.03217,0.00612
83.49265,0.48530,0.40769,0.45940,0.11191,0.02100
83.59559,0.48529,0.05061,0.93516,0.01097,0.00326
83.69853,0.48529,0.05061,0.93516,0.01097,0.00326
83.80147,0.48530,0.56800,0.16789,0.25070,0.01341
83.90441,0.48530,0.72474,0.02377,0.25003,0.00145
84.00735,0.48529,0.91490,0.01345,0.07129,0.00036
84.11029,0.48530,0.91559,0.00482,0.07916,0.00042
84.21323,0.48530,0.97812,0.00148,0.01948,0.00091
84.31618,0.48529,0.98929,0.00053,0.00946,0.00072
84.41912,0.48529,0.79262,0.00207,0.05273,0.15259
84.52206,0.48530,0.10681,0.00033,0.00350,0.88937
84.62500,0.48529,0.99781,0.00016,0.00197,0.00006
84.72794,0.48529,0.98790,0.00023,0.01157,0.00030
84.83088,0.48530,0.99094,0.00736,0.00065,0.00105
84.93382,0.48530,0.94590,0.01444,0.03328,0.00638
85.03677,0.48529,0.56887,0.28318,0.12177,0.02618
85.13971,0.48529,0.05061,0.93516,0.01097,0.00326
85.24265,0.48530,0.05061,0.93516,0.01097,0.00326
85.34559,0.48529,0.76672,0.02349,0.20432,0.00546
85.44853,0.48529,0.94373,0.01065,0.04527,0.00035
85.55147,0.48530,0.99871,0.00033,0.00072,0.00024
85.65441,0.48530,0.99644,0.00098,0.00107,0.00151
85.75735,0.48529,0.96164,0.00046,0.02294,0.01496
85.86029,0.48530,0.15305,0.00349,0.04637,0.79709
85.96323,0.48530,0.98985,0.00027,0.00306,0.00682
86.06618,0.48529,0.97544,0.00018,0.02434,0.00005
86.16912,0.48529,0.95003,0.03812,0.00523,0.00662
86.27206,0.48530,0.98414,0.00508,0.00780,0.00298
86.37500,0.48529,0.75198,0.09939,0.11988,0.02876
86.47794,0.48529,0.05061,0.93516,0.01097,0.00326
86.58088,0.48530,0.05061,0.93516,0.01097,0.00326
86.68382,0.48530,0.68463,0.16550,0.13527,0.01459
86.78677,0.48529,0.84132,0.00888,0.14904,0.00077
86.88971,0.48529,0.96965,0.00422,0.02597,0.00017
86.99265,0.48530,0.99526,0.00037,0.00345,0.00091
87.09559,0.48529,0.98987,0.00563,0.00259,0.00191
87.19853,0.48529,0.42893,0.00440,0.06147,0.50520
87.30147,0.48530,0.74857,0.00049,0.01636,0.23457
87.40441,0.48530,0.99070,0.00031,0.00888,0.00011
87.50735,0.48529,0.98873,0.00270,0.00728,0.00128
87.61029,0.48530,0.98915,0.00474,0.00474,0.00136
87.71323,0.48530,0.82588,0.04228,0.11408,0.01776
87.81618,0.48529,0.05061,0.93516,0.01097,0.00326
87.91912,0.48529,0.05061,0.93516,0.01097,0.00326
88.02206,0.48530,0.22197,0.65508,0.10877,0.01418
88.12500,0.48529,0.81941,0.04274,0.13387,0.00398
88.22794,0.48529,0.93927,0.00392,0.05668,0.00013
88.33088,0.48530,0.99619,0.00053,0.00247,0.00081
88.43382,0.48530,0.98710,0.00450,0.00273,0.00567
88.53677,0.48529,0.76142,0.00185,0.02243,0.21430
88.63971,0.48529,0.20683,0.00057,0.00504,0.78755
88.74265,0.48530,0.99854,0.00018,0.00124,0.00004
88.84559,0.48529,0.97774,0.00050,0.02143,0.00032
88.94853,0.48529,0.99280,0.00489,0.00079,0.00151
89.05147,0.48530,0.92887,0.01904,0.04691,0.00519
89.15441,0.48530,0.60553,0.28700,0.08716,0.02030
89.25735,0.48529,0.05061,0.93516,0.01097,0.00326
89.36029,0.48530,0.05061,0.93516,0.01097,0.00326
89.46323,0.48530,0.73577,0.06633,0.18430,0.01360
89.56618,0.48529,0.94596,0.00597,0.04764,0.00043
89.66912,0.48529,0.99359,0.00259,0.00374,0.00008
89.77206,0.48530,0.99223,0.00014,0.00541,0.00222
89.87500,0.48529,0.97005,0.00280,0.02419,0.00296
89.97794,0.48529,0.26185,0.00108,0.01921,0.71786
90.08088,0.48530,0.66383,0.00022,0.01009,0.32586
90.18382,0.48530,0.99714,0.00039,0.00240,0.00008
90.28677,0.48529,0.98763,0.00065,0.01102,0.00070
90.38971,0.48529,0.99083,0.00629,0.00120,0.00168
90.49265,0.48530,0.94022,0.01142,0.04137,0.00699
90.59559,0.48529,0.76574,0.03983,0.17575,0.01869
90.69853,0.48529,0.87153,0.02031,0.10671,0.00145
90.80147,0.48530,0.95789,0.00389,0.03810,0.00012
90.90441,0.48530,0.95862,0.00945,0.03141,0.00051
91.00735,0.48529,0.99575,0.00110,0.00221,0.00094
91.11029,0.48530,0.98057,0.00075,0.01518,0.00350
91.21323,0.48530,0.69253,0.00175,0.00591,0.29981
91.31618,0.48529,0.18160,0.00145,0.00638,0.81057
91.41912,0.48529,0.99919,0.00007,0.00067,0.00006
91.52206,0.48530,0.97622,0.00015,0.02359,0.00004
91.62500,0.48529,0.99165,0.00284,0.00230,0.00322
91.72794,0.48529,0.99270,0.00182,0.00392,0.00156
91.83088,0.48530,0.91407,0.03151,0.04866,0.00576
91.93382,0.48530,0.67845,0.25833,0.04607,0.01716
92.03677,0.48529,0.05061,0.93516,0.01097,0.00326
92.13971,0.48529,0.50236,0.19207,0.28583,0.01974
92.24265,0.48530,0.89088,0.01140,0.09630,0.00143
92.34559,0.48529,0.97344,0.00292,0.02352,0.00013
92.44853,0.48529,0.98368,0.00329,0.01057,0.00246
92.55147,0.48530,0.98712,0.00160,0.00931,0.00197
92.65441,0.48530,0.84745,0.00238,0.02553,0.12464
92.75735,0.48529,0.10036,0.00047,0.00359,0.89558
92.86029,0.48530,0.99948,0.00008,0.00041,0.00003
92.96323,0.48530,0.99214,0.00010,0.00774,0.00002
93.06618,0.48529,0.98991,0.00800,0.00109,0.00100
93.16912,0.48529,0.98964,0.00406,0.00455,0.00175
93.27206,0.48530,0.75714,0.10597,0.10850,0.02839
93.37500,0.48529,0.05061,0.93516,0.01097,0.00326
93.47794,0.48529,0.05061,0.93516,0.01097,0.00326
93.58088,0.48530,0.83427,0.01095,0.15082,0.00396
93.68382,0.48530,0.96581,0.00920,0.02470,0.00029
93.78677,0.48529,0.99751,0.00017,0.00168,0.00063
93.88971,0.48529,0.99462,0.00176,0.00261,0.00101
93.99265,0.48530,0.79956,0.00269,0.01146,0.18629
94.09559,0.48529,0.11831,0.00062,0.00360,0.87746
94.19853,0.48529,0.99882,0.00016,0.00084,0.00019
94.30147,0.48530,0.98192,0.00010,0.01787,0.00011
94.40441,0.48530,0.98860,0.01012,0.00032,0.00097
94.50735,0.48529,0.96094,0.00878,0.02419,0.00609
94.61029,0.48530,0.05061,0.93516,0.01097,0.00326
94.71323,0.48530,0.05061,0.93516,0.01097,0.00326
94.81618,0.48529,0.27122,0.63333,0.08169,0.01376
94.91912,0.48529,0.86572,0.01770,0.11448,0.00210
95.02206,0.48530,0.99198,0.00170,0.00623,0.00009
95.12500,0.48529,0.99818,0.00018,0.00085,0.00078
95.22794,0.48529,0.97725,0.00534,0.01523,0.00218
95.33088,0.48530,0.22943,0.00211,0.00813,0.76032
95.43382,0.48530,0.61177,0.00025,0.00532,0.38266
95.53677,0.48529,0.99783,0.00055,0.00143,0.00020
95.63971,0.48529,0.98445,0.00010,0.01540,0.00005
95.74265,0.48530,0.99052,0.00843,0.00023,0.00082
95.84559,0.48529,0.96999,0.00819,0.01569,0.00613
95.94853,0.48529,0.48761,0.31835,0.17764,0.01641
96.05147,0.48530,0.05061,0.93516,0.01097,0.00326
96.15441,0.48530,0.77745,0.02413,0.19118,0.00724
96.25735,0.48529,0.88466,0.01100,0.10368,0.00066
96.36029,0.48530,0.99087,0.00118,0.00781,0.00013
96.46323,0.48530,0.99263,0.00020,0.00605,0.00112
96.56618,0.48529,0.96133,0.00252,0.02419,0.01197
96.66912,0.48529,0.24230,0.00455,0.06689,0.68626
96.77206,0.48530,0.99236,0.00043,0.00115,0.00606
96.87500,0.48529,0.99647,0.00017,0.00333,0.00002
96.97794,0.48529,0.99594,0.00321,0.00052,0.00033
97.08088,0.48530,0.98468,0.00644,0.00623,0.00265
97.18382,0.48530,0.70571,0.14763,0.12425,0.02241
97.28677,0.48529,0.05061,0.93516,0.01097,0.00326
97.38971,0.48529,0.05061,0.93516,0.01097,0.00326
97.49265,0.48530,0.60997,0.07853,0.29945,0.01205
97.59559,0.48529,0.93038,0.01339,0.05509,0.00114
97.69853,0.48529,0.98950,0.00763,0.00232,0.00055
97.80147,0.48530,0.98372,0.00679,0.00362,0.00587
97.90441,0.48530,0.79643,0.00500,0.00664,0.19194
98.00735,0.48529,0.13540,0.00083,0.00665,0.85712
98.11029,0.48530,0.99884,0.00008,0.00096,0.00012
98.21323,0.48530,0.97202,0.00033,0.02757,0.00008
98.31618,0.48529,0.99550,0.00363,0.00032,0.00056
98.41912,0.48529,0.98283,0.00477,0.00963,0.00277
98.52206,0.48530,0.63097,0.17315,0.17080,0.02509
98.62500,0.48529,0.05061,0.93516,0.01097,0.00326
98.72794,0.48529,0.76525,0.02969,0.20117,0.00389
98.83088,0.48530,0.91966,0.00860,0.07139,0.00035
98.93382,0.48530,0.99824,0.00031,0.00128,0.00017
99.03677,0.48529,0.99143,0.00358,0.00185,0.00314
99.13971,0.48529,0.98230,0.00141,0.00814,0.00815
99.24265,0.48530,0.13953,0.00131,0.02264,0.83652
99.34559,0.48529,0.93193,0.00006,0.01189,0.05612
99.44853,0.48529,0.99818,0.00029,0.00147,0.00006
99.55147,0.48530,0.97663,0.00092,0.02197,0.00047
99.65441,0.48530,0.99200,0.00453,0.00187,0.00160
99.75735,0.48529,0.97176,0.00747,0.01721,0.00357
99.86029,0.48530,0.53606,0.26803,0.17260,0.02331
99.96323,0.48530,0.05061,0.93516,0.01097,0.00326
100.06618,0.48529,0.62189,0.11228,0.25365,0.01218
100.16912,0.48529,0.89405,0.01123,0.09405,0.00067
100.27206,0.48530,0.99681,0.00097,0.00208,0.00014
100.37500,0.48529,0.99287,0.00185,0.00010,0.00518
100.47794,0.48529,0.91609,0.00437,0.00965,0.06990
100.58088,0.48530,0.07812,0.00105,0.00776,0.91307
100.68382,0.48530,0.99649,0.00037,0.00194,0.00119
100.78677,0.48529,0.98205,0.00012,0.01775,0.00009
100.88971,0.48529,0.95164,0.03363,0.00647,0.00827
100.99265,0.48530,0.97748,0.00619,0.01321,0.00312
101.09559,0.48529,0.32527,0.56084,0.09596,0.01793
101.19853,0.48529,0.05061,0.93516,0.01097,0.00326
101.30147,0.48530,0.63158,0.09745,0.25957,0.01140
101.40441,0.48530,0.86857,0.01015,0.12058,0.00070
101.50735,0.48529,0.96276,0.01565,0.02121,0.00038
101.61029,0.48530,0.99591,0.00175,0.00088,0.00146
101.71323,0.48530,0.96169,0.02171,0.01055,0.00604
101.81618,0.48529,0.23037,0.00193,0.02831,0.73938
101.91912,0.48529,0.46316,0.00071,0.00628,0.52985
102.02206,0.48530,0.99794,0.00048,0.00153,0.00005
102.12500,0.48529,0.98867,0.00152,0.00911,0.00071
102.22794,0.48529,0.98795,0.00889,0.00119,0.00197
102.33088,0.48530,0.80967,0.07612,0.09499,0.01922
102.43382,0.48530,0.05061,0.93516,0.01097,0.00326
102.53677,0.48529,0.05061,0.93516,0.01097,0.00326
102.63971,0.48529,0.81837,0.02692,0.14943,0.00528
102.74265,0.48530,0.89660,0.00468,0.09831,0.00041
102.84559,0.48529,0.98495,0.00418,0.01071,0.00017
102.94853,0.48529,0.99769,0.00004,0.00168,0.00059
103.05147,0.48530,0.86067,0.00253,0.12768,0.00912
103.15441,0.48530,0.17542,0.00038,0.01802,0.80619
103.25735,0.48529,0.81331,0.00006,0.00843,0.17820
103.36029,0.48530,0.99230,0.00006,0.00761,0.00002
103.46323,0.48530,0.98842,0.00275,0.00475,0.00408
103.56618,0.48529,0.99044,0.00492,0.00323,0.00142
103.66912,0.48529,0.90956,0.01871,0.06220,0.00953
103.77206,0.48530,0.39884,0.46967,0.11083,0.02066
103.87500,0.48529,0.83198,0.02474,0.13848,0.00481
103.97794,0.48529,0.97971,0.00681,0.01302,0.00046
104.08088,0.48530,0.99428,0.00098,0.00426,0.00049
104.18382,0.48530,0.97639,0.00965,0.01190,0.00206
104.28677,0.48529,0.38196,0.00312,0.01613,0.59880
104.38971,0.48529,0.30108,0.00052,0.00622,0.69218
104.49265,0.48530,0.99807,0.00053,0.00119,0.00022
104.59559,0.48529,0.99009,0.00011,0.00974,0.00006
104.69853,0.48529,0.95695,0.03733,0.00145,0.00427
104.80147,0.48530,0.95966,0.01054,0.02545,0.00434
104.90441,0.48530,0.05061,0.93516,0.01097,0.00326
105.00735,0.48529,0.05061,0.93516,0.01097,0.00326
105.11029,0.48530,0.63217,0.11051,0.24495,0.01237
105.21323,0.48530,0.87889,0.01122,0.10900,0.00089
105.31618,0.48529,0.99473,0.00173,0.00171,0.00183
105.41912,0.48529,0.98460,0.00763,0.00399,0.00378
105.52206,0.48530,0.98941,0.00312,0.00141,0.00606
105.62500,0.48529,0.03911,0.00032,0.00030,0.96027
105.72794,0.48529,0.99945,0.00002,0.00018,0.00035
105.83088,0.48530,0.98862,0.00032,0.01093,0.00013
105.93382,0.48530,0.98169,0.00130,0.01584,0.00117
106.03677,0.48529,0.99726,0.00156,0.00060,0.00058
106.13971,0.48529,0.90233,0.03824,0.04927,0.01015
106.24265,0.48530,0.64848,0.20063,0.13603,0.01486
106.34559,0.48529,0.71171,0.05964,0.22337,0.00528
106.44853,0.48529,0.95050,0.00808,0.04098,0.00044
106.55147,0.48530,0.99769,0.00052,0.00047,0.00132
106.65441,0.48530,0.97899,0.00911,0.00953,0.00236
106.75735,0.48529,0.87179,0.00547,0.02101,0.10172
106.86029,0.48530,0.07209,0.00034,0.00103,0.92654
106.96323,0.48530,0.99885,0.00006,0.00045,0.00064
107.06618,0.48529,0.98831,0.00010,0.01155,0.00004
107.16912,0.48529,0.99109,0.00234,0.00519,0.00138
107.27206,0.48530,0.99645,0.00171,0.00127,0.00057
107.37500,0.48529,0.93584,0.01748,0.03790,0.00878
107.47794,0.48529,0.30625,0.60684,0.07597,0.01094
107.58088,0.48530,0.65023,0.07400,0.26415,0.01162
107.68382,0.48530,0.78039,0.02651,0.19065,0.00245
107.78677,0.48529,0.99774,0.00087,0.00097,0.00041
107.88971,0.48529,0.99944,0.00005,0.00022,0.00029
107.99265,0.48530,0.99477,0.00051,0.00371,0.00100
108.09559,0.48529,0.10398,0.00060,0.00212,0.89330
108.19853,0.48529,0.94395,0.00003,0.00445,0.05157
108.30147,0.48530,0.99652,0.00025,0.00299,0.00024
108.40441,0.48530,0.98268,0.00009,0.01715,0.00008
108.50735,0.48529,0.99203,0.00693,0.00020,0.00084
108.61029,0.48530,0.95407,0.00929,0.02895,0.00769
108.71323,0.48530,0.34070,0.49172,0.15184,0.01574
108.81618,0.48529,0.74575,0.03463,0.21354,0.00608
108.91912,0.48529,0.89036,0.00618,0.10308,0.00037
109.02206,0.48530,0.97299,0.00806,0.01866,0.00029
109.12500,0.48529,0.98604,0.00020,0.01268,0.00109
109.22794,0.48529,0.97257,0.00279,0.02355,0.00110
109.33088,0.48530,0.74604,0.00218,0.01822,0.23356
109.43382,0.48530,0.18873,0.00029,0.00231,0.80867
109.53677,0.48529,0.99816,0.00004,0.00144,0.00035
109.63971,0.48529,0.98234,0.00001,0.01763,0.00002
109.74265,0.48530,0.83337,0.00156,0.16402,0.00105
109.84559,0.48529,0.56037,0.00078,0.43828,0.00057
109.94853,0.48529,0.07980,0.00089,0.91853,0.00079
110.05147,0.48530,0.06827,0.00109,0.93009,0.00055
110.15441,0.48530,0.08894,0.00085,0.90990,0.00031
110.25735,0.48529,0.05783,0.00084,0.94103,0.00030
110.36029,0.48530,0.67759,0.00129,0.32034,0.00078
110.46323,0.48530,0.99063,0.00002,0.00907,0.00029
110.56618,0.48529,0.89024,0.00248,0.10557,0.00171
110.66912,0.48529,0.15143,0.00040,0.01277,0.83541
110.77206,0.48530,0.70448,0.00005,0.00594,0.28953
110.87500,0.48529,0.99772,0.00004,0.00221,0.00002
110.97794,0.48529,0.98272,0.00003,0.01724,0.00002
111.08088,0.48530,0.88123,0.00101,0.11700,0.00076
111.18382,0.48530,0.14228,0.00055,0.85623,0.00093
111.28677,0.48529,0.10420,0.00201,0.89256,0.00122
111.38971,0.48529,0.08384,0.00110,0.91431,0.00075
111.49265,0.48530,0.11004,0.00196,0.88656,0.00144
111.59559,0.48529,0.12828,0.00108,0.87017,0.00047
111.69853,0.48529,0.24394,0.00163,0.75389,0.00054
111.80147,0.48530,0.99834,0.00006,0.00131,0.00028
111.90441,0.48530,0.90813,0.00779,0.08019,0.00388
112.00735,0.48529,0.54585,0.00177,0.01990,0.43248
112.11029,0.48530,0.26896,0.00068,0.00212,0.72823
112.21323,0.48530,0.99816,0.00023,0.00135,0.00027
112.31618,0.48529,0.96572,0.00010,0.03402,0.00015
112.41912,0.48529,0.94716,0.04456,0.00242,0.00586
112.52206,0.48530,0.96964,0.00767,0.01835,0.00434
112.62500,0.48529,0.38152,0.48979,0.10868,0.02000
112.72794,0.48529,0.05061,0.93516,0.01097,0.00326
112.83088,0.48530,0.05061,0.93516,0.01097,0.00326
112.93382,0.48530,0.05061,0.93516,0.01097,0.00326
113.03677,0.48529,0.77710,0.01863,0.19754,0.00672
113.13971,0.48529,0.97508,0.00892,0.01522,0.00078
113.24265,0.48530,0.99973,0.00006,0.00015,0.00006
113.34559,0.48529,0.92907,0.01753,0.04984,0.00355
113.44853,0.48529,0.24748,0.00037,0.00506,0.74709
113.55147,0.48530,0.59889,0.00006,0.00328,0.39776
113.65441,0.48530,0.99253,0.00024,0.00709,0.00014
113.75735,0.48529,0.98804,0.00153,0.00923,0.00120
113.86029,0.48530,0.98867,0.00668,0.00260,0.00204
113.96323,0.48530,0.65079,0.16942,0.15491,0.02488
114.06618,0.48529,0.05061,0.93516,0.01097,0.00326
114.16912,0.48529,0.05061,0.93516,0.01097,0.00326
114.27206,0.48530,0.05061,0.93516,0.01097,0.00326
114.37500,0.48529,0.71540,0.04469,0.23128,0.00862
114.47794,0.48529,0.90278,0.01559,0.08075,0.00088
114.58088,0.48530,0.99773,0.00140,0.00075,0.00011
114.68382,0.48530,0.99434,0.00193,0.00024,0.00350
114.78677,0.48529,0.97448,0.00031,0.00408,0.02113
114.88971,0.48529,0.09249,0.00050,0.00461,0.90240
114.99265,0.48530,0.99652,0.00002,0.00294,0.00052
115.09559,0.48529,0.97719,0.00004,0.02273,0.00004
115.19853,0.48529,0.97984,0.01606,0.00096,0.00314
115.30147,0.48530,0.98040,0.00338,0.01402,0.00219
115.40441,0.48530,0.75196,0.08118,0.14436,0.02250
115.50735,0.48529,0.69874,0.07325,0.19662,0.03139
115.61029,0.48530,0.91113,0.00873,0.07892,0.00122
115.71323,0.48530,0.95125,0.00187,0.04670,0.00018
115.81618,0.48529,0.90760,0.00631,0.08512,0.00098
115.91912,0.48529,0.99295,0.00010,0.00521,0.00174
116.02206,0.48530,0.98424,0.00103,0.01332,0.00141
116.12500,0.48529,0.56532,0.00051,0.01256,0.42161
116.22794,0.48529,0.16765,0.00089,0.00330,0.82816
116.33088,0.48530,0.99951,0.00007,0.00037,0.00005
116.43382,0.48530,0.95921,0.00019,0.04015,0.00045
116.53677,0.48529,0.99258,0.00685,0.00015,0.00043
116.63971,0.48529,0.94559,0.01310,0.03140,0.00991
116.74265,0.48530,0.05061,0.93516,0.01097,0.00326
116.84559,0.48529,0.05061,0.93516,0.01097,0.00326
116.94853,0.48529,0.80365,0.01976,0.17153,0.00506
117.05147,0.48530,0.96772,0.00625,0.02577,0.00026
117.15441,0.48530,0.99983,0.00001,0.00014,0.00002
117.25735,0.48529,0.99148,0.00146,0.00022,0.00684
117.36029,0.48530,0.98939,0.00097,0.00504,0.00460
117.46323,0.48530,0.04175,0.00021,0.00335,0.95469
117.56618,0.48529,0.99676,0.00001,0.00187,0.00137
117.66912,0.48529,0.97314,0.00009,0.02669,0.00009
117.77206,0.48530,0.99054,0.00127,0.00669,0.00150
117.87500,0.48529,0.98454,0.00540,0.00803,0.00202
117.97794,0.48529,0.86424,0.02791,0.09309,0.01476
118.08088,0.48530,0.40769,0.45940,0.11191,0.02100
118.18382,0.48530,0.75736,0.02656,0.21024,0.00583
118.28677,0.48529,0.97961,0.00237,0.01782,0.00019
118.38971,0.48529,0.99228,0.00728,0.00006,0.00037
118.49265,0.48530,0.98470,0.00581,0.00633,0.00316
118.59559,0.48529,0.86853,0.00583,0.01086,0.11478
118.69853,0.48529,0.07021,0.00019,0.00063,0.92898
118.80147,0.48530,0.99840,0.00012,0.00020,0.00128
118.90441,0.48530,0.99398,0.00010,0.00587,0.00005
119.00735,0.48529,0.99487,0.00140,0.00309,0.00064
119.11029,0.48530,0.98216,0.01081,0.00529,0.00175
119.21323,0.48530,0.81582,0.11456,0.05379,0.01582
119.31618,0.48529,0.05061,0.93516,0.01097,0.00326
119.41912,0.48529,0.05061,0.93516,0.01097,0.00326
119.52206,0.48530,0.05061,0.93516,0.01097,0.00326
119.62500,0.48529,0.23011,0.68935,0.06826,0.01228
119.72794,0.48529,0.79119,0.04548,0.15920,0.00413
119.83088,0.48530,0.99820,0.00145,0.00025,0.00009
119.93382,0.48530,0.99740,0.00127,0.00006,0.00128
120.03677,0.48529,0.98118,0.00124,0.00349,0.01409
120.13971,0.48529,0.06048,0.00028,0.00063,0.93861
120.24265,0.48530,0.99784,0.00002,0.00122,0.00092
120.34559,0.48529,0.98384,0.00004,0.01609,0.00004
120.44853,0.48529,0.99018,0.00452,0.00421,0.00109
120.55147,0.48530,0.98764,0.00635,0.00431,0.00170
120.65441,0.48530,0.79263,0.08457,0.09745,0.02535
120.75735,0.48529,0.05061,0.93516,0.01097,0.00326
120.86029,0.48530,0.05061,0.93516,0.01097,0.00326
120.96323,0.48530,0.05061,0.93516,0.01097,0.00326
121.06618,0.48529,0.76593,0.02574,0.20392,0.00441
121.16912,0.48529,0.99675,0.00227,0.00069,0.00029
121.27206,0.48530,0.99979,0.00005,0.00010,0.00007
121.37500,0.48529,0.99067,0.00144,0.00379,0.00410
121.47794,0.48529,0.07215,0.00110,0.00174,0.92502
121.58088,0.48530,0.90725,0.00003,0.00366,0.08906
121.68382,0.48530,0.99731,0.00021,0.00243,0.00006
121.78677,0.48529,0.98508,0.00049,0.01391,0.00051
121.88971,0.48529,0.99244,0.00615,0.00061,0.00080
121.99265,0.48530,0.90361,0.01999,0.06543,0.01096
122.09559,0.48529,0.05061,0.93516,0.01097,0.00326
122.19853,0.48529,0.05061,0.93516,0.01097,0.00326
