Time(Seconds),Length(Seconds),Label(string),Confidence(double),Comment(string)
0.0214286,2.1078154,Wet,1,
2.2325527,0.2273472,Touch,1,
2.6053407,1.1619682,Wet,1,
3.8774159,0.2352411,Touch,1,
4.2632633,1.169596,Wet,1,
5.7007934,0.055258,Touch,1,
6.0020117,0.8568562,Wet,1,
6.9979319,0.2857627,Touch,1,
7.4538075,1.0831476,Wet,1,
8.6258136,0.2731323,Touch,1,
9.1187904,0.9356767,Wet,1,
10.2571256,0.244714,Touch,1,
10.7206942,0.9000804,Wet,1,
11.768808,0.2731323,Touch,1,
12.2430378,0.877197,Wet,1,
13.3151672,0.2336624,Touch,1,
13.712993,0.9000803,Wet,1,
14.7523679,0.2383988,Touch,1,
15.1498428,0.9255064,Wet,1,
16.1894309,0.2620807,Touch,1,
16.6451767,0.8568561,Wet,1,
17.6538681,0.3094447,Touch,1,
18.1400633,0.7576947,Wet,1,
19.0659781,0.4278548,Touch,1,
19.6509753,0.7348114,Wet,1,
20.4999671,0.3520724,Touch,1,
20.9935812,0.8848247,Wet,1,
22.0033369,0.3378632,Touch,1,
22.5042137,0.8466857,Wet,1,
23.4325707,0.2747112,Touch,1,
23.9027524,0.7932912,Wet,1,
24.8295217,0.284184,Touch,1,
25.2905404,0.7932911,Wet,1,
26.2166004,0.3536511,Touch,1,
26.7805612,0.6585333,Wet,1,
27.6446172,0.2462928,Touch,1,
28.0851055,0.7856634,Wet,1,
29.0918927,0.299972,Touch,1,
29.5704968,0.8822821,Wet,1,
30.6108346,0.2241895,Touch,1,
31.015284,0.7856633,Wet,1,
31.9099082,0.3457571,Touch,1,
32.4187059,0.7932911,Wet,1,
33.350064,0.2731323,Touch,1,
33.8477688,0.7729504,Wet,1,
34.7286843,0.2747112,Touch,1,
35.1971855,0.7271835,Wet,1,
36.0436889,0.3347055,Touch,1,
36.5883028,0.6966723,Wet,1,
37.4789489,0.3457572,Touch,1,
38.0124052,0.6331074,Wet,1,
38.7801899,0.3031295,Touch,1,
39.3280186,0.7043001,Wet,1,
40.1901135,0.2857628,Touch,1,
40.7240621,0.7170132,Wet,1,
41.6232716,0.3220752,Touch,1,
42.1482462,0.7093853,Wet,1,
43.060826,0.27629,Touch,1,
43.5876558,0.7602374,Wet,1,
44.5035966,0.2731324,Touch,1,
44.9428026,0.7576948,Wet,1,
45.8169226,0.331548,Touch,1,
46.3489133,0.6534481,Wet,1,
47.13458,0.3552299,Touch,1,
47.6718105,0.6661611,Wet,1,
48.4868927,0.3362844,Touch,1,
49.0772848,0.7297262,Wet,1,
49.9543903,0.2794475,Touch,1,
50.494241,0.6890445,Wet,1,
51.3794655,0.2605019,Touch,1,
51.8724131,0.7704078,Wet,1,
52.8007836,0.2352412,Touch,1,
53.2638746,0.699215,Wet,1,
54.1072113,0.3141812,Touch,1,
54.6060978,0.7271835,Wet,1,
55.4726431,0.3362844,Touch,1,
55.9819424,0.711928,Wet,1,
56.7914041,0.2920779,Touch,1,
57.2894163,0.6687038,Wet,1,
58.0425601,0.3094447,Touch,1,
58.5332865,0.7526095,Wet,1,
60.0051694,0.4958069,Wet,1,
60.7018807,0.3047084,Touch,1,
61.3002786,0.559372,Wet,1,
62.0174517,0.2715535,Touch,1,
62.5136935,0.6203943,Wet,1,
63.3839817,0.2778688,Touch,1,
63.8916679,0.533946,Wet,1,
64.634215,0.2857628,Touch,1,
65.1280737,0.6203943,Wet,1,
65.8602831,0.3094447,Touch,1,
66.3115449,0.6788741,Wet,1,
67.1514978,0.3457571,Touch,1,
67.6711663,0.5542867,Wet,1,
68.3844021,0.3110235,Touch,1,
68.88992,0.6610759,Wet,1,
69.7123334,0.3441783,Touch,1,
70.2462408,0.5390312,Wet,1,
70.9123854,0.3678603,Touch,1,
71.5342222,0.4602105,Wet,1,
72.1821252,0.3062871,Touch,1,
72.7141532,0.5898832,Wet,1,
73.4885042,0.299972,Touch,1,
74.0117749,0.6153091,Wet,1,
74.8076216,0.3236539,Touch,1,
75.3367287,0.6178518,Wet,1,
76.0176648,0.3315479,Touch,1,
76.5294502,0.5669998,Wet,1,
77.2445179,0.3347055,Touch,1,
77.7349018,0.5619145,Wet,1,
78.5590689,0.1357768,Touch,1,
78.8922333,0.6407351,Wet,1,
79.6702168,0.2099803,Touch,1,
80.0367055,0.788206,Wet,1,
80.9818802,0.2652383,Touch,1,
81.4172654,0.7017575,Wet,1,
82.3402462,0.3315479,Touch,1,
82.8830297,0.5034348,Wet,1,
83.5237973,0.426276,Touch,1,
84.1573809,0.5466589,Wet,1,
84.8681539,0.3252328,Touch,1,
85.4258171,0.6890446,Wet,1,
86.8319063,0.6992149,Wet,1,
87.7422823,0.386806,Touch,1,
88.3375825,0.7322687,Wet,1,
89.2829232,0.5478436,Touch,1,
90.0690944,0.7348113,Wet,1,
91.0871688,0.6141532,Touch,1,
91.947703,0.7322687,Wet,1,
92.8525331,0.7120388,Touch,1,
93.7827477,0.3966455,Wet,1,
94.3904043,0.7151963,Touch,1,
95.2936554,0.6305647,Wet,1,
96.1067609,0.7262479,Touch,1,
96.9928027,1.2102775,Wet,1,
98.4112891,0.4846915,Touch,1,
99.1279043,1.0119547,Wet,1,
100.3422005,0.4325911,Touch,1,
101.057051,0.8771969,Wet,1,
102.1200817,0.4325912,Touch,1,
102.9255709,1.284013,Wet,1,
104.5837635,0.5462648,Touch,1,
105.5467789,1.5331877,Wet,1,
107.4283729,0.3647028,Touch,1,
108.03563,2.224775,Wet,1,
110.3827828,0.6046803,Touch,1,
111.1966993,1.9654297,Wet,1,
113.2777363,0.1784044,Touch,1,
113.7778408,2.1815507,Wet,1,
116.0848109,0.2510292,Touch,1,
116.4885904,2.2476583,Wet,1,
118.9116566,0.6994083,Touch,1,
120.0204009,2.001783,Wet,1,
