Time(Seconds),Length(Seconds),Label(string),Confidence(double),Comment(string)
0.009372,2.6679375,Wet,1,
2.9555091,0.3766536,Touch,1,
3.5073345,1.0605875,Wet,1,
4.7747856,0.569542,Touch,1,
5.6153345,1.0803499,Wet,1,
6.9682561,0.7324546,Touch,1,
8.0463657,0.8234374,Wet,1,
9.1646272,0.5877882,Touch,1,
10.0378668,7.4768125,Wet,1,
17.9186222,0.5187133,Touch,1,
18.6775015,1.4821874,Wet,1,
20.5204456,0.5043771,Touch,1,
21.2729765,1.4624249,Wet,1,
23.0571879,0.5356562,Touch,1,
23.809164,1.4294875,Wet,1,
25.5624229,0.3701371,Touch,1,
26.284658,1.13305,Wet,1,
27.6747681,0.5930014,Touch,1,
28.577108,0.9815375,Wet,1,
29.796357,0.51741,Touch,1,
30.5204205,1.0474125,Wet,1,
31.9114839,0.6281906,Touch,1,
32.80814,1.2252749,Wet,1,
34.24791,0.573452,Touch,1,
35.113765,0.8563749,Wet,1,
36.354954,0.6373137,Touch,1,
37.2547025,1.6336999,Wet,1,
39.1284658,0.3062754,Touch,1,
39.6829233,1.119875,Wet,1,
41.1440476,0.3883834,Touch,1,
41.8172732,1.9301375,Wet,1,
44.0060634,0.4704912,Touch,1,
44.7935487,1.4492499,Wet,1,
46.5184994,0.452245,Touch,1,
47.2902112,1.5414749,Wet,1,
49.0706615,0.621674,Touch,1,
49.9449737,1.0671749,Wet,1,
51.3425456,0.4066296,Touch,1,
52.0068612,1.5019499,Wet,1,
53.7405011,0.4431219,Touch,1,
54.4441369,1.1001125,Wet,1,
55.8490751,0.5382628,Touch,1,
56.6928206,0.7443875,Wet,1,
57.7917983,0.5148034,Touch,1,
58.5929435,0.882725,Wet,1,
59.8699988,0.5708454,Touch,1,
60.707531,0.8431999,Wet,1,
61.9021988,0.5903948,Touch,1,
62.7319112,0.7839124,Wet,1,
63.8344605,0.5760586,Touch,1,
64.6818112,2.3253875,Wet,1,
67.4211502,0.7415776,Touch,1,
68.4641122,1.0869374,Wet,1,
69.7421229,0.286726,Touch,1,
70.2361497,0.7839124,Wet,1,
71.2898818,0.243717,Touch,1,
71.7183371,0.86955,Wet,1,
72.845228,0.3492843,Touch,1,
73.4769106,0.671925,Wet,1,
74.4235886,0.3101853,Touch,1,
75.0447356,1.0605875,Wet,1,
76.4017752,0.2984556,Touch,1,
76.9946356,1.462425,Wet,1,
78.6798706,0.3271282,Touch,1,
79.262308,1.1659875,Wet,1,
80.7094165,0.3675305,Touch,1,
81.343958,1.3174999,Wet,1,
82.9847554,0.3297349,Touch,1,
83.5971414,1.1396375,Wet,1,
85.0471959,0.3258249,Touch,1,
85.6853789,1.1330499,Wet,1,
87.1600927,0.4678846,Touch,1,
87.9523213,1.646875,Wet,1,
89.9269227,0.3492843,Touch,1,
90.6070838,1.383375,Wet,1,
92.2007008,0.5851816,Touch,1,
93.0152253,1.4756,Wet,1,
94.7825771,0.65165,Touch,1,
95.6725529,1.541475,Wet,1,
97.3774835,0.6047312,Touch,1,
98.2897644,5.0065,Wet,1,
