Time (seconds), Duration (seconds),pred_unlabelled,pred_Dry,pred_Wet,pred_Touch
0.00735,0.48529,0.05151,0.00042,0.94757,0.00050
0.11029,0.48529,0.04929,0.00041,0.94984,0.00046
0.21324,0.48529,0.05289,0.00044,0.94619,0.00048
0.31618,0.48529,0.05081,0.00031,0.94846,0.00042
0.41912,0.48529,0.04898,0.00035,0.95024,0.00042
0.52206,0.48529,0.04463,0.00026,0.95478,0.00034
0.62500,0.48529,0.04619,0.00029,0.95317,0.00035
0.72794,0.48529,0.05410,0.00037,0.94508,0.00045
0.83088,0.48529,0.05299,0.00037,0.94616,0.00048
0.93382,0.48529,0.05210,0.00037,0.94704,0.00049
1.03676,0.48529,0.04895,0.00036,0.95027,0.00042
1.13971,0.48529,0.05125,0.00029,0.94799,0.00047
1.24265,0.48529,0.04824,0.00030,0.95105,0.00041
1.34559,0.48529,0.04396,0.00022,0.95549,0.00032
1.44853,0.48529,0.04824,0.00030,0.95103,0.00042
1.55147,0.48529,0.05258,0.00036,0.94663,0.00042
1.65441,0.48529,0.05368,0.00040,0.94544,0.00049
1.75735,0.48529,0.05225,0.00041,0.94686,0.00048
1.86029,0.48529,0.05434,0.00039,0.94473,0.00053
1.96324,0.48529,0.05298,0.00038,0.94613,0.00051
2.06618,0.48529,0.04955,0.00029,0.94970,0.00046
2.16912,0.48529,0.05275,0.00026,0.94652,0.00046
2.27206,0.48529,0.22847,0.00040,0.77031,0.00082
2.37500,0.48529,0.86203,0.00012,0.13725,0.00060
2.47794,0.48529,0.99959,0.00000,0.00027,0.00014
2.58088,0.48529,0.99493,0.00005,0.00083,0.00419
2.68382,0.48529,0.97219,0.00109,0.02224,0.00448
2.78676,0.48529,0.85890,0.00075,0.00588,0.13446
2.88971,0.48529,0.06018,0.00071,0.00019,0.93892
2.99265,0.48529,0.99816,0.00001,0.00001,0.00183
3.09559,0.48529,0.99923,0.00000,0.00042,0.00035
3.19853,0.48529,0.99520,0.00001,0.00330,0.00150
3.30147,0.48529,0.99896,0.00004,0.00097,0.00003
3.40441,0.48529,0.26231,0.00089,0.73611,0.00069
3.50735,0.48529,0.05807,0.00021,0.94136,0.00037
3.61029,0.48529,0.05450,0.00025,0.94483,0.00043
3.71324,0.48529,0.06179,0.00038,0.93733,0.00050
3.81618,0.48529,0.05198,0.00027,0.94728,0.00047
3.91912,0.48529,0.05839,0.00037,0.94066,0.00058
4.02206,0.48529,0.06362,0.00039,0.93537,0.00062
4.12500,0.48529,0.19221,0.00050,0.80638,0.00092
4.22794,0.48529,0.72073,0.00022,0.27802,0.00103
4.33088,0.48529,0.99998,0.00000,0.00000,0.00002
4.43382,0.48529,0.99612,0.00005,0.00340,0.00043
4.53676,0.48529,0.99085,0.00015,0.00632,0.00268
4.63971,0.48529,0.76501,0.00026,0.00098,0.23376
4.74265,0.48529,0.04701,0.00002,0.00001,0.95295
4.84559,0.48529,0.08319,0.00074,0.00011,0.91597
4.94853,0.48529,0.20552,0.00035,0.00000,0.79413
5.05147,0.48529,0.99960,0.00000,0.00003,0.00037
5.15441,0.48529,0.98879,0.00001,0.00931,0.00189
5.25735,0.48529,0.97903,0.00000,0.02044,0.00052
5.36029,0.48529,0.99648,0.00119,0.00104,0.00128
5.46324,0.48529,0.34576,0.00105,0.65254,0.00066
5.56618,0.48529,0.09508,0.00034,0.90406,0.00052
5.66912,0.48529,0.05742,0.00020,0.94201,0.00037
5.77206,0.48529,0.05509,0.00020,0.94428,0.00043
5.87500,0.48529,0.05353,0.00021,0.94583,0.00043
5.97794,0.48529,0.05343,0.00022,0.94593,0.00041
6.08088,0.48529,0.05683,0.00029,0.94244,0.00045
6.18382,0.48529,0.05952,0.00029,0.93972,0.00047
6.28676,0.48529,0.11750,0.00032,0.88157,0.00061
6.38971,0.48529,0.46593,0.00035,0.53264,0.00107
6.49265,0.48529,0.97754,0.00002,0.02206,0.00038
6.59559,0.48529,0.99916,0.00040,0.00001,0.00044
6.69853,0.48529,0.96824,0.00074,0.02777,0.00325
6.80147,0.48529,0.96725,0.00106,0.00371,0.02798
6.90441,0.48529,0.62257,0.00028,0.00047,0.37668
7.00735,0.48529,0.02921,0.00021,0.00000,0.97057
7.11029,0.48529,0.07916,0.00064,0.00010,0.92010
7.21324,0.48529,0.08782,0.00078,0.00010,0.91130
7.31618,0.48529,0.43751,0.00047,0.00000,0.56202
7.41912,0.48529,0.99974,0.00000,0.00002,0.00025
7.52206,0.48529,0.99827,0.00001,0.00077,0.00095
7.62500,0.48529,0.99978,0.00000,0.00020,0.00003
7.72794,0.48529,0.99663,0.00016,0.00309,0.00011
7.83088,0.48529,0.23740,0.00085,0.76115,0.00060
7.93382,0.48529,0.07967,0.00031,0.91959,0.00043
8.03677,0.48529,0.06170,0.00034,0.93742,0.00053
8.13971,0.48529,0.05699,0.00027,0.94224,0.00049
8.24265,0.48529,0.05864,0.00030,0.94049,0.00056
8.34559,0.48529,0.07046,0.00027,0.92874,0.00053
8.44853,0.48529,0.16616,0.00033,0.83276,0.00075
8.55147,0.48529,0.47141,0.00033,0.52730,0.00095
8.65441,0.48529,0.95450,0.00003,0.04485,0.00061
8.75735,0.48529,0.99669,0.00002,0.00112,0.00217
8.86029,0.48529,0.96030,0.00199,0.03347,0.00424
8.96323,0.48529,0.99410,0.00197,0.00160,0.00234
9.06618,0.48529,0.45234,0.00373,0.00139,0.54254
9.16912,0.48529,0.04765,0.00040,0.00004,0.95191
9.27206,0.48529,0.08741,0.00086,0.00012,0.91161
9.37500,0.48529,0.54871,0.00031,0.00001,0.45097
9.47794,0.48529,0.99939,0.00000,0.00024,0.00036
9.58088,0.48529,0.99828,0.00002,0.00063,0.00108
9.68382,0.48529,0.99977,0.00000,0.00022,0.00001
9.78677,0.48529,0.97414,0.00053,0.02501,0.00031
9.88971,0.48529,0.11668,0.00037,0.88248,0.00048
9.99265,0.48529,0.05851,0.00019,0.94090,0.00039
10.09559,0.48529,0.06345,0.00025,0.93588,0.00043
10.19853,0.48529,0.05696,0.00026,0.94234,0.00045
10.30147,0.48529,0.06368,0.00033,0.93547,0.00052
10.40441,0.48529,0.05644,0.00032,0.94278,0.00046
10.50735,0.48529,0.05549,0.00033,0.94369,0.00048
10.61029,0.48529,0.05089,0.00023,0.94846,0.00042
10.71323,0.48529,0.05051,0.00024,0.94883,0.00042
10.81618,0.48529,0.05089,0.00024,0.94846,0.00041
10.91912,0.48529,0.06006,0.00041,0.93891,0.00062
11.02206,0.48529,0.05226,0.00027,0.94701,0.00047
11.12500,0.48529,0.05638,0.00027,0.94290,0.00046
11.22794,0.48529,0.06069,0.00033,0.93840,0.00058
11.33088,0.48529,0.07769,0.00035,0.92132,0.00065
11.43382,0.48529,0.08111,0.00033,0.91788,0.00068
11.53677,0.48529,0.12188,0.00036,0.87699,0.00078
11.63971,0.48529,0.18050,0.00036,0.81818,0.00096
11.74265,0.48529,0.29527,0.00039,0.70312,0.00122
11.84559,0.48529,0.28887,0.00031,0.70945,0.00138
11.94853,0.48529,0.32455,0.00046,0.67285,0.00214
12.05147,0.48529,0.18966,0.00072,0.80674,0.00289
12.15441,0.48529,0.15867,0.00050,0.83902,0.00181
12.25735,0.48529,0.40054,0.00222,0.59327,0.00398
12.36029,0.48529,0.31932,0.00077,0.67783,0.00208
12.46323,0.48529,0.12071,0.00034,0.87791,0.00105
12.56618,0.48529,0.10121,0.00029,0.89760,0.00091
12.66912,0.48529,0.10604,0.00022,0.89306,0.00068
12.77206,0.48529,0.20814,0.00029,0.79035,0.00122
12.87500,0.48529,0.21152,0.00031,0.78693,0.00124
12.97794,0.48529,0.28257,0.00030,0.71555,0.00159
13.08088,0.48529,0.14277,0.00013,0.85648,0.00062
13.18382,0.48529,0.45484,0.00018,0.54400,0.00097
13.28677,0.48529,0.66532,0.00013,0.33352,0.00104
13.38971,0.48529,0.47801,0.00059,0.51685,0.00454
13.49265,0.48529,0.82013,0.00281,0.16656,0.01051
13.59559,0.48529,0.40165,0.00053,0.59748,0.00035
13.69853,0.48529,0.81759,0.00007,0.18217,0.00017
13.80147,0.48529,0.32044,0.00022,0.67853,0.00081
13.90441,0.48529,0.91228,0.00214,0.06437,0.02121
14.00735,0.48529,0.20424,0.00076,0.79315,0.00184
14.11029,0.48529,0.16056,0.00058,0.83733,0.00152
14.21323,0.48529,0.10002,0.00031,0.89858,0.00109
14.31618,0.48529,0.09159,0.00026,0.90732,0.00083
14.41912,0.48529,0.08061,0.00021,0.91853,0.00065
14.52206,0.48529,0.08723,0.00025,0.91175,0.00077
14.62500,0.48529,0.09151,0.00027,0.90746,0.00076
14.72794,0.48529,0.08930,0.00022,0.90985,0.00062
14.83088,0.48529,0.07355,0.00023,0.92557,0.00065
14.93382,0.48529,0.07479,0.00026,0.92422,0.00073
15.03677,0.48529,0.07067,0.00026,0.92836,0.00071
15.13971,0.48529,0.07118,0.00023,0.92794,0.00064
15.24265,0.48529,0.06763,0.00020,0.93164,0.00053
15.34559,0.48529,0.06141,0.00016,0.93798,0.00045
15.44853,0.48529,0.06335,0.00017,0.93607,0.00042
15.55147,0.48529,0.06439,0.00020,0.93494,0.00048
15.65441,0.48529,0.06570,0.00021,0.93356,0.00052
15.75735,0.48529,0.07084,0.00027,0.92821,0.00069
15.86029,0.48529,0.07364,0.00028,0.92540,0.00068
15.96323,0.48530,0.06936,0.00025,0.92973,0.00066
16.06618,0.48529,0.07513,0.00028,0.92387,0.00072
16.16912,0.48529,0.06478,0.00020,0.93452,0.00049
16.27206,0.48529,0.06471,0.00017,0.93470,0.00043
16.37500,0.48529,0.06605,0.00020,0.93325,0.00051
16.47794,0.48529,0.07100,0.00021,0.92829,0.00050
16.58088,0.48529,0.07156,0.00025,0.92756,0.00064
16.68382,0.48529,0.07491,0.00028,0.92408,0.00073
16.78676,0.48529,0.08080,0.00031,0.91808,0.00081
16.88971,0.48529,0.08123,0.00025,0.91783,0.00069
16.99265,0.48529,0.10399,0.00028,0.89496,0.00078
17.09559,0.48529,0.14319,0.00028,0.85566,0.00086
17.19853,0.48529,0.24356,0.00028,0.75490,0.00126
17.30147,0.48529,0.51484,0.00022,0.48301,0.00193
17.40441,0.48529,0.88214,0.00007,0.11651,0.00127
17.50735,0.48529,0.99484,0.00004,0.00152,0.00360
17.61029,0.48529,0.94993,0.00162,0.04545,0.00300
17.71324,0.48529,0.99694,0.00125,0.00083,0.00098
17.81618,0.48529,0.52980,0.00266,0.00038,0.46717
17.91912,0.48529,0.04743,0.00037,0.00001,0.95219
18.02206,0.48529,0.21547,0.00095,0.00000,0.78359
18.12500,0.48529,0.99987,0.00000,0.00002,0.00011
18.22794,0.48529,0.99737,0.00001,0.00147,0.00115
18.33088,0.48529,0.98368,0.00000,0.01584,0.00048
18.43382,0.48529,0.99594,0.00027,0.00042,0.00337
18.53676,0.48529,0.25761,0.00061,0.74071,0.00107
18.63971,0.48529,0.10552,0.00029,0.89338,0.00081
18.74265,0.48529,0.08331,0.00022,0.91578,0.00069
18.84559,0.48529,0.08584,0.00032,0.91295,0.00090
18.94853,0.48529,0.09063,0.00032,0.90806,0.00099
19.05147,0.48529,0.08276,0.00030,0.91611,0.00084
19.15441,0.48529,0.08794,0.00029,0.91088,0.00089
19.25735,0.48529,0.08093,0.00023,0.91818,0.00066
19.36029,0.48529,0.07855,0.00022,0.92061,0.00062
19.46324,0.48529,0.08680,0.00025,0.91225,0.00070
19.56618,0.48529,0.08384,0.00021,0.91529,0.00066
19.66912,0.48529,0.08800,0.00023,0.91108,0.00069
19.77206,0.48529,0.13332,0.00038,0.86520,0.00110
19.87500,0.48529,0.28823,0.00032,0.70992,0.00153
19.97794,0.48529,0.78271,0.00013,0.21527,0.00189
20.08088,0.48529,0.99600,0.00000,0.00353,0.00047
20.18382,0.48529,0.99849,0.00000,0.00010,0.00141
20.28676,0.48529,0.99808,0.00053,0.00116,0.00022
20.38971,0.48529,0.20026,0.00022,0.00099,0.79854
20.49265,0.48529,0.11189,0.00048,0.00001,0.88762
20.59559,0.48529,0.09645,0.00011,0.00002,0.90342
20.69853,0.48529,0.99906,0.00009,0.00022,0.00063
20.80147,0.48529,0.99822,0.00000,0.00164,0.00013
20.90441,0.48529,0.98634,0.00001,0.01179,0.00187
21.00735,0.48529,0.98638,0.00018,0.01290,0.00054
21.11029,0.48529,0.56837,0.00165,0.42854,0.00144
21.21324,0.48529,0.10696,0.00036,0.89173,0.00096
21.31618,0.48529,0.07864,0.00025,0.92042,0.00069
21.41912,0.48529,0.06870,0.00020,0.93052,0.00058
21.52206,0.48529,0.07177,0.00022,0.92738,0.00062
21.62500,0.48529,0.06896,0.00021,0.93029,0.00054
21.72794,0.48529,0.06605,0.00020,0.93325,0.00049
21.83088,0.48529,0.06611,0.00017,0.93325,0.00046
21.93382,0.48529,0.06738,0.00021,0.93187,0.00055
22.03676,0.48529,0.07455,0.00028,0.92449,0.00068
22.13971,0.48529,0.08037,0.00032,0.91852,0.00079
22.24265,0.48529,0.08098,0.00027,0.91799,0.00076
22.34559,0.48529,0.13075,0.00032,0.86798,0.00095
22.44853,0.48529,0.30789,0.00025,0.69061,0.00125
22.55147,0.48529,0.83199,0.00006,0.16695,0.00101
22.65441,0.48529,0.99708,0.00001,0.00086,0.00205
22.75735,0.48529,0.97965,0.00070,0.01867,0.00098
22.86029,0.48529,0.99174,0.00138,0.00308,0.00381
22.96324,0.48529,0.68328,0.00666,0.00113,0.30894
23.06618,0.48529,0.05860,0.00036,0.00002,0.94102
23.16912,0.48529,0.20235,0.00090,0.00000,0.79675
23.27206,0.48529,0.99982,0.00000,0.00004,0.00014
23.37500,0.48529,0.99604,0.00001,0.00234,0.00160
23.47794,0.48529,0.99027,0.00000,0.00933,0.00040
23.58088,0.48529,0.99760,0.00020,0.00021,0.00200
23.68382,0.48529,0.34604,0.00099,0.65147,0.00151
23.78676,0.48529,0.09454,0.00027,0.90434,0.00084
23.88971,0.48529,0.07441,0.00021,0.92473,0.00065
23.99265,0.48529,0.06990,0.00017,0.92945,0.00048
24.09559,0.48529,0.06808,0.00018,0.93125,0.00049
24.19853,0.48529,0.07503,0.00023,0.92412,0.00062
24.30147,0.48529,0.07775,0.00027,0.92123,0.00075
24.40441,0.48529,0.07774,0.00026,0.92127,0.00073
24.50735,0.48529,0.08871,0.00034,0.90998,0.00096
24.61029,0.48529,0.08583,0.00030,0.91308,0.00079
24.71324,0.48529,0.10028,0.00027,0.89867,0.00078
24.81618,0.48529,0.15205,0.00031,0.84671,0.00093
24.91912,0.48529,0.27089,0.00028,0.72762,0.00122
25.02206,0.48529,0.72885,0.00013,0.26933,0.00170
25.12500,0.48529,0.99112,0.00039,0.00660,0.00189
25.22794,0.48529,0.99935,0.00000,0.00027,0.00037
25.33088,0.48529,0.99555,0.00083,0.00300,0.00062
25.43382,0.48529,0.65538,0.00480,0.00083,0.33898
25.53676,0.48529,0.21072,0.00037,0.00000,0.78890
25.63971,0.48529,0.99963,0.00000,0.00000,0.00036
25.74265,0.48529,0.99272,0.00000,0.00674,0.00054
25.84559,0.48529,0.97950,0.00000,0.02027,0.00023
25.94853,0.48529,0.99173,0.00012,0.00465,0.00350
26.05147,0.48529,0.33636,0.00078,0.66172,0.00113
26.15441,0.48529,0.09170,0.00024,0.90742,0.00065
26.25735,0.48529,0.07131,0.00018,0.92802,0.00049
26.36029,0.48529,0.07434,0.00022,0.92482,0.00062
26.46324,0.48529,0.07712,0.00028,0.92189,0.00072
26.56618,0.48529,0.07492,0.00023,0.92421,0.00063
26.66912,0.48529,0.08314,0.00036,0.91561,0.00089
26.77206,0.48529,0.09331,0.00031,0.90558,0.00080
26.87500,0.48529,0.12213,0.00025,0.87683,0.00079
26.97794,0.48529,0.19643,0.00029,0.80220,0.00108
27.08088,0.48529,0.44169,0.00027,0.55634,0.00170
27.18382,0.48529,0.79581,0.00012,0.20240,0.00167
27.28676,0.48529,0.99529,0.00005,0.00063,0.00402
27.38971,0.48529,0.99084,0.00053,0.00804,0.00060
27.49265,0.48529,0.99758,0.00057,0.00063,0.00122
27.59559,0.48529,0.47834,0.00038,0.00015,0.52113
27.69853,0.48529,0.03518,0.00042,0.00000,0.96441
27.80147,0.48529,0.06318,0.00090,0.00009,0.93584
27.90441,0.48529,0.95321,0.00009,0.00002,0.04668
28.00735,0.48529,0.99927,0.00000,0.00017,0.00056
28.11029,0.48529,0.99528,0.00001,0.00370,0.00101
28.21324,0.48529,0.99917,0.00001,0.00078,0.00005
28.31618,0.48529,0.82555,0.00339,0.16988,0.00118
28.41912,0.48529,0.10642,0.00031,0.89241,0.00086
28.52206,0.48529,0.07903,0.00022,0.92016,0.00059
28.62500,0.48529,0.07099,0.00017,0.92833,0.00050
28.72794,0.48529,0.08482,0.00026,0.91424,0.00068
28.83088,0.48529,0.09958,0.00033,0.89920,0.00089
28.93382,0.48529,0.14129,0.00040,0.85710,0.00121
29.03676,0.48529,0.22491,0.00036,0.77334,0.00139
29.13971,0.48529,0.39181,0.00033,0.60570,0.00215
29.24265,0.48529,0.62944,0.00031,0.36748,0.00276
29.34559,0.48529,0.99956,0.00000,0.00026,0.00017
29.44853,0.48529,0.99763,0.00005,0.00152,0.00080
29.55147,0.48529,0.99744,0.00018,0.00208,0.00030
29.65441,0.48529,0.70732,0.00724,0.00291,0.28253
29.75735,0.48529,0.08776,0.00033,0.00004,0.91188
29.86029,0.48529,0.05951,0.00093,0.00009,0.93948
29.96324,0.48529,0.96629,0.00012,0.00004,0.03355
30.06618,0.48529,0.99917,0.00000,0.00023,0.00060
30.16912,0.48529,0.99055,0.00001,0.00772,0.00172
30.27206,0.48529,0.99887,0.00001,0.00109,0.00004
30.37500,0.48529,0.74427,0.00369,0.24994,0.00210
30.47794,0.48529,0.13955,0.00047,0.85885,0.00112
30.58088,0.48529,0.08731,0.00022,0.91173,0.00074
30.68382,0.48529,0.07434,0.00019,0.92486,0.00061
30.78676,0.48529,0.06900,0.00020,0.93029,0.00052
30.88971,0.48529,0.09128,0.00021,0.90792,0.00059
30.99265,0.48529,0.10828,0.00029,0.89053,0.00089
31.09559,0.48529,0.17231,0.00034,0.82623,0.00111
31.19853,0.48529,0.37559,0.00030,0.62233,0.00177
31.30147,0.48529,0.70567,0.00015,0.29226,0.00192
31.40441,0.48529,0.97091,0.00002,0.02844,0.00063
31.50735,0.48529,0.99814,0.00001,0.00050,0.00135
31.61029,0.48529,0.97814,0.00093,0.01900,0.00193
31.71324,0.48529,0.99846,0.00081,0.00039,0.00033
31.81618,0.48529,0.49395,0.00441,0.00191,0.49973
31.91912,0.48529,0.06261,0.00053,0.00005,0.93680
32.02206,0.48529,0.08866,0.00079,0.00007,0.91048
32.12500,0.48529,0.07717,0.00028,0.00003,0.92253
32.22794,0.48529,0.99869,0.00002,0.00009,0.00120
32.33088,0.48529,0.99641,0.00000,0.00341,0.00017
32.43382,0.48529,0.98494,0.00001,0.01270,0.00235
32.53677,0.48529,0.99567,0.00003,0.00417,0.00013
32.63971,0.48529,0.61083,0.00108,0.38713,0.00096
32.74265,0.48529,0.18202,0.00058,0.81604,0.00136
32.84559,0.48529,0.09547,0.00032,0.90319,0.00102
32.94853,0.48529,0.08621,0.00027,0.91266,0.00086
33.05147,0.48529,0.08647,0.00030,0.91238,0.00085
33.15441,0.48529,0.08570,0.00026,0.91328,0.00076
33.25735,0.48529,0.10134,0.00026,0.89761,0.00080
33.36029,0.48529,0.14344,0.00029,0.85533,0.00094
33.46323,0.48529,0.22161,0.00034,0.77660,0.00146
33.56618,0.48529,0.41597,0.00030,0.58167,0.00207
33.66912,0.48529,0.60938,0.00029,0.38782,0.00252
33.77206,0.48529,0.96884,0.00002,0.03036,0.00078
33.87500,0.48529,0.99518,0.00001,0.00289,0.00193
33.97794,0.48529,0.85934,0.00157,0.13400,0.00509
34.08088,0.48529,0.98693,0.00017,0.00061,0.01229
34.18382,0.48529,0.38148,0.00017,0.00028,0.61807
34.28677,0.48529,0.07426,0.00072,0.00003,0.92498
34.38971,0.48529,0.07436,0.00072,0.00008,0.92484
34.49265,0.48529,0.99820,0.00002,0.00002,0.00176
34.59559,0.48529,0.99991,0.00000,0.00007,0.00002
34.69853,0.48529,0.99165,0.00001,0.00595,0.00239
34.80147,0.48529,0.99961,0.00002,0.00035,0.00002
34.90441,0.48529,0.30716,0.00088,0.69039,0.00158
35.00735,0.48529,0.14045,0.00043,0.85801,0.00111
35.11029,0.48529,0.09896,0.00032,0.89973,0.00098
35.21323,0.48529,0.07430,0.00021,0.92482,0.00067
35.31618,0.48529,0.08030,0.00026,0.91861,0.00082
35.41912,0.48529,0.09058,0.00028,0.90837,0.00078
35.52206,0.48529,0.12431,0.00028,0.87455,0.00085
35.62500,0.48529,0.24417,0.00029,0.75436,0.00117
35.72794,0.48529,0.47849,0.00025,0.51937,0.00189
35.83088,0.48529,0.85567,0.00009,0.14273,0.00151
35.93382,0.48529,0.98496,0.00050,0.01257,0.00197
36.03677,0.48529,0.99950,0.00000,0.00015,0.00035
36.13971,0.48529,0.99722,0.00101,0.00128,0.00049
36.24265,0.48529,0.66601,0.00608,0.00155,0.32636
36.34559,0.48529,0.06535,0.00059,0.00002,0.93403
36.44853,0.48529,0.09197,0.00076,0.00007,0.90721
36.55147,0.48529,0.07504,0.00071,0.00008,0.92417
36.65441,0.48529,0.94655,0.00217,0.00010,0.05119
36.75735,0.48529,0.99992,0.00000,0.00006,0.00003
36.86029,0.48529,0.99933,0.00001,0.00053,0.00013
36.96323,0.48529,0.99990,0.00000,0.00009,0.00001
37.06618,0.48529,0.74080,0.00016,0.25360,0.00544
37.16912,0.48529,0.26839,0.00068,0.72988,0.00105
37.27206,0.48529,0.11772,0.00032,0.88112,0.00083
37.37500,0.48529,0.07903,0.00021,0.92011,0.00064
37.47794,0.48529,0.07718,0.00024,0.92191,0.00067
37.58088,0.48529,0.07441,0.00025,0.92467,0.00066
37.68382,0.48529,0.07514,0.00022,0.92400,0.00065
37.78677,0.48529,0.07629,0.00026,0.92272,0.00073
37.88971,0.48529,0.07777,0.00025,0.92128,0.00070
37.99265,0.48529,0.07378,0.00021,0.92544,0.00057
38.09559,0.48529,0.07423,0.00020,0.92506,0.00052
38.19853,0.48529,0.08292,0.00023,0.91625,0.00060
38.30147,0.48529,0.10090,0.00029,0.89793,0.00089
38.40441,0.48529,0.20720,0.00037,0.79117,0.00126
38.50735,0.48529,0.40898,0.00029,0.58884,0.00189
38.61029,0.48529,0.84909,0.00010,0.14929,0.00153
38.71323,0.48529,0.98956,0.00013,0.00870,0.00161
38.81618,0.48529,0.99840,0.00000,0.00020,0.00140
38.91912,0.48529,0.99608,0.00097,0.00240,0.00056
39.02206,0.48529,0.09886,0.00017,0.00012,0.90085
39.12500,0.48529,0.99953,0.00001,0.00000,0.00046
39.22794,0.48529,0.99257,0.00000,0.00731,0.00011
39.33088,0.48529,0.98731,0.00000,0.01234,0.00034
39.43382,0.48529,0.99727,0.00105,0.00020,0.00149
39.53677,0.48529,0.45915,0.00107,0.53873,0.00104
39.63971,0.48529,0.11881,0.00034,0.88000,0.00085
39.74265,0.48529,0.07808,0.00025,0.92098,0.00069
39.84559,0.48529,0.07173,0.00023,0.92736,0.00068
39.94853,0.48529,0.06930,0.00021,0.92994,0.00056
40.05147,0.48529,0.07005,0.00020,0.92924,0.00051
40.15441,0.48529,0.06948,0.00019,0.92985,0.00048
40.25735,0.48529,0.09375,0.00023,0.90538,0.00063
40.36029,0.48529,0.16342,0.00029,0.83528,0.00101
40.46323,0.48529,0.29991,0.00032,0.69831,0.00146
40.56618,0.48529,0.62794,0.00023,0.36952,0.00232
40.66912,0.48529,0.97293,0.00001,0.02659,0.00046
40.77206,0.48529,0.99756,0.00095,0.00011,0.00139
40.87500,0.48529,0.98026,0.00138,0.01565,0.00270
40.97794,0.48529,0.97784,0.00083,0.00224,0.01909
41.08088,0.48529,0.31970,0.00128,0.00164,0.67738
41.18382,0.48529,0.99385,0.00005,0.00000,0.00610
41.28677,0.48529,0.99917,0.00000,0.00070,0.00013
41.38971,0.48529,0.99695,0.00000,0.00288,0.00017
41.49265,0.48529,0.99963,0.00000,0.00029,0.00007
41.59559,0.48529,0.77935,0.00160,0.21377,0.00527
41.69853,0.48529,0.12059,0.00032,0.87830,0.00079
41.80147,0.48529,0.07829,0.00023,0.92072,0.00077
41.90441,0.48529,0.09871,0.00038,0.89982,0.00109
42.00735,0.48529,0.09743,0.00038,0.90116,0.00104
42.11029,0.48529,0.08601,0.00026,0.91293,0.00080
42.21323,0.48529,0.08369,0.00019,0.91548,0.00063
42.31618,0.48529,0.08559,0.00025,0.91343,0.00073
42.41912,0.48529,0.08603,0.00025,0.91294,0.00077
42.52206,0.48529,0.08059,0.00020,0.91859,0.00062
42.62500,0.48529,0.08432,0.00026,0.91460,0.00082
42.72794,0.48529,0.09340,0.00035,0.90521,0.00105
42.83088,0.48529,0.08465,0.00028,0.91422,0.00085
42.93382,0.48529,0.09005,0.00030,0.90875,0.00090
43.03677,0.48529,0.08529,0.00023,0.91382,0.00066
43.13971,0.48529,0.08073,0.00019,0.91852,0.00056
43.24265,0.48529,0.14779,0.00032,0.85086,0.00103
43.34559,0.48529,0.26316,0.00027,0.73524,0.00132
43.44853,0.48529,0.59259,0.00020,0.40504,0.00218
43.55147,0.48529,0.98738,0.00001,0.01215,0.00045
43.65441,0.48529,0.99508,0.00001,0.00298,0.00192
43.75735,0.48529,0.79644,0.00173,0.19769,0.00414
43.86029,0.48529,0.94488,0.00016,0.00054,0.05442
43.96323,0.48529,0.21685,0.00010,0.00006,0.78298
44.06618,0.48529,0.05511,0.00120,0.00010,0.94359
44.16912,0.48529,0.98794,0.00009,0.00001,0.01197
44.27206,0.48529,0.99895,0.00000,0.00082,0.00023
44.37500,0.48529,0.99672,0.00000,0.00302,0.00026
44.47794,0.48529,0.99782,0.00002,0.00199,0.00017
44.58088,0.48529,0.70268,0.00225,0.29051,0.00457
44.68382,0.48529,0.20782,0.00045,0.79060,0.00112
44.78677,0.48529,0.12226,0.00030,0.87642,0.00101
44.88971,0.48529,0.10993,0.00039,0.88849,0.00119
44.99265,0.48529,0.09222,0.00031,0.90644,0.00103
45.09559,0.48529,0.08864,0.00029,0.91017,0.00091
45.19853,0.48529,0.09374,0.00031,0.90496,0.00099
45.30147,0.48529,0.09159,0.00026,0.90735,0.00080
45.40441,0.48529,0.08436,0.00020,0.91483,0.00062
45.50735,0.48529,0.09204,0.00025,0.90699,0.00072
45.61029,0.48529,0.09254,0.00025,0.90648,0.00074
45.71323,0.48529,0.12102,0.00027,0.87784,0.00087
45.81618,0.48529,0.23992,0.00034,0.75813,0.00161
45.91912,0.48529,0.58032,0.00024,0.41719,0.00225
46.02206,0.48529,0.96656,0.00002,0.03281,0.00062
46.12500,0.48529,0.98738,0.00006,0.00372,0.00884
46.22794,0.48529,0.99068,0.00044,0.00783,0.00105
46.33088,0.48529,0.99015,0.00124,0.00241,0.00621
46.43382,0.48529,0.42099,0.00068,0.00055,0.57777
46.53677,0.48529,0.02799,0.00033,0.00000,0.97168
46.63971,0.48529,0.98334,0.00025,0.00000,0.01641
46.74265,0.48529,0.99991,0.00000,0.00006,0.00003
46.84559,0.48529,0.99990,0.00000,0.00009,0.00001
46.94853,0.48529,0.99962,0.00001,0.00029,0.00009
47.05147,0.48529,0.67899,0.00038,0.30841,0.01221
47.15441,0.48529,0.24939,0.00075,0.74851,0.00135
47.25735,0.48529,0.09772,0.00033,0.90092,0.00103
47.36029,0.48529,0.08520,0.00031,0.91357,0.00092
47.46323,0.48529,0.07728,0.00022,0.92178,0.00072
47.56618,0.48529,0.07537,0.00021,0.92380,0.00061
47.66912,0.48529,0.07152,0.00019,0.92773,0.00055
47.77206,0.48529,0.07288,0.00018,0.92642,0.00052
47.87500,0.48529,0.07929,0.00025,0.91984,0.00062
47.97794,0.48529,0.07869,0.00023,0.92046,0.00063
48.08088,0.48529,0.08672,0.00027,0.91224,0.00077
48.18382,0.48529,0.10788,0.00035,0.89070,0.00106
48.28677,0.48529,0.16349,0.00049,0.83466,0.00136
48.38971,0.48529,0.26927,0.00035,0.72887,0.00152
48.49265,0.48529,0.51546,0.00024,0.48235,0.00196
48.59559,0.48529,0.94804,0.00002,0.05127,0.00067
48.69853,0.48529,0.98362,0.00002,0.00633,0.01003
48.80147,0.48529,0.98760,0.00044,0.01092,0.00104
48.90441,0.48529,0.97691,0.00065,0.01520,0.00724
49.00735,0.48529,0.71565,0.00764,0.00054,0.27616
49.11029,0.48529,0.04242,0.00021,0.00001,0.95735
49.21323,0.48529,0.10529,0.00080,0.00007,0.89384
49.31618,0.48529,0.48157,0.00078,0.00001,0.51764
49.41912,0.48529,0.99994,0.00000,0.00004,0.00002
49.52206,0.48529,0.99866,0.00000,0.00062,0.00072
49.62500,0.48529,0.99045,0.00000,0.00942,0.00013
49.72794,0.48529,0.99791,0.00009,0.00023,0.00177
49.83088,0.48529,0.22123,0.00077,0.77622,0.00178
49.93382,0.48529,0.09800,0.00028,0.90081,0.00091
50.03677,0.48529,0.08050,0.00020,0.91870,0.00060
50.13971,0.48529,0.07629,0.00019,0.92296,0.00056
50.24265,0.48529,0.08881,0.00024,0.91023,0.00072
50.34559,0.48529,0.08916,0.00025,0.90984,0.00075
50.44853,0.48529,0.10419,0.00034,0.89444,0.00103
50.55147,0.48529,0.14590,0.00045,0.85227,0.00139
50.65441,0.48529,0.24866,0.00033,0.74951,0.00150
50.75735,0.48529,0.54392,0.00026,0.45347,0.00236
50.86029,0.48529,0.95100,0.00003,0.04823,0.00074
50.96323,0.48529,0.99678,0.00010,0.00019,0.00292
51.06618,0.48529,0.98690,0.00102,0.00998,0.00211
51.16912,0.48529,0.98647,0.00143,0.00233,0.00977
51.27206,0.48529,0.47180,0.00018,0.00040,0.52762
51.37500,0.48529,0.53526,0.00003,0.00000,0.46470
51.47794,0.48529,0.99938,0.00000,0.00007,0.00055
51.58088,0.48529,0.99729,0.00000,0.00253,0.00018
51.68382,0.48529,0.99841,0.00000,0.00153,0.00007
51.78677,0.48529,0.99995,0.00000,0.00004,0.00001
51.88971,0.48529,0.21435,0.00074,0.78343,0.00148
51.99265,0.48529,0.10907,0.00039,0.88937,0.00117
52.09559,0.48529,0.07671,0.00019,0.92248,0.00063
52.19853,0.48529,0.08140,0.00025,0.91762,0.00073
52.30147,0.48529,0.08000,0.00022,0.91912,0.00066
52.40441,0.48529,0.07897,0.00023,0.92013,0.00068
52.50735,0.48529,0.08258,0.00023,0.91653,0.00066
52.61029,0.48529,0.08268,0.00023,0.91638,0.00071
52.71323,0.48529,0.08974,0.00031,0.90910,0.00085
52.81618,0.48529,0.09721,0.00037,0.90135,0.00107
52.91912,0.48529,0.12048,0.00034,0.87818,0.00099
53.02206,0.48529,0.15843,0.00033,0.84012,0.00113
53.12500,0.48529,0.31324,0.00035,0.68485,0.00156
53.22794,0.48529,0.63797,0.00018,0.35986,0.00199
53.33088,0.48529,0.99806,0.00001,0.00066,0.00127
53.43382,0.48529,0.95839,0.00059,0.03845,0.00257
53.53677,0.48529,0.99904,0.00036,0.00047,0.00013
53.63971,0.48529,0.52857,0.00219,0.00088,0.46836
53.74265,0.48529,0.05243,0.00178,0.00005,0.94574
53.84559,0.48529,0.98805,0.00003,0.00000,0.01191
53.94853,0.48529,0.99947,0.00000,0.00039,0.00013
54.05147,0.48529,0.99855,0.00000,0.00107,0.00038
54.15441,0.48529,0.99857,0.00001,0.00103,0.00039
54.25735,0.48529,0.67002,0.00165,0.32652,0.00181
54.36029,0.48529,0.21268,0.00059,0.78499,0.00175
54.46323,0.48529,0.13215,0.00038,0.86633,0.00114
54.56618,0.48529,0.10289,0.00023,0.89608,0.00081
54.66912,0.48529,0.11071,0.00030,0.88799,0.00100
54.77206,0.48529,0.10538,0.00024,0.89358,0.00081
54.87500,0.48529,0.12640,0.00037,0.87197,0.00126
54.97794,0.48529,0.17217,0.00042,0.82584,0.00158
55.08088,0.48529,0.20253,0.00044,0.79489,0.00213
55.18382,0.48529,0.34785,0.00041,0.64928,0.00247
55.28677,0.48529,0.56177,0.00027,0.43556,0.00239
55.38971,0.48529,0.97239,0.00002,0.02698,0.00062
55.49265,0.48529,0.99256,0.00002,0.00463,0.00280
55.59559,0.48529,0.99502,0.00023,0.00395,0.00080
55.69853,0.48529,0.84767,0.00087,0.00229,0.14917
55.80147,0.48529,0.17803,0.00016,0.00007,0.82173
55.90441,0.48529,0.10887,0.00083,0.00007,0.89022
56.00735,0.48529,0.37207,0.00029,0.00001,0.62763
56.11029,0.48529,0.99942,0.00000,0.00005,0.00052
56.21323,0.48529,0.99866,0.00000,0.00109,0.00025
56.31618,0.48529,0.99886,0.00000,0.00101,0.00013
56.41912,0.48529,0.99953,0.00002,0.00031,0.00014
56.52206,0.48529,0.25246,0.00067,0.74528,0.00159
56.62500,0.48529,0.11635,0.00037,0.88201,0.00126
56.72794,0.48529,0.09760,0.00028,0.90125,0.00087
56.83088,0.48529,0.09176,0.00021,0.90736,0.00067
56.93382,0.48529,0.11961,0.00029,0.87924,0.00087
57.03677,0.48529,0.19572,0.00031,0.80271,0.00127
57.13971,0.48529,0.42986,0.00022,0.56825,0.00167
57.24265,0.48529,0.90129,0.00004,0.09773,0.00094
57.34559,0.48529,0.99951,0.00000,0.00039,0.00009
57.44853,0.48529,0.99880,0.00000,0.00086,0.00034
57.55147,0.48529,0.99698,0.00011,0.00120,0.00172
57.65441,0.48529,0.81609,0.00218,0.00151,0.18022
57.75735,0.48529,0.32513,0.00010,0.00006,0.67470
57.86029,0.48529,0.05335,0.00111,0.00009,0.94546
57.96323,0.48529,0.98829,0.00019,0.00000,0.01152
58.06618,0.48529,0.99941,0.00000,0.00037,0.00021
58.16912,0.48529,0.99960,0.00000,0.00035,0.00004
58.27206,0.48529,0.99751,0.00001,0.00239,0.00010
58.37500,0.48529,0.45280,0.00050,0.54214,0.00456
58.47794,0.48529,0.15545,0.00041,0.84303,0.00111
58.58088,0.48529,0.10280,0.00027,0.89602,0.00091
58.68382,0.48529,0.08696,0.00029,0.91181,0.00093
58.78677,0.48529,0.09305,0.00034,0.90555,0.00105
58.88971,0.48529,0.09503,0.00032,0.90371,0.00094
58.99265,0.48529,0.11897,0.00030,0.87978,0.00095
59.09559,0.48529,0.19414,0.00035,0.80430,0.00121
59.19853,0.48529,0.42826,0.00021,0.57004,0.00148
59.30147,0.48529,0.82905,0.00009,0.16937,0.00149
59.40441,0.48529,0.98907,0.00000,0.01063,0.00029
59.50735,0.48529,0.98967,0.00001,0.00701,0.00331
59.61029,0.48529,0.99753,0.00010,0.00167,0.00070
59.71323,0.48529,0.76645,0.00113,0.00081,0.23161
59.81618,0.48529,0.33818,0.00003,0.00004,0.66175
59.91912,0.48529,0.09028,0.00079,0.00006,0.90887
60.02206,0.48529,0.16560,0.00009,0.00000,0.83431
60.12500,0.48529,0.99803,0.00004,0.00002,0.00191
60.22794,0.48529,0.99103,0.00000,0.00782,0.00114
60.33088,0.48529,0.97280,0.00000,0.02581,0.00138
60.43382,0.48529,0.99182,0.00052,0.00385,0.00380
60.53677,0.48529,0.41939,0.00098,0.57827,0.00136
60.63971,0.48529,0.13623,0.00038,0.86237,0.00102
60.74265,0.48529,0.08642,0.00019,0.91272,0.00066
60.84559,0.48529,0.09179,0.00026,0.90717,0.00078
60.94853,0.48529,0.09151,0.00025,0.90746,0.00078
61.05147,0.48529,0.13696,0.00042,0.86138,0.00124
61.15441,0.48529,0.26509,0.00034,0.73305,0.00152
61.25735,0.48529,0.52584,0.00022,0.47193,0.00201
61.36029,0.48529,0.94288,0.00003,0.05624,0.00085
61.46323,0.48529,0.99998,0.00000,0.00000,0.00002
61.56618,0.48529,0.99943,0.00002,0.00044,0.00011
61.66912,0.48529,0.99869,0.00004,0.00066,0.00062
61.77206,0.48529,0.75447,0.00237,0.00013,0.24304
61.87500,0.48529,0.05818,0.00009,0.00001,0.94172
61.97794,0.48529,0.09815,0.00081,0.00007,0.90097
62.08088,0.48529,0.24396,0.00009,0.00000,0.75595
62.18382,0.48529,0.99970,0.00000,0.00001,0.00029
62.28677,0.48529,0.99369,0.00000,0.00560,0.00071
62.38971,0.48529,0.98895,0.00000,0.00979,0.00126
62.49265,0.48529,0.99490,0.00086,0.00195,0.00229
62.59559,0.48529,0.51484,0.00133,0.48227,0.00157
62.69853,0.48529,0.21028,0.00077,0.78699,0.00196
62.80147,0.48529,0.09663,0.00029,0.90205,0.00103
62.90441,0.48529,0.10498,0.00033,0.89371,0.00098
63.00735,0.48529,0.11870,0.00025,0.88020,0.00084
63.11029,0.48529,0.19304,0.00029,0.80546,0.00120
63.21323,0.48529,0.38663,0.00028,0.61122,0.00187
63.31618,0.48529,0.87380,0.00007,0.12478,0.00135
63.41912,0.48529,0.99499,0.00004,0.00110,0.00386
63.52206,0.48529,0.99367,0.00021,0.00571,0.00041
63.62500,0.48529,0.99573,0.00103,0.00138,0.00187
63.72794,0.48529,0.52349,0.00021,0.00012,0.47618
63.83088,0.48529,0.03496,0.00039,0.00000,0.96464
63.93382,0.48530,0.11247,0.00087,0.00007,0.88659
64.03677,0.48529,0.57991,0.00005,0.00001,0.42003
64.13971,0.48529,0.99963,0.00000,0.00001,0.00036
64.24265,0.48530,0.99792,0.00000,0.00185,0.00022
64.34559,0.48529,0.99936,0.00000,0.00060,0.00004
64.44853,0.48529,0.99997,0.00000,0.00003,0.00000
64.55147,0.48530,0.26952,0.00069,0.72833,0.00146
64.65441,0.48530,0.10989,0.00024,0.88905,0.00083
64.75735,0.48529,0.09255,0.00021,0.90651,0.00072
64.86029,0.48530,0.09838,0.00031,0.90034,0.00097
64.96323,0.48530,0.09812,0.00031,0.90060,0.00096
65.06618,0.48529,0.10207,0.00038,0.89626,0.00129
65.16912,0.48529,0.09970,0.00036,0.89882,0.00111
65.27206,0.48530,0.09417,0.00025,0.90473,0.00084
65.37500,0.48529,0.09312,0.00027,0.90577,0.00084
65.47794,0.48529,0.08575,0.00022,0.91331,0.00073
65.58088,0.48530,0.09737,0.00030,0.90139,0.00095
65.68382,0.48530,0.09185,0.00025,0.90703,0.00087
65.78677,0.48529,0.09387,0.00027,0.90498,0.00088
65.88971,0.48529,0.09824,0.00037,0.90025,0.00114
65.99265,0.48530,0.10012,0.00034,0.89837,0.00117
66.09559,0.48529,0.08943,0.00025,0.90951,0.00081
66.19853,0.48529,0.08456,0.00024,0.91447,0.00073
66.30147,0.48530,0.08629,0.00024,0.91276,0.00072
66.40441,0.48530,0.08955,0.00025,0.90941,0.00079
66.50735,0.48529,0.10320,0.00027,0.89575,0.00078
66.61029,0.48530,0.18351,0.00033,0.81487,0.00128
66.71323,0.48530,0.33449,0.00034,0.66337,0.00180
66.81618,0.48529,0.67310,0.00022,0.32426,0.00242
66.91912,0.48529,0.97177,0.00001,0.02768,0.00053
67.02206,0.48530,0.98823,0.00211,0.00678,0.00288
67.12500,0.48529,0.99713,0.00005,0.00184,0.00098
67.22794,0.48529,0.99705,0.00061,0.00076,0.00158
67.33088,0.48530,0.63671,0.01369,0.00063,0.34897
67.43382,0.48530,0.12697,0.00128,0.00001,0.87174
67.53677,0.48529,0.08925,0.00065,0.00006,0.91004
67.63971,0.48529,0.08802,0.00069,0.00006,0.91123
67.74265,0.48530,0.06815,0.00019,0.00002,0.93165
67.84559,0.48529,0.99800,0.00014,0.00022,0.00164
67.94853,0.48529,0.99926,0.00000,0.00062,0.00012
68.05147,0.48530,0.98142,0.00001,0.01557,0.00299
68.15441,0.48530,0.98381,0.00024,0.01500,0.00094
68.25735,0.48529,0.57421,0.00143,0.42297,0.00139
68.36029,0.48530,0.23302,0.00070,0.76448,0.00181
68.46323,0.48530,0.14880,0.00042,0.84934,0.00144
68.56618,0.48529,0.10433,0.00034,0.89415,0.00118
68.66912,0.48529,0.10229,0.00031,0.89630,0.00110
68.77206,0.48530,0.09143,0.00022,0.90760,0.00074
68.87500,0.48529,0.09764,0.00027,0.90127,0.00082
68.97794,0.48529,0.09750,0.00026,0.90143,0.00080
69.08088,0.48530,0.15928,0.00028,0.83945,0.00099
69.18382,0.48530,0.42744,0.00019,0.57083,0.00153
69.28677,0.48529,0.99979,0.00000,0.00002,0.00018
69.38971,0.48529,0.99934,0.00000,0.00057,0.00008
69.49265,0.48530,0.99753,0.00004,0.00133,0.00110
69.59559,0.48529,0.12152,0.00007,0.00014,0.87827
69.69853,0.48529,0.98094,0.00000,0.00000,0.01906
69.80147,0.48530,0.99421,0.00000,0.00465,0.00114
69.90441,0.48530,0.97824,0.00000,0.02042,0.00134
70.00735,0.48529,0.99280,0.00055,0.00276,0.00388
70.11029,0.48530,0.37816,0.00082,0.61977,0.00125
70.21323,0.48530,0.14598,0.00042,0.85236,0.00124
70.31618,0.48529,0.09610,0.00027,0.90272,0.00091
70.41912,0.48529,0.10199,0.00037,0.89655,0.00109
70.52206,0.48530,0.11917,0.00040,0.87916,0.00127
70.62500,0.48529,0.18822,0.00037,0.81007,0.00134
70.72794,0.48529,0.46685,0.00025,0.53099,0.00192
70.83088,0.48530,0.99927,0.00000,0.00038,0.00035
70.93382,0.48530,0.99796,0.00000,0.00174,0.00030
71.03677,0.48529,0.98769,0.00016,0.00914,0.00301
71.13971,0.48529,0.16192,0.00005,0.00202,0.83601
71.24265,0.48530,0.99859,0.00000,0.00016,0.00125
71.34559,0.48529,0.99721,0.00000,0.00135,0.00144
71.44853,0.48529,0.99850,0.00000,0.00145,0.00005
71.55147,0.48530,0.76201,0.00195,0.23438,0.00166
71.65441,0.48530,0.17797,0.00052,0.82022,0.00128
71.75735,0.48529,0.09518,0.00024,0.90375,0.00082
71.86029,0.48530,0.09180,0.00026,0.90713,0.00082
71.96323,0.48530,0.08753,0.00022,0.91160,0.00065
72.06618,0.48529,0.11533,0.00030,0.88349,0.00087
72.16912,0.48529,0.19778,0.00026,0.80086,0.00109
72.27206,0.48530,0.50480,0.00025,0.49306,0.00189
72.37500,0.48529,0.98010,0.00001,0.01945,0.00044
72.47794,0.48529,0.99551,0.00002,0.00197,0.00250
72.58088,0.48530,0.95629,0.00274,0.03802,0.00295
72.68382,0.48530,0.92170,0.00105,0.01024,0.06700
72.78677,0.48529,0.08956,0.00015,0.00004,0.91025
72.88971,0.48529,0.99986,0.00000,0.00010,0.00004
72.99265,0.48530,0.99917,0.00000,0.00024,0.00059
73.09559,0.48529,0.98512,0.00000,0.01439,0.00048
73.19853,0.48529,0.99866,0.00002,0.00030,0.00103
73.30147,0.48530,0.23734,0.00058,0.76079,0.00129
73.40441,0.48530,0.11525,0.00033,0.88343,0.00099
73.50735,0.48529,0.09586,0.00026,0.90298,0.00089
73.61029,0.48530,0.09821,0.00033,0.90051,0.00095
73.71323,0.48530,0.18790,0.00039,0.81022,0.00150
73.81618,0.48529,0.35800,0.00031,0.63985,0.00184
73.91912,0.48529,0.83670,0.00008,0.16186,0.00137
74.02206,0.48530,0.99845,0.00001,0.00053,0.00101
74.12500,0.48529,0.96646,0.00070,0.03063,0.00220
74.22794,0.48529,0.99797,0.00057,0.00128,0.00018
74.33088,0.48530,0.09786,0.00854,0.00028,0.89333
74.43382,0.48530,0.99999,0.00000,0.00000,0.00001
74.53677,0.48529,0.99967,0.00000,0.00015,0.00018
74.63971,0.48529,0.98658,0.00000,0.01214,0.00127
74.74265,0.48530,0.99863,0.00007,0.00019,0.00111
74.84559,0.48529,0.31615,0.00092,0.68113,0.00180
74.94853,0.48529,0.12594,0.00041,0.87233,0.00131
75.05147,0.48530,0.09493,0.00028,0.90382,0.00097
75.15441,0.48530,0.08750,0.00024,0.91150,0.00076
75.25735,0.48529,0.08667,0.00020,0.91254,0.00059
75.36029,0.48530,0.09474,0.00026,0.90415,0.00084
75.46323,0.48530,0.10210,0.00033,0.89661,0.00097
75.56618,0.48529,0.12493,0.00033,0.87372,0.00102
75.66912,0.48529,0.18356,0.00034,0.81471,0.00140
75.77206,0.48530,0.38930,0.00033,0.60814,0.00223
75.87500,0.48529,0.84893,0.00008,0.14960,0.00140
75.97794,0.48529,0.99950,0.00000,0.00008,0.00041
76.08088,0.48530,0.96358,0.00029,0.03354,0.00259
76.18382,0.48530,0.99930,0.00024,0.00038,0.00008
76.28677,0.48529,0.12511,0.00038,0.00057,0.87395
76.38971,0.48529,0.99906,0.00005,0.00003,0.00086
76.49265,0.48530,0.99775,0.00000,0.00216,0.00008
76.59559,0.48529,0.99773,0.00000,0.00218,0.00009
76.69853,0.48529,0.99786,0.00005,0.00205,0.00004
76.80147,0.48530,0.61029,0.00176,0.38239,0.00556
76.90441,0.48530,0.13156,0.00040,0.86695,0.00109
77.00735,0.48529,0.09249,0.00030,0.90624,0.00098
77.11029,0.48530,0.07815,0.00022,0.92090,0.00073
77.21323,0.48530,0.07307,0.00019,0.92617,0.00057
77.31618,0.48529,0.07617,0.00021,0.92304,0.00058
77.41912,0.48529,0.07709,0.00019,0.92218,0.00054
77.52206,0.48530,0.07884,0.00020,0.92036,0.00060
77.62500,0.48529,0.08762,0.00027,0.91132,0.00079
77.72794,0.48529,0.09438,0.00031,0.90443,0.00088
77.83088,0.48530,0.09811,0.00041,0.90035,0.00113
77.93382,0.48530,0.12911,0.00038,0.86933,0.00118
78.03677,0.48529,0.25258,0.00031,0.74577,0.00134
78.13971,0.48529,0.63086,0.00016,0.36724,0.00174
78.24265,0.48530,0.99920,0.00000,0.00054,0.00026
78.34559,0.48529,0.99851,0.00001,0.00037,0.00111
78.44853,0.48529,0.99491,0.00065,0.00360,0.00083
78.55147,0.48530,0.27109,0.01029,0.00737,0.71125
78.65441,0.48530,0.91844,0.00312,0.00003,0.07841
78.75735,0.48529,0.99998,0.00000,0.00001,0.00001
78.86029,0.48530,0.99988,0.00000,0.00009,0.00003
78.96323,0.48530,0.99979,0.00000,0.00019,0.00002
79.06618,0.48529,0.97639,0.00090,0.01761,0.00510
79.16912,0.48529,0.18407,0.00065,0.81365,0.00162
79.27206,0.48530,0.09792,0.00026,0.90100,0.00082
79.37500,0.48529,0.08458,0.00023,0.91448,0.00072
79.47794,0.48529,0.08266,0.00020,0.91653,0.00061
79.58088,0.48530,0.08371,0.00020,0.91546,0.00064
79.68382,0.48530,0.09592,0.00031,0.90288,0.00089
79.78677,0.48529,0.10798,0.00039,0.89050,0.00113
79.88971,0.48529,0.14270,0.00040,0.85563,0.00127
79.99265,0.48530,0.23698,0.00038,0.76087,0.00176
80.09559,0.48529,0.47685,0.00029,0.52062,0.00224
80.19853,0.48529,0.88454,0.00005,0.11434,0.00107
80.30147,0.48530,0.99572,0.00001,0.00138,0.00288
80.40441,0.48530,0.96901,0.00061,0.02901,0.00137
80.50735,0.48529,0.99640,0.00134,0.00151,0.00076
80.61029,0.48530,0.50984,0.00415,0.00156,0.48445
80.71323,0.48530,0.74234,0.00003,0.00000,0.25763
80.81618,0.48529,0.99939,0.00000,0.00025,0.00036
80.91912,0.48529,0.99939,0.00000,0.00046,0.00014
81.02206,0.48530,0.99740,0.00000,0.00223,0.00036
81.12500,0.48529,0.99745,0.00005,0.00212,0.00038
81.22794,0.48529,0.25810,0.00080,0.73932,0.00178
81.33088,0.48530,0.13267,0.00041,0.86567,0.00125
81.43382,0.48530,0.09621,0.00025,0.90270,0.00085
81.53677,0.48529,0.08754,0.00023,0.91152,0.00071
81.63971,0.48529,0.09300,0.00024,0.90601,0.00076
81.74265,0.48530,0.09402,0.00025,0.90489,0.00084
81.84559,0.48529,0.10378,0.00034,0.89485,0.00103
81.94853,0.48529,0.11108,0.00043,0.88723,0.00126
82.05147,0.48530,0.11320,0.00038,0.88519,0.00123
82.15441,0.48530,0.15520,0.00043,0.84293,0.00144
82.25735,0.48529,0.23285,0.00039,0.76507,0.00169
82.36029,0.48530,0.38452,0.00031,0.61308,0.00209
82.46323,0.48530,0.86761,0.00007,0.13105,0.00126
82.56618,0.48529,0.99414,0.00005,0.00130,0.00451
82.66912,0.48529,0.99170,0.00027,0.00758,0.00046
82.77206,0.48530,0.99570,0.00110,0.00138,0.00182
82.87500,0.48529,0.09947,0.00007,0.00005,0.90040
82.97794,0.48529,0.99837,0.00049,0.00001,0.00113
83.08088,0.48530,0.99941,0.00000,0.00048,0.00011
83.18382,0.48530,0.98534,0.00001,0.01066,0.00398
83.28677,0.48529,0.98771,0.00011,0.01154,0.00064
83.38971,0.48529,0.62187,0.00177,0.37456,0.00180
83.49265,0.48530,0.18199,0.00051,0.81608,0.00142
83.59559,0.48529,0.10084,0.00025,0.89805,0.00087
83.69853,0.48529,0.09686,0.00027,0.90203,0.00084
83.80147,0.48530,0.08606,0.00020,0.91307,0.00066
83.90441,0.48530,0.09789,0.00029,0.90094,0.00088
84.00735,0.48529,0.09698,0.00034,0.90168,0.00100
84.11029,0.48530,0.10421,0.00037,0.89423,0.00119
84.21323,0.48530,0.10989,0.00039,0.88860,0.00112
84.31618,0.48529,0.15800,0.00040,0.84023,0.00137
84.41912,0.48529,0.34251,0.00031,0.65553,0.00165
84.52206,0.48530,0.76435,0.00011,0.23397,0.00157
84.62500,0.48529,0.99892,0.00002,0.00069,0.00036
84.72794,0.48529,0.99477,0.00002,0.00437,0.00083
84.83088,0.48530,0.99872,0.00009,0.00095,0.00025
84.93382,0.48530,0.41805,0.00220,0.00311,0.57665
85.03677,0.48529,0.92519,0.00474,0.00000,0.07007
85.13971,0.48529,0.99985,0.00000,0.00001,0.00014
85.24265,0.48530,0.99969,0.00000,0.00027,0.00003
85.34559,0.48529,0.99980,0.00000,0.00017,0.00003
85.44853,0.48529,0.99571,0.00003,0.00400,0.00026
85.55147,0.48530,0.28126,0.00073,0.71645,0.00156
85.65441,0.48530,0.11116,0.00029,0.88766,0.00089
85.75735,0.48529,0.08621,0.00022,0.91286,0.00071
85.86029,0.48530,0.08866,0.00020,0.91056,0.00058
85.96323,0.48530,0.09469,0.00026,0.90422,0.00082
86.06618,0.48529,0.10726,0.00034,0.89139,0.00101
86.16912,0.48529,0.10463,0.00036,0.89393,0.00108
86.27206,0.48530,0.11762,0.00044,0.88065,0.00129
86.37500,0.48529,0.19174,0.00043,0.80615,0.00169
86.47794,0.48529,0.33267,0.00035,0.66504,0.00194
86.58088,0.48530,0.65228,0.00020,0.34538,0.00214
86.68382,0.48530,0.99297,0.00001,0.00668,0.00034
86.78677,0.48529,0.99194,0.00002,0.00519,0.00286
86.88971,0.48529,0.99321,0.00033,0.00500,0.00145
86.99265,0.48530,0.83577,0.00120,0.00314,0.15990
87.09559,0.48529,0.23482,0.00013,0.00008,0.76496
87.19853,0.48529,0.08249,0.00072,0.00008,0.91672
87.30147,0.48530,0.83908,0.00194,0.00001,0.15897
87.40441,0.48530,0.99955,0.00000,0.00012,0.00033
87.50735,0.48529,0.99946,0.00000,0.00051,0.00002
87.61029,0.48530,0.99957,0.00000,0.00038,0.00005
87.71323,0.48530,0.96610,0.00031,0.03066,0.00293
87.81618,0.48529,0.21378,0.00058,0.78431,0.00133
87.91912,0.48529,0.10099,0.00025,0.89802,0.00074
88.02206,0.48530,0.08095,0.00020,0.91824,0.00061
88.12500,0.48529,0.07793,0.00020,0.92129,0.00058
88.22794,0.48529,0.08183,0.00022,0.91727,0.00067
88.33088,0.48530,0.08627,0.00027,0.91263,0.00083
88.43382,0.48530,0.08589,0.00031,0.91289,0.00091
88.53677,0.48529,0.09213,0.00037,0.90647,0.00103
88.63971,0.48529,0.08587,0.00028,0.91299,0.00086
88.74265,0.48530,0.08082,0.00023,0.91826,0.00070
88.84559,0.48529,0.08217,0.00021,0.91701,0.00061
88.94853,0.48529,0.07424,0.00018,0.92504,0.00054
89.05147,0.48530,0.09032,0.00025,0.90876,0.00067
89.15441,0.48530,0.11353,0.00030,0.88528,0.00090
89.25735,0.48529,0.17985,0.00033,0.81859,0.00122
89.36029,0.48530,0.55438,0.00020,0.44357,0.00185
89.46323,0.48530,0.99980,0.00000,0.00009,0.00010
89.56618,0.48529,0.99650,0.00001,0.00294,0.00055
89.66912,0.48529,0.99298,0.00017,0.00509,0.00176
89.77206,0.48530,0.84451,0.00153,0.00312,0.15084
89.87500,0.48529,0.06663,0.00003,0.00001,0.93333
89.97794,0.48529,0.99956,0.00007,0.00012,0.00025
90.08088,0.48530,0.99289,0.00000,0.00671,0.00039
90.18382,0.48530,0.98905,0.00002,0.01020,0.00073
90.28677,0.48529,0.99500,0.00007,0.00371,0.00122
90.38971,0.48529,0.36023,0.00074,0.63799,0.00103
90.49265,0.48530,0.12123,0.00034,0.87750,0.00093
90.59559,0.48529,0.08056,0.00025,0.91840,0.00079
90.69853,0.48529,0.07830,0.00027,0.92067,0.00076
90.80147,0.48530,0.08252,0.00029,0.91643,0.00077
90.90441,0.48530,0.07705,0.00022,0.92204,0.00069
91.00735,0.48529,0.07576,0.00023,0.92342,0.00059
91.11029,0.48530,0.07213,0.00017,0.92720,0.00051
91.21323,0.48530,0.08312,0.00023,0.91598,0.00067
91.31618,0.48529,0.08929,0.00025,0.90973,0.00073
91.41912,0.48529,0.11808,0.00034,0.88060,0.00099
91.52206,0.48530,0.24554,0.00042,0.75236,0.00169
91.62500,0.48529,0.52083,0.00021,0.47713,0.00184
91.72794,0.48529,0.99000,0.00001,0.00962,0.00037
91.83088,0.48530,0.99373,0.00003,0.00217,0.00407
91.93382,0.48530,0.98863,0.00054,0.00934,0.00148
92.03677,0.48529,0.85176,0.00082,0.00351,0.14391
92.13971,0.48529,0.16902,0.00019,0.00006,0.83074
92.24265,0.48530,0.08870,0.00064,0.00006,0.91061
92.34559,0.48529,0.03932,0.00151,0.00009,0.95909
92.44853,0.48529,0.99293,0.00002,0.00000,0.00705
92.55147,0.48530,0.99921,0.00000,0.00046,0.00032
92.65441,0.48530,0.99799,0.00001,0.00154,0.00046
92.75735,0.48529,0.99546,0.00001,0.00437,0.00016
92.86029,0.48530,0.67076,0.00272,0.32468,0.00184
92.96323,0.48530,0.10776,0.00035,0.89080,0.00109
93.06618,0.48529,0.07709,0.00022,0.92195,0.00075
93.16912,0.48529,0.08046,0.00025,0.91846,0.00083
93.27206,0.48530,0.07832,0.00021,0.92080,0.00066
93.37500,0.48529,0.07819,0.00024,0.92089,0.00069
93.47794,0.48529,0.07951,0.00021,0.91967,0.00061
93.58088,0.48530,0.07793,0.00020,0.92124,0.00062
93.68382,0.48530,0.08776,0.00026,0.91123,0.00075
93.78677,0.48529,0.09628,0.00035,0.90237,0.00100
93.88971,0.48529,0.10669,0.00038,0.89182,0.00111
93.99265,0.48530,0.14205,0.00038,0.85638,0.00119
94.09559,0.48529,0.29470,0.00035,0.70321,0.00174
94.19853,0.48529,0.74130,0.00014,0.25671,0.00185
94.30147,0.48530,0.99981,0.00000,0.00002,0.00017
94.40441,0.48530,0.98673,0.00002,0.01250,0.00075
94.50735,0.48529,0.99945,0.00007,0.00043,0.00005
94.61029,0.48530,0.47036,0.00147,0.00214,0.52603
94.71323,0.48530,0.07266,0.00186,0.00004,0.92544
94.81618,0.48529,0.09282,0.00098,0.00010,0.90611
94.91912,0.48529,0.10354,0.00102,0.00010,0.89534
95.02206,0.48530,0.15789,0.00027,0.00001,0.84183
95.12500,0.48529,0.99907,0.00003,0.00005,0.00085
95.22794,0.48529,0.99500,0.00000,0.00430,0.00070
95.33088,0.48530,0.96853,0.00001,0.03042,0.00104
95.43382,0.48530,0.99677,0.00016,0.00203,0.00104
95.53677,0.48529,0.53020,0.00172,0.46592,0.00216
95.63971,0.48529,0.13851,0.00044,0.85968,0.00137
95.74265,0.48530,0.09380,0.00024,0.90514,0.00082
95.84559,0.48529,0.09254,0.00025,0.90641,0.00080
95.94853,0.48529,0.08579,0.00020,0.91339,0.00062
96.05147,0.48530,0.08720,0.00022,0.91191,0.00067
96.15441,0.48530,0.09717,0.00027,0.90172,0.00085
96.25735,0.48529,0.09434,0.00029,0.90446,0.00091
96.36029,0.48530,0.10136,0.00038,0.89710,0.00116
96.46323,0.48530,0.10219,0.00034,0.89642,0.00104
96.56618,0.48529,0.12641,0.00039,0.87193,0.00127
96.66912,0.48529,0.19563,0.00032,0.80283,0.00122
96.77206,0.48530,0.37167,0.00029,0.62610,0.00193
96.87500,0.48529,0.84221,0.00009,0.15623,0.00148
96.97794,0.48529,0.98706,0.00006,0.00415,0.00873
97.08088,0.48530,0.98409,0.00016,0.01499,0.00076
97.18382,0.48530,0.99103,0.00101,0.00321,0.00474
97.28677,0.48529,0.48326,0.00017,0.00039,0.51618
97.38971,0.48529,0.02519,0.00027,0.00000,0.97453
97.49265,0.48530,0.09860,0.00076,0.00006,0.90057
97.59559,0.48529,0.16385,0.00008,0.00001,0.83607
97.69853,0.48529,0.99824,0.00005,0.00003,0.00169
97.80147,0.48530,0.98813,0.00000,0.01088,0.00099
97.90441,0.48530,0.97080,0.00000,0.02800,0.00119
98.00735,0.48529,0.99191,0.00045,0.00361,0.00402
98.11029,0.48530,0.42306,0.00115,0.57424,0.00154
98.21323,0.48530,0.11323,0.00029,0.88568,0.00080
98.31618,0.48529,0.08594,0.00025,0.91308,0.00074
98.41912,0.48529,0.07733,0.00020,0.92189,0.00057
98.52206,0.48530,0.08106,0.00023,0.91808,0.00064
98.62500,0.48529,0.08231,0.00024,0.91674,0.00072
98.72794,0.48529,0.08512,0.00029,0.91376,0.00083
98.83088,0.48530,0.07964,0.00026,0.91930,0.00080
98.93382,0.48530,0.07943,0.00028,0.91947,0.00082
99.03677,0.48529,0.07737,0.00024,0.92169,0.00070
99.13971,0.48529,0.07135,0.00020,0.92787,0.00058
99.24265,0.48530,0.07025,0.00018,0.92905,0.00052
99.34559,0.48529,0.07145,0.00021,0.92779,0.00056
99.44853,0.48529,0.07300,0.00021,0.92620,0.00059
99.55147,0.48530,0.07457,0.00027,0.92445,0.00072
99.65441,0.48530,0.07735,0.00030,0.92160,0.00074
99.75735,0.48529,0.07251,0.00025,0.92656,0.00069
99.86029,0.48530,0.07216,0.00023,0.92694,0.00067
99.96323,0.48530,0.06943,0.00021,0.92978,0.00058
100.06618,0.48529,0.06662,0.00017,0.93274,0.00047
100.16912,0.48529,0.06869,0.00021,0.93058,0.00051
100.27206,0.48530,0.07153,0.00020,0.92774,0.00053
100.37500,0.48529,0.07525,0.00026,0.92379,0.00070
100.47794,0.48529,0.07619,0.00030,0.92272,0.00080
100.58088,0.48530,0.07452,0.00028,0.92443,0.00077
100.68382,0.48530,0.07176,0.00025,0.92726,0.00074
100.78677,0.48529,0.07362,0.00023,0.92547,0.00067
100.88971,0.48529,0.06598,0.00019,0.93331,0.00052
100.99265,0.48530,0.06574,0.00017,0.93363,0.00046
101.09559,0.48529,0.06640,0.00019,0.93295,0.00046
101.19853,0.48529,0.07345,0.00023,0.92572,0.00059
101.30147,0.48530,0.06874,0.00020,0.93050,0.00056
101.40441,0.48530,0.07668,0.00028,0.92230,0.00073
101.50735,0.48529,0.07780,0.00027,0.92116,0.00076
101.61029,0.48530,0.07242,0.00025,0.92664,0.00069
101.71323,0.48530,0.07519,0.00025,0.92383,0.00073
101.81618,0.48529,0.07091,0.00021,0.92830,0.00058
101.91912,0.48529,0.07445,0.00023,0.92471,0.00061
102.02206,0.48530,0.07041,0.00019,0.92889,0.00050
102.12500,0.48529,0.06946,0.00019,0.92978,0.00056
102.22794,0.48529,0.07625,0.00025,0.92282,0.00068
102.33088,0.48530,0.07891,0.00027,0.92006,0.00075
102.43382,0.48530,0.07127,0.00024,0.92783,0.00065
102.53677,0.48529,0.07514,0.00024,0.92392,0.00070
102.63971,0.48529,0.07525,0.00025,0.92381,0.00069
102.74265,0.48530,0.07001,0.00021,0.92921,0.00056
102.84559,0.48529,0.07061,0.00019,0.92867,0.00053
