Time (seconds), Duration (seconds),pred_unlabelled,pred_Dry,pred_Wet,pred_Touch
0.00735,0.48529,0.05707,0.00027,0.94220,0.00046
0.11029,0.48529,0.05731,0.00024,0.94203,0.00041
0.21324,0.48529,0.05876,0.00028,0.94045,0.00051
0.31618,0.48529,0.05509,0.00023,0.94421,0.00047
0.41912,0.48529,0.05633,0.00021,0.94302,0.00044
0.52206,0.48529,0.05535,0.00020,0.94404,0.00041
0.62500,0.48529,0.05530,0.00018,0.94419,0.00033
0.72794,0.48529,0.05513,0.00019,0.94431,0.00037
0.83088,0.48529,0.05755,0.00024,0.94177,0.00043
0.93382,0.48529,0.05971,0.00026,0.93957,0.00046
1.03676,0.48529,0.06418,0.00033,0.93497,0.00052
1.13971,0.48529,0.05514,0.00023,0.94418,0.00045
1.24265,0.48529,0.05499,0.00022,0.94432,0.00047
1.34559,0.48529,0.05593,0.00022,0.94339,0.00046
1.44853,0.48529,0.05507,0.00020,0.94438,0.00035
1.55147,0.48529,0.05661,0.00024,0.94269,0.00045
1.65441,0.48529,0.05497,0.00021,0.94443,0.00038
1.75735,0.48529,0.05914,0.00028,0.94008,0.00050
1.86029,0.48529,0.05887,0.00026,0.94043,0.00045
1.96324,0.48529,0.05672,0.00024,0.94257,0.00047
2.06618,0.48529,0.05887,0.00028,0.94034,0.00051
2.16912,0.48529,0.05693,0.00024,0.94235,0.00048
2.27206,0.48529,0.05368,0.00020,0.94573,0.00038
2.37500,0.48529,0.05349,0.00021,0.94591,0.00040
2.47794,0.48529,0.05525,0.00022,0.94416,0.00038
2.58088,0.48529,0.05527,0.00023,0.94408,0.00041
2.68382,0.48529,0.05627,0.00024,0.94308,0.00040
2.78676,0.48529,0.05914,0.00030,0.94001,0.00055
2.88971,0.48529,0.06027,0.00027,0.93901,0.00045
2.99265,0.48529,0.05444,0.00023,0.94486,0.00047
3.09559,0.48529,0.05334,0.00021,0.94603,0.00042
3.19853,0.48529,0.05430,0.00025,0.94497,0.00048
3.30147,0.48529,0.05920,0.00026,0.94011,0.00043
3.40441,0.48529,0.05625,0.00026,0.94303,0.00046
3.50735,0.48529,0.05839,0.00026,0.94094,0.00042
3.61029,0.48529,0.05772,0.00028,0.94152,0.00047
3.71324,0.48529,0.05929,0.00025,0.94001,0.00046
3.81618,0.48529,0.05674,0.00025,0.94254,0.00047
3.91912,0.48529,0.05613,0.00025,0.94316,0.00047
4.02206,0.48529,0.05309,0.00021,0.94631,0.00039
4.12500,0.48529,0.05943,0.00027,0.93981,0.00049
4.22794,0.48529,0.05737,0.00027,0.94188,0.00047
4.33088,0.48529,0.06044,0.00027,0.93887,0.00042
4.43382,0.48529,0.06052,0.00030,0.93871,0.00047
4.53676,0.48529,0.05628,0.00025,0.94303,0.00044
4.63971,0.48529,0.05706,0.00024,0.94218,0.00052
4.74265,0.48529,0.05681,0.00023,0.94251,0.00044
4.84559,0.48529,0.05550,0.00025,0.94379,0.00046
4.94853,0.48529,0.05647,0.00023,0.94289,0.00042
5.05147,0.48529,0.05677,0.00027,0.94252,0.00044
5.15441,0.48529,0.05783,0.00025,0.94152,0.00041
5.25735,0.48529,0.05726,0.00026,0.94205,0.00044
5.36029,0.48529,0.05867,0.00027,0.94057,0.00049
5.46324,0.48529,0.05508,0.00023,0.94427,0.00042
5.56618,0.48529,0.05441,0.00023,0.94492,0.00044
5.66912,0.48529,0.05679,0.00024,0.94251,0.00046
5.77206,0.48529,0.05466,0.00021,0.94472,0.00041
5.87500,0.48529,0.05541,0.00023,0.94395,0.00041
5.97794,0.48529,0.05641,0.00021,0.94295,0.00043
6.08088,0.48529,0.05882,0.00025,0.94050,0.00043
6.18382,0.48529,0.05922,0.00026,0.94006,0.00046
6.28676,0.48529,0.05790,0.00026,0.94137,0.00047
6.38971,0.48529,0.05831,0.00021,0.94108,0.00040
6.49265,0.48529,0.05202,0.00018,0.94741,0.00038
6.59559,0.48529,0.05944,0.00022,0.93985,0.00048
6.69853,0.48529,0.06016,0.00026,0.93913,0.00045
6.80147,0.48529,0.05539,0.00022,0.94399,0.00040
6.90441,0.48529,0.05905,0.00026,0.94020,0.00049
7.00735,0.48529,0.05853,0.00024,0.94080,0.00043
7.11029,0.48529,0.05876,0.00029,0.94047,0.00049
7.21324,0.48529,0.05602,0.00024,0.94329,0.00045
7.31618,0.48529,0.05310,0.00021,0.94631,0.00038
7.41912,0.48529,0.05468,0.00021,0.94467,0.00043
7.52206,0.48529,0.05296,0.00020,0.94645,0.00039
7.62500,0.48529,0.05618,0.00026,0.94311,0.00044
7.72794,0.48529,0.05756,0.00026,0.94177,0.00042
7.83088,0.48529,0.05217,0.00024,0.94712,0.00047
7.93382,0.48529,0.05730,0.00026,0.94199,0.00044
8.03677,0.48529,0.05557,0.00026,0.94369,0.00049
8.13971,0.48529,0.05684,0.00026,0.94245,0.00045
8.24265,0.48529,0.05688,0.00027,0.94229,0.00056
8.34559,0.48529,0.05848,0.00025,0.94082,0.00045
8.44853,0.48529,0.05704,0.00025,0.94230,0.00042
8.55147,0.48529,0.05868,0.00025,0.94066,0.00041
8.65441,0.48529,0.05945,0.00027,0.93982,0.00046
8.75735,0.48529,0.05832,0.00023,0.94103,0.00042
8.86029,0.48529,0.05716,0.00026,0.94212,0.00045
8.96323,0.48529,0.05175,0.00021,0.94762,0.00043
9.06618,0.48529,0.05498,0.00021,0.94438,0.00043
9.16912,0.48529,0.05673,0.00023,0.94258,0.00045
9.27206,0.48529,0.05557,0.00021,0.94384,0.00038
9.37500,0.48529,0.05632,0.00021,0.94308,0.00039
9.47794,0.48529,0.05633,0.00024,0.94303,0.00040
9.58088,0.48529,0.06024,0.00026,0.93902,0.00048
9.68382,0.48529,0.05812,0.00028,0.94113,0.00046
9.78677,0.48529,0.06056,0.00031,0.93864,0.00049
9.88971,0.48529,0.05795,0.00027,0.94125,0.00052
9.99265,0.48529,0.05532,0.00025,0.94392,0.00050
10.09559,0.48529,0.05157,0.00020,0.94783,0.00041
10.19853,0.48529,0.05906,0.00026,0.94024,0.00044
10.30147,0.48529,0.05471,0.00025,0.94459,0.00044
10.40441,0.48529,0.05661,0.00022,0.94272,0.00045
10.50735,0.48529,0.05868,0.00026,0.94058,0.00048
10.61029,0.48529,0.05867,0.00025,0.94061,0.00047
10.71323,0.48529,0.05954,0.00026,0.93970,0.00051
10.81618,0.48529,0.05666,0.00024,0.94263,0.00047
10.91912,0.48529,0.05694,0.00022,0.94240,0.00044
11.02206,0.48529,0.05992,0.00026,0.93937,0.00045
11.12500,0.48529,0.05164,0.00020,0.94782,0.00035
11.22794,0.48529,0.05836,0.00028,0.94087,0.00049
11.33088,0.48529,0.05745,0.00024,0.94189,0.00042
11.43382,0.48529,0.05500,0.00027,0.94426,0.00047
11.53677,0.48529,0.05675,0.00024,0.94257,0.00044
11.63971,0.48529,0.05573,0.00024,0.94359,0.00045
11.74265,0.48529,0.05329,0.00022,0.94606,0.00043
11.84559,0.48529,0.05407,0.00021,0.94529,0.00043
11.94853,0.48529,0.05744,0.00023,0.94192,0.00041
12.05147,0.48529,0.06202,0.00029,0.93721,0.00047
12.15441,0.48529,0.05506,0.00022,0.94434,0.00038
12.25735,0.48529,0.05535,0.00027,0.94390,0.00049
12.36029,0.48529,0.05888,0.00028,0.94037,0.00047
12.46323,0.48529,0.05481,0.00023,0.94450,0.00046
12.56618,0.48529,0.05436,0.00018,0.94510,0.00036
12.66912,0.48529,0.05903,0.00027,0.94017,0.00053
12.77206,0.48529,0.06196,0.00027,0.93731,0.00046
12.87500,0.48529,0.05450,0.00026,0.94475,0.00049
12.97794,0.48529,0.06051,0.00027,0.93879,0.00043
13.08088,0.48529,0.05437,0.00026,0.94492,0.00046
13.18382,0.48529,0.05768,0.00024,0.94164,0.00045
13.28677,0.48529,0.06121,0.00032,0.93788,0.00059
13.38971,0.48529,0.05503,0.00021,0.94432,0.00044
13.49265,0.48529,0.05241,0.00019,0.94702,0.00039
13.59559,0.48529,0.05814,0.00023,0.94118,0.00045
13.69853,0.48529,0.05641,0.00021,0.94300,0.00038
13.80147,0.48529,0.05433,0.00022,0.94506,0.00039
13.90441,0.48529,0.06172,0.00032,0.93745,0.00051
14.00735,0.48529,0.05739,0.00025,0.94193,0.00043
14.11029,0.48529,0.05730,0.00025,0.94197,0.00048
14.21323,0.48529,0.05369,0.00022,0.94564,0.00045
14.31618,0.48529,0.05651,0.00019,0.94289,0.00041
14.41912,0.48529,0.05574,0.00021,0.94364,0.00041
14.52206,0.48529,0.05550,0.00019,0.94394,0.00037
14.62500,0.48529,0.05513,0.00022,0.94424,0.00042
14.72794,0.48529,0.05796,0.00026,0.94134,0.00044
14.83088,0.48529,0.05697,0.00025,0.94238,0.00040
14.93382,0.48529,0.05912,0.00029,0.94010,0.00050
15.03677,0.48529,0.05657,0.00027,0.94269,0.00047
15.13971,0.48529,0.05581,0.00027,0.94343,0.00049
15.24265,0.48529,0.05443,0.00022,0.94491,0.00045
15.34559,0.48529,0.05181,0.00019,0.94764,0.00036
15.44853,0.48529,0.05695,0.00025,0.94235,0.00044
15.55147,0.48529,0.05546,0.00023,0.94391,0.00041
15.65441,0.48529,0.05599,0.00025,0.94335,0.00041
15.75735,0.48529,0.06016,0.00029,0.93908,0.00047
15.86029,0.48529,0.05845,0.00027,0.94080,0.00049
15.96323,0.48530,0.05939,0.00027,0.93982,0.00051
16.06618,0.48529,0.05770,0.00026,0.94155,0.00050
16.16912,0.48529,0.05612,0.00021,0.94323,0.00044
16.27206,0.48529,0.05300,0.00020,0.94642,0.00037
16.37500,0.48529,0.06017,0.00024,0.93920,0.00039
16.47794,0.48529,0.05475,0.00023,0.94462,0.00041
16.58088,0.48529,0.05742,0.00026,0.94186,0.00046
16.68382,0.48529,0.05824,0.00026,0.94105,0.00045
16.78676,0.48529,0.05574,0.00025,0.94356,0.00045
16.88971,0.48529,0.05819,0.00025,0.94106,0.00049
16.99265,0.48529,0.05215,0.00021,0.94722,0.00042
17.09559,0.48529,0.05551,0.00023,0.94384,0.00043
17.19853,0.48529,0.05572,0.00024,0.94363,0.00041
17.30147,0.48529,0.05951,0.00027,0.93975,0.00048
17.40441,0.48529,0.05760,0.00025,0.94171,0.00043
17.50735,0.48529,0.05563,0.00025,0.94368,0.00045
17.61029,0.48529,0.05640,0.00025,0.94288,0.00047
17.71324,0.48529,0.05816,0.00024,0.94113,0.00046
17.81618,0.48529,0.05434,0.00022,0.94502,0.00042
17.91912,0.48529,0.05528,0.00023,0.94407,0.00042
18.02206,0.48529,0.05535,0.00022,0.94406,0.00037
18.12500,0.48529,0.05688,0.00024,0.94247,0.00041
18.22794,0.48529,0.06018,0.00029,0.93901,0.00052
18.33088,0.48529,0.05422,0.00022,0.94512,0.00044
18.43382,0.48529,0.05396,0.00022,0.94539,0.00043
18.53676,0.48529,0.05813,0.00027,0.94111,0.00049
18.63971,0.48529,0.05803,0.00022,0.94132,0.00043
18.74265,0.48529,0.05349,0.00021,0.94589,0.00041
18.84559,0.48529,0.06046,0.00028,0.93877,0.00050
18.94853,0.48529,0.05618,0.00027,0.94312,0.00043
19.05147,0.48529,0.05600,0.00023,0.94337,0.00039
19.15441,0.48529,0.05950,0.00029,0.93974,0.00048
19.25735,0.48529,0.05749,0.00028,0.94174,0.00049
19.36029,0.48529,0.05586,0.00021,0.94347,0.00046
19.46324,0.48529,0.05478,0.00021,0.94455,0.00046
19.56618,0.48529,0.05605,0.00021,0.94328,0.00045
19.66912,0.48529,0.05790,0.00021,0.94148,0.00040
19.77206,0.48529,0.05619,0.00022,0.94318,0.00041
19.87500,0.48529,0.05326,0.00021,0.94615,0.00038
19.97794,0.48529,0.05677,0.00023,0.94257,0.00044
20.08088,0.48529,0.05618,0.00022,0.94317,0.00042
20.18382,0.48529,0.05474,0.00025,0.94454,0.00046
20.28676,0.48529,0.05697,0.00023,0.94235,0.00046
20.38971,0.48529,0.05905,0.00026,0.94019,0.00051
20.49265,0.48529,0.05436,0.00017,0.94507,0.00040
20.59559,0.48529,0.05564,0.00022,0.94376,0.00039
20.69853,0.48529,0.05619,0.00023,0.94316,0.00043
20.80147,0.48529,0.05460,0.00021,0.94479,0.00040
20.90441,0.48529,0.05685,0.00025,0.94244,0.00046
21.00735,0.48529,0.05784,0.00024,0.94149,0.00043
21.11029,0.48529,0.05961,0.00026,0.93964,0.00049
21.21324,0.48529,0.05500,0.00023,0.94432,0.00045
21.31618,0.48529,0.05507,0.00020,0.94430,0.00043
21.41912,0.48529,0.05257,0.00019,0.94689,0.00035
21.52206,0.48529,0.05653,0.00022,0.94285,0.00041
21.62500,0.48529,0.05507,0.00022,0.94435,0.00037
21.72794,0.48529,0.05541,0.00025,0.94396,0.00039
21.83088,0.48529,0.05839,0.00027,0.94088,0.00046
21.93382,0.48529,0.05721,0.00025,0.94212,0.00042
22.03676,0.48529,0.05752,0.00025,0.94176,0.00046
22.13971,0.48529,0.05422,0.00020,0.94515,0.00043
22.24265,0.48529,0.05424,0.00022,0.94510,0.00044
22.34559,0.48529,0.05708,0.00027,0.94212,0.00053
22.44853,0.48529,0.05721,0.00023,0.94217,0.00039
22.55147,0.48529,0.05795,0.00025,0.94137,0.00043
22.65441,0.48529,0.06197,0.00029,0.93724,0.00050
22.75735,0.48529,0.06222,0.00028,0.93699,0.00051
22.86029,0.48529,0.05612,0.00025,0.94318,0.00045
22.96324,0.48529,0.05635,0.00026,0.94287,0.00052
23.06618,0.48529,0.05409,0.00018,0.94536,0.00037
23.16912,0.48529,0.05587,0.00023,0.94346,0.00044
23.27206,0.48529,0.05948,0.00023,0.93987,0.00043
23.37500,0.48529,0.05641,0.00022,0.94297,0.00040
23.47794,0.48529,0.05921,0.00025,0.94009,0.00044
23.58088,0.48529,0.05988,0.00028,0.93936,0.00048
23.68382,0.48529,0.05696,0.00024,0.94235,0.00044
23.78676,0.48529,0.05480,0.00023,0.94453,0.00043
23.88971,0.48529,0.05502,0.00019,0.94437,0.00042
23.99265,0.48529,0.05285,0.00019,0.94659,0.00038
24.09559,0.48529,0.06011,0.00025,0.93920,0.00044
24.19853,0.48529,0.05768,0.00025,0.94163,0.00044
24.30147,0.48529,0.06019,0.00026,0.93911,0.00044
24.40441,0.48529,0.05789,0.00027,0.94139,0.00045
24.50735,0.48529,0.05286,0.00023,0.94650,0.00041
24.61029,0.48529,0.05938,0.00028,0.93985,0.00049
24.71324,0.48529,0.05393,0.00022,0.94543,0.00042
24.81618,0.48529,0.05627,0.00023,0.94303,0.00047
24.91912,0.48529,0.05729,0.00023,0.94203,0.00045
25.02206,0.48529,0.05560,0.00022,0.94384,0.00034
25.12500,0.48529,0.05945,0.00026,0.93988,0.00042
25.22794,0.48529,0.05742,0.00024,0.94191,0.00043
25.33088,0.48529,0.05531,0.00026,0.94398,0.00045
25.43382,0.48529,0.05929,0.00029,0.93989,0.00053
25.53676,0.48529,0.05901,0.00023,0.94031,0.00045
25.63971,0.48529,0.05134,0.00018,0.94810,0.00039
25.74265,0.48529,0.05812,0.00023,0.94121,0.00044
25.84559,0.48529,0.06012,0.00025,0.93920,0.00042
25.94853,0.48529,0.05445,0.00021,0.94498,0.00036
26.05147,0.48529,0.06173,0.00031,0.93745,0.00052
26.15441,0.48529,0.05430,0.00022,0.94505,0.00043
26.25735,0.48529,0.05561,0.00027,0.94365,0.00047
26.36029,0.48529,0.06221,0.00026,0.93704,0.00049
26.46324,0.48529,0.05226,0.00018,0.94717,0.00039
26.56618,0.48529,0.05587,0.00022,0.94344,0.00047
26.66912,0.48529,0.05932,0.00024,0.94003,0.00042
26.77206,0.48529,0.05732,0.00026,0.94199,0.00043
26.87500,0.48529,0.05767,0.00025,0.94161,0.00047
26.97794,0.48529,0.05535,0.00021,0.94406,0.00037
27.08088,0.48529,0.05592,0.00025,0.94340,0.00043
27.18382,0.48529,0.05851,0.00026,0.94071,0.00051
27.28676,0.48529,0.05678,0.00025,0.94251,0.00046
27.38971,0.48529,0.05676,0.00024,0.94250,0.00051
27.49265,0.48529,0.05412,0.00022,0.94522,0.00044
27.59559,0.48529,0.05455,0.00022,0.94482,0.00041
27.69853,0.48529,0.05551,0.00025,0.94381,0.00043
27.80147,0.48529,0.05649,0.00022,0.94286,0.00044
27.90441,0.48529,0.05491,0.00024,0.94443,0.00042
28.00735,0.48529,0.05850,0.00024,0.94082,0.00044
28.11029,0.48529,0.05866,0.00027,0.94057,0.00050
28.21324,0.48529,0.05837,0.00023,0.94090,0.00050
28.31618,0.48529,0.05445,0.00022,0.94489,0.00044
28.41912,0.48529,0.05592,0.00020,0.94346,0.00042
28.52206,0.48529,0.05828,0.00025,0.94105,0.00041
28.62500,0.48529,0.05858,0.00025,0.94073,0.00044
28.72794,0.48529,0.05772,0.00024,0.94159,0.00046
28.83088,0.48529,0.05791,0.00027,0.94137,0.00045
28.93382,0.48529,0.05939,0.00027,0.93985,0.00049
29.03676,0.48529,0.05563,0.00022,0.94370,0.00045
29.13971,0.48529,0.05480,0.00023,0.94447,0.00049
29.24265,0.48529,0.05352,0.00019,0.94590,0.00038
29.34559,0.48529,0.05814,0.00023,0.94123,0.00040
29.44853,0.48529,0.05848,0.00024,0.94082,0.00045
29.55147,0.48529,0.05658,0.00024,0.94276,0.00042
29.65441,0.48529,0.06065,0.00027,0.93860,0.00048
29.75735,0.48529,0.05686,0.00024,0.94245,0.00044
29.86029,0.48529,0.05466,0.00023,0.94469,0.00041
29.96324,0.48529,0.05403,0.00020,0.94535,0.00042
30.06618,0.48529,0.05643,0.00023,0.94289,0.00045
30.16912,0.48529,0.05852,0.00024,0.94078,0.00046
30.27206,0.48529,0.05493,0.00022,0.94445,0.00040
30.37500,0.48529,0.05564,0.00025,0.94367,0.00045
30.47794,0.48529,0.06016,0.00026,0.93912,0.00045
30.58088,0.48529,0.05653,0.00027,0.94275,0.00046
30.68382,0.48529,0.05940,0.00028,0.93983,0.00048
30.78676,0.48529,0.05771,0.00025,0.94156,0.00047
30.88971,0.48529,0.05270,0.00020,0.94671,0.00040
30.99265,0.48529,0.05645,0.00022,0.94290,0.00043
31.09559,0.48529,0.05867,0.00026,0.94065,0.00042
31.19853,0.48529,0.06270,0.00032,0.93649,0.00049
31.30147,0.48529,0.06438,0.00029,0.93486,0.00046
31.40441,0.48529,0.05316,0.00023,0.94622,0.00040
31.50735,0.48529,0.05649,0.00025,0.94280,0.00046
31.61029,0.48529,0.05882,0.00025,0.94044,0.00049
31.71324,0.48529,0.05056,0.00017,0.94893,0.00034
31.81618,0.48529,0.05656,0.00022,0.94275,0.00046
31.91912,0.48529,0.05940,0.00027,0.93986,0.00048
32.02206,0.48529,0.05206,0.00021,0.94737,0.00036
32.12500,0.48529,0.06110,0.00027,0.93817,0.00045
32.22794,0.48529,0.05558,0.00025,0.94373,0.00044
32.33088,0.48529,0.06043,0.00029,0.93883,0.00046
32.43382,0.48529,0.05791,0.00025,0.94134,0.00050
32.53677,0.48529,0.05566,0.00021,0.94375,0.00038
32.63971,0.48529,0.05865,0.00027,0.94057,0.00051
32.74265,0.48529,0.05830,0.00026,0.94101,0.00043
32.84559,0.48529,0.05368,0.00021,0.94575,0.00037
32.94853,0.48529,0.05835,0.00026,0.94097,0.00042
33.05147,0.48529,0.05552,0.00023,0.94383,0.00043
33.15441,0.48529,0.05578,0.00022,0.94360,0.00040
33.25735,0.48529,0.05791,0.00028,0.94130,0.00051
33.36029,0.48529,0.05720,0.00022,0.94216,0.00042
33.46323,0.48529,0.05691,0.00022,0.94237,0.00049
33.56618,0.48529,0.05698,0.00020,0.94240,0.00042
33.66912,0.48529,0.05578,0.00021,0.94363,0.00038
33.77206,0.48529,0.05366,0.00020,0.94578,0.00036
33.87500,0.48529,0.05846,0.00023,0.94086,0.00044
33.97794,0.48529,0.05588,0.00022,0.94349,0.00041
34.08088,0.48529,0.05637,0.00026,0.94293,0.00045
34.18382,0.48529,0.05583,0.00025,0.94346,0.00047
34.28677,0.48529,0.05685,0.00023,0.94244,0.00047
34.38971,0.48529,0.05407,0.00019,0.94531,0.00043
34.49265,0.48529,0.05227,0.00018,0.94721,0.00035
34.59559,0.48529,0.06037,0.00028,0.93887,0.00048
34.69853,0.48529,0.05515,0.00022,0.94422,0.00041
34.80147,0.48529,0.05635,0.00023,0.94302,0.00040
34.90441,0.48529,0.05742,0.00027,0.94186,0.00045
35.00735,0.48529,0.05747,0.00027,0.94180,0.00046
35.11029,0.48529,0.05703,0.00024,0.94227,0.00046
35.21323,0.48529,0.05602,0.00022,0.94329,0.00047
35.31618,0.48529,0.05712,0.00023,0.94220,0.00045
35.41912,0.48529,0.05272,0.00020,0.94666,0.00041
35.52206,0.48529,0.05864,0.00021,0.94078,0.00037
35.62500,0.48529,0.05931,0.00027,0.93993,0.00049
35.72794,0.48529,0.05395,0.00022,0.94543,0.00040
35.83088,0.48529,0.05432,0.00025,0.94497,0.00047
35.93382,0.48529,0.05562,0.00023,0.94373,0.00042
36.03677,0.48529,0.05712,0.00019,0.94227,0.00042
36.13971,0.48529,0.05639,0.00027,0.94285,0.00049
36.24265,0.48529,0.05997,0.00025,0.93929,0.00048
36.34559,0.48529,0.05503,0.00022,0.94437,0.00038
36.44853,0.48529,0.05597,0.00025,0.94335,0.00044
36.55147,0.48529,0.05899,0.00026,0.94032,0.00044
36.65441,0.48529,0.05678,0.00027,0.94252,0.00043
36.75735,0.48529,0.05786,0.00027,0.94142,0.00046
36.86029,0.48529,0.05553,0.00021,0.94382,0.00044
36.96323,0.48529,0.05131,0.00020,0.94809,0.00040
37.06618,0.48529,0.05630,0.00022,0.94303,0.00045
37.16912,0.48529,0.05959,0.00026,0.93971,0.00044
37.27206,0.48529,0.05552,0.00023,0.94382,0.00042
37.37500,0.48529,0.05911,0.00025,0.94020,0.00044
37.47794,0.48529,0.05634,0.00026,0.94294,0.00046
37.58088,0.48529,0.05848,0.00026,0.94083,0.00043
37.68382,0.48529,0.05661,0.00026,0.94263,0.00050
37.78677,0.48529,0.05685,0.00024,0.94246,0.00045
37.88971,0.48529,0.05482,0.00025,0.94445,0.00048
37.99265,0.48529,0.05735,0.00023,0.94200,0.00042
38.09559,0.48529,0.05426,0.00024,0.94508,0.00042
38.19853,0.48529,0.05830,0.00026,0.94099,0.00044
38.30147,0.48529,0.05619,0.00023,0.94315,0.00043
38.40441,0.48529,0.05696,0.00028,0.94228,0.00049
38.50735,0.48529,0.05805,0.00022,0.94130,0.00043
38.61029,0.48529,0.05236,0.00021,0.94700,0.00043
38.71323,0.48529,0.05517,0.00020,0.94422,0.00041
38.81618,0.48529,0.05822,0.00024,0.94105,0.00049
38.91912,0.48529,0.05495,0.00023,0.94440,0.00042
39.02206,0.48529,0.05379,0.00022,0.94556,0.00043
39.12500,0.48529,0.05670,0.00025,0.94263,0.00042
39.22794,0.48529,0.05668,0.00025,0.94263,0.00044
39.33088,0.48529,0.05885,0.00027,0.94040,0.00049
39.43382,0.48529,0.05768,0.00024,0.94160,0.00049
39.53677,0.48529,0.05578,0.00022,0.94353,0.00047
39.63971,0.48529,0.05770,0.00021,0.94164,0.00045
39.74265,0.48529,0.05663,0.00021,0.94275,0.00041
39.84559,0.48529,0.05783,0.00024,0.94150,0.00043
39.94853,0.48529,0.05498,0.00020,0.94442,0.00039
40.05147,0.48529,0.05306,0.00023,0.94631,0.00040
40.15441,0.48529,0.05835,0.00028,0.94090,0.00047
40.25735,0.48529,0.05867,0.00026,0.94059,0.00048
40.36029,0.48529,0.05842,0.00025,0.94081,0.00052
40.46323,0.48529,0.05553,0.00022,0.94378,0.00047
40.56618,0.48529,0.05190,0.00017,0.94757,0.00035
40.66912,0.48529,0.05780,0.00023,0.94154,0.00043
40.77206,0.48529,0.05596,0.00021,0.94342,0.00042
40.87500,0.48529,0.05730,0.00023,0.94202,0.00045
40.97794,0.48529,0.05814,0.00027,0.94113,0.00046
41.08088,0.48529,0.05750,0.00023,0.94180,0.00047
41.18382,0.48529,0.05454,0.00023,0.94477,0.00046
41.28677,0.48529,0.05595,0.00025,0.94333,0.00047
41.38971,0.48529,0.05689,0.00023,0.94243,0.00045
41.49265,0.48529,0.05631,0.00023,0.94302,0.00044
41.59559,0.48529,0.05699,0.00025,0.94229,0.00047
41.69853,0.48529,0.05743,0.00023,0.94192,0.00041
41.80147,0.48529,0.05689,0.00025,0.94241,0.00045
41.90441,0.48529,0.06060,0.00027,0.93866,0.00048
42.00735,0.48529,0.05762,0.00027,0.94163,0.00048
42.11029,0.48529,0.05535,0.00023,0.94390,0.00051
42.21323,0.48529,0.05437,0.00021,0.94499,0.00044
42.31618,0.48529,0.05532,0.00021,0.94403,0.00044
42.41912,0.48529,0.05708,0.00024,0.94228,0.00040
42.52206,0.48529,0.05857,0.00024,0.94078,0.00042
42.62500,0.48529,0.05860,0.00025,0.94068,0.00047
42.72794,0.48529,0.05551,0.00026,0.94377,0.00046
42.83088,0.48529,0.05806,0.00027,0.94122,0.00046
42.93382,0.48529,0.05976,0.00027,0.93945,0.00052
43.03677,0.48529,0.05784,0.00024,0.94146,0.00046
43.13971,0.48529,0.05153,0.00019,0.94791,0.00037
43.24265,0.48529,0.05543,0.00023,0.94389,0.00045
43.34559,0.48529,0.05618,0.00023,0.94319,0.00040
43.44853,0.48529,0.05548,0.00025,0.94382,0.00044
43.55147,0.48529,0.05925,0.00025,0.94009,0.00041
43.65441,0.48529,0.05753,0.00026,0.94175,0.00046
43.75735,0.48529,0.05719,0.00024,0.94215,0.00042
43.86029,0.48529,0.05594,0.00025,0.94334,0.00047
43.96323,0.48529,0.05559,0.00020,0.94382,0.00039
44.06618,0.48529,0.05272,0.00022,0.94664,0.00043
44.16912,0.48529,0.05440,0.00021,0.94500,0.00039
44.27206,0.48529,0.05797,0.00029,0.94126,0.00048
44.37500,0.48529,0.05605,0.00024,0.94330,0.00041
44.47794,0.48529,0.05600,0.00026,0.94325,0.00048
44.58088,0.48529,0.05861,0.00026,0.94068,0.00045
44.68382,0.48529,0.06085,0.00030,0.93829,0.00056
44.78677,0.48529,0.05539,0.00019,0.94401,0.00040
44.88971,0.48529,0.05509,0.00021,0.94420,0.00049
44.99265,0.48529,0.05636,0.00023,0.94298,0.00042
45.09559,0.48529,0.06093,0.00028,0.93837,0.00042
45.19853,0.48529,0.05885,0.00026,0.94046,0.00043
45.30147,0.48529,0.06196,0.00029,0.93729,0.00046
45.40441,0.48529,0.05499,0.00025,0.94433,0.00042
45.50735,0.48529,0.06009,0.00025,0.93913,0.00052
45.61029,0.48529,0.05478,0.00024,0.94448,0.00050
45.71323,0.48529,0.05957,0.00027,0.93965,0.00051
45.81618,0.48529,0.05435,0.00021,0.94499,0.00044
45.91912,0.48529,0.05287,0.00020,0.94655,0.00038
46.02206,0.48529,0.05839,0.00024,0.94094,0.00043
46.12500,0.48529,0.05843,0.00023,0.94090,0.00043
46.22794,0.48529,0.05451,0.00024,0.94479,0.00045
46.33088,0.48529,0.05784,0.00025,0.94145,0.00046
46.43382,0.48529,0.05839,0.00026,0.94086,0.00049
46.53677,0.48529,0.05977,0.00024,0.93946,0.00053
46.63971,0.48529,0.05674,0.00020,0.94260,0.00045
46.74265,0.48529,0.05298,0.00019,0.94646,0.00037
46.84559,0.48529,0.05791,0.00024,0.94142,0.00043
46.94853,0.48529,0.05867,0.00025,0.94061,0.00047
47.05147,0.48529,0.05056,0.00019,0.94890,0.00035
47.15441,0.48529,0.05962,0.00030,0.93955,0.00052
47.25735,0.48529,0.06126,0.00027,0.93798,0.00049
47.36029,0.48529,0.05197,0.00021,0.94742,0.00040
47.46323,0.48529,0.05249,0.00018,0.94691,0.00041
47.56618,0.48529,0.05495,0.00021,0.94445,0.00039
47.66912,0.48529,0.05943,0.00023,0.93989,0.00045
47.77206,0.48529,0.05409,0.00020,0.94532,0.00038
47.87500,0.48529,0.05391,0.00021,0.94548,0.00040
47.97794,0.48529,0.06336,0.00028,0.93588,0.00048
48.08088,0.48529,0.05928,0.00028,0.93994,0.00050
48.18382,0.48529,0.05671,0.00027,0.94256,0.00047
48.28677,0.48529,0.05927,0.00025,0.93998,0.00050
48.38971,0.48529,0.05382,0.00021,0.94552,0.00045
48.49265,0.48529,0.05489,0.00021,0.94445,0.00044
48.59559,0.48529,0.05789,0.00024,0.94145,0.00041
48.69853,0.48529,0.05877,0.00025,0.94053,0.00046
48.80147,0.48529,0.05577,0.00023,0.94361,0.00039
48.90441,0.48529,0.05435,0.00025,0.94492,0.00048
49.00735,0.48529,0.05984,0.00026,0.93946,0.00044
49.11029,0.48529,0.05803,0.00027,0.94121,0.00049
49.21323,0.48529,0.05356,0.00019,0.94588,0.00037
49.31618,0.48529,0.05689,0.00024,0.94240,0.00047
49.41912,0.48529,0.05584,0.00022,0.94357,0.00037
49.52206,0.48529,0.05458,0.00023,0.94480,0.00039
49.62500,0.48529,0.06031,0.00029,0.93891,0.00049
49.72794,0.48529,0.05551,0.00023,0.94385,0.00041
49.83088,0.48529,0.05786,0.00027,0.94139,0.00048
49.93382,0.48529,0.05769,0.00023,0.94163,0.00045
50.03677,0.48529,0.05435,0.00020,0.94504,0.00040
50.13971,0.48529,0.05716,0.00024,0.94210,0.00050
50.24265,0.48529,0.05391,0.00021,0.94551,0.00036
50.34559,0.48529,0.05264,0.00022,0.94673,0.00040
50.44853,0.48529,0.05375,0.00020,0.94570,0.00035
50.55147,0.48529,0.05853,0.00029,0.94073,0.00046
50.65441,0.48529,0.06222,0.00032,0.93695,0.00051
50.75735,0.48529,0.05763,0.00025,0.94164,0.00048
50.86029,0.48529,0.05353,0.00022,0.94580,0.00044
50.96323,0.48529,0.05535,0.00021,0.94401,0.00043
51.06618,0.48529,0.05719,0.00020,0.94218,0.00043
51.16912,0.48529,0.05587,0.00022,0.94352,0.00039
51.27206,0.48529,0.05554,0.00024,0.94379,0.00043
51.37500,0.48529,0.05719,0.00024,0.94216,0.00041
51.47794,0.48529,0.05530,0.00023,0.94406,0.00042
51.58088,0.48529,0.05580,0.00029,0.94342,0.00049
51.68382,0.48529,0.05529,0.00021,0.94411,0.00040
51.78677,0.48529,0.05536,0.00017,0.94405,0.00041
51.88971,0.48529,0.05710,0.00023,0.94219,0.00048
51.99265,0.48529,0.05734,0.00022,0.94204,0.00040
52.09559,0.48529,0.05644,0.00025,0.94286,0.00044
52.19853,0.48529,0.05256,0.00020,0.94686,0.00037
52.30147,0.48529,0.05863,0.00025,0.94070,0.00043
52.40441,0.48529,0.05657,0.00025,0.94274,0.00044
52.50735,0.48529,0.05768,0.00026,0.94159,0.00048
52.61029,0.48529,0.05634,0.00024,0.94299,0.00044
52.71323,0.48529,0.05650,0.00022,0.94278,0.00050
52.81618,0.48529,0.05832,0.00024,0.94099,0.00046
52.91912,0.48529,0.05952,0.00026,0.93975,0.00046
53.02206,0.48529,0.05607,0.00021,0.94334,0.00038
53.12500,0.48529,0.05375,0.00023,0.94554,0.00047
53.22794,0.48529,0.06092,0.00024,0.93839,0.00045
53.33088,0.48529,0.05642,0.00023,0.94291,0.00044
53.43382,0.48529,0.05390,0.00021,0.94548,0.00041
53.53677,0.48529,0.05722,0.00023,0.94210,0.00045
53.63971,0.48529,0.05388,0.00022,0.94544,0.00045
53.74265,0.48529,0.05687,0.00023,0.94245,0.00045
53.84559,0.48529,0.05650,0.00025,0.94283,0.00043
53.94853,0.48529,0.06211,0.00029,0.93712,0.00049
54.05147,0.48529,0.05852,0.00025,0.94083,0.00040
54.15441,0.48529,0.05549,0.00024,0.94385,0.00043
54.25735,0.48529,0.05567,0.00025,0.94362,0.00046
54.36029,0.48529,0.05663,0.00024,0.94267,0.00047
54.46323,0.48529,0.05286,0.00020,0.94652,0.00042
54.56618,0.48529,0.05696,0.00025,0.94223,0.00056
54.66912,0.48529,0.05636,0.00022,0.94304,0.00039
54.77206,0.48529,0.05754,0.00024,0.94179,0.00043
54.87500,0.48529,0.05557,0.00023,0.94376,0.00044
54.97794,0.48529,0.06242,0.00028,0.93680,0.00050
55.08088,0.48529,0.06141,0.00029,0.93782,0.00048
55.18382,0.48529,0.05841,0.00025,0.94087,0.00048
55.28677,0.48529,0.05598,0.00025,0.94328,0.00049
55.38971,0.48529,0.05495,0.00020,0.94443,0.00041
55.49265,0.48529,0.06052,0.00028,0.93869,0.00052
55.59559,0.48529,0.05497,0.00022,0.94443,0.00039
55.69853,0.48529,0.05740,0.00022,0.94201,0.00038
55.80147,0.48529,0.06154,0.00028,0.93771,0.00048
55.90441,0.48529,0.05828,0.00025,0.94101,0.00045
56.00735,0.48529,0.05657,0.00026,0.94268,0.00049
56.11029,0.48529,0.05659,0.00023,0.94273,0.00045
56.21323,0.48529,0.05681,0.00023,0.94251,0.00045
56.31618,0.48529,0.05493,0.00021,0.94442,0.00043
56.41912,0.48529,0.05529,0.00022,0.94409,0.00041
56.52206,0.48529,0.05940,0.00029,0.93985,0.00046
56.62500,0.48529,0.05565,0.00022,0.94375,0.00037
56.72794,0.48529,0.05573,0.00026,0.94357,0.00044
56.83088,0.48529,0.05776,0.00028,0.94148,0.00048
56.93382,0.48529,0.05340,0.00019,0.94601,0.00040
57.03677,0.48529,0.05583,0.00025,0.94347,0.00045
57.13971,0.48529,0.05755,0.00024,0.94173,0.00048
57.24265,0.48529,0.05832,0.00024,0.94098,0.00046
57.34559,0.48529,0.05361,0.00022,0.94575,0.00041
57.44853,0.48529,0.05573,0.00025,0.94361,0.00041
57.55147,0.48529,0.05707,0.00025,0.94226,0.00043
57.65441,0.48529,0.05330,0.00024,0.94604,0.00042
57.75735,0.48529,0.05537,0.00026,0.94387,0.00050
57.86029,0.48529,0.05753,0.00022,0.94179,0.00046
57.96323,0.48529,0.05654,0.00026,0.94270,0.00050
58.06618,0.48529,0.05628,0.00023,0.94308,0.00041
58.16912,0.48529,0.05378,0.00020,0.94559,0.00043
58.27206,0.48529,0.05518,0.00019,0.94427,0.00036
58.37500,0.48529,0.06245,0.00030,0.93676,0.00049
58.47794,0.48529,0.05659,0.00022,0.94277,0.00042
58.58088,0.48529,0.05342,0.00024,0.94589,0.00046
58.68382,0.48529,0.05970,0.00027,0.93954,0.00049
58.78677,0.48529,0.05156,0.00018,0.94788,0.00038
58.88971,0.48529,0.05461,0.00018,0.94484,0.00037
58.99265,0.48529,0.05744,0.00022,0.94193,0.00041
59.09559,0.48529,0.06241,0.00024,0.93688,0.00046
59.19853,0.48529,0.05596,0.00024,0.94338,0.00042
59.30147,0.48529,0.05727,0.00026,0.94201,0.00045
59.40441,0.48529,0.05371,0.00021,0.94569,0.00039
59.50735,0.48529,0.05560,0.00023,0.94374,0.00044
59.61029,0.48529,0.05961,0.00024,0.93968,0.00048
59.71323,0.48529,0.05861,0.00021,0.94075,0.00043
59.81618,0.48529,0.05456,0.00021,0.94478,0.00045
59.91912,0.48529,0.05725,0.00025,0.94205,0.00045
60.02206,0.48529,0.05501,0.00025,0.94429,0.00045
60.12500,0.48529,0.05771,0.00023,0.94166,0.00040
60.22794,0.48529,0.05948,0.00026,0.93983,0.00043
60.33088,0.48529,0.05463,0.00025,0.94467,0.00046
60.43382,0.48529,0.06116,0.00025,0.93808,0.00051
60.53677,0.48529,0.05056,0.00018,0.94887,0.00039
60.63971,0.48529,0.05617,0.00020,0.94318,0.00045
60.74265,0.48529,0.05569,0.00021,0.94371,0.00039
60.84559,0.48529,0.05540,0.00022,0.94396,0.00041
60.94853,0.48529,0.05458,0.00021,0.94481,0.00040
61.05147,0.48529,0.05468,0.00024,0.94464,0.00044
61.15441,0.48529,0.05851,0.00026,0.94081,0.00042
61.25735,0.48529,0.05389,0.00023,0.94545,0.00044
61.36029,0.48529,0.05686,0.00025,0.94244,0.00045
61.46323,0.48529,0.05655,0.00024,0.94275,0.00047
61.56618,0.48529,0.05263,0.00021,0.94676,0.00041
61.66912,0.48529,0.05047,0.00019,0.94896,0.00038
61.77206,0.48529,0.05326,0.00021,0.94616,0.00037
61.87500,0.48529,0.05697,0.00026,0.94231,0.00046
61.97794,0.48529,0.05353,0.00021,0.94587,0.00038
62.08088,0.48529,0.05987,0.00025,0.93944,0.00044
62.18382,0.48529,0.05665,0.00026,0.94259,0.00050
62.28677,0.48529,0.05777,0.00022,0.94159,0.00042
62.38971,0.48529,0.05722,0.00023,0.94205,0.00050
62.49265,0.48529,0.05301,0.00018,0.94645,0.00037
62.59559,0.48529,0.05522,0.00022,0.94413,0.00043
62.69853,0.48529,0.05644,0.00022,0.94296,0.00039
62.80147,0.48529,0.05782,0.00025,0.94153,0.00041
62.90441,0.48529,0.05645,0.00023,0.94293,0.00038
63.00735,0.48529,0.05462,0.00025,0.94467,0.00046
63.11029,0.48529,0.05529,0.00024,0.94403,0.00043
63.21323,0.48529,0.06019,0.00025,0.93911,0.00045
63.31618,0.48529,0.05602,0.00021,0.94334,0.00043
63.41912,0.48529,0.05509,0.00023,0.94423,0.00045
63.52206,0.48529,0.05804,0.00028,0.94125,0.00043
63.62500,0.48529,0.05551,0.00023,0.94387,0.00040
63.72794,0.48529,0.05844,0.00024,0.94089,0.00042
63.83088,0.48529,0.05593,0.00024,0.94341,0.00043
63.93382,0.48530,0.05858,0.00025,0.94074,0.00043
64.03677,0.48529,0.05722,0.00023,0.94212,0.00044
64.13971,0.48529,0.05441,0.00020,0.94497,0.00042
64.24265,0.48530,0.05634,0.00024,0.94295,0.00047
64.34559,0.48529,0.05932,0.00027,0.93994,0.00047
64.44853,0.48529,0.05747,0.00025,0.94181,0.00047
64.55147,0.48530,0.05556,0.00020,0.94390,0.00034
64.65441,0.48530,0.06096,0.00029,0.93826,0.00049
64.75735,0.48529,0.05927,0.00024,0.94005,0.00045
64.86029,0.48530,0.05697,0.00026,0.94230,0.00046
64.96323,0.48530,0.05638,0.00023,0.94292,0.00047
65.06618,0.48529,0.05574,0.00024,0.94354,0.00048
65.16912,0.48529,0.05683,0.00024,0.94242,0.00050
65.27206,0.48530,0.05293,0.00022,0.94643,0.00042
65.37500,0.48529,0.05813,0.00023,0.94125,0.00039
65.47794,0.48529,0.05760,0.00028,0.94164,0.00048
65.58088,0.48530,0.05647,0.00021,0.94290,0.00042
65.68382,0.48530,0.05843,0.00027,0.94083,0.00047
65.78677,0.48529,0.05522,0.00023,0.94410,0.00045
65.88971,0.48529,0.05614,0.00022,0.94315,0.00049
65.99265,0.48530,0.05240,0.00018,0.94701,0.00041
66.09559,0.48529,0.05591,0.00021,0.94350,0.00038
66.19853,0.48529,0.05778,0.00024,0.94155,0.00044
66.30147,0.48530,0.05538,0.00021,0.94400,0.00041
66.40441,0.48530,0.05426,0.00021,0.94513,0.00040
66.50735,0.48529,0.05822,0.00027,0.94107,0.00044
66.61029,0.48530,0.06262,0.00027,0.93667,0.00044
66.71323,0.48530,0.05403,0.00022,0.94534,0.00041
66.81618,0.48529,0.05490,0.00021,0.94445,0.00044
66.91912,0.48529,0.05392,0.00019,0.94556,0.00033
67.02206,0.48530,0.05454,0.00020,0.94485,0.00041
67.12500,0.48529,0.05570,0.00022,0.94369,0.00039
67.22794,0.48529,0.05865,0.00025,0.94064,0.00046
67.33088,0.48530,0.05879,0.00023,0.94054,0.00044
67.43382,0.48530,0.05533,0.00024,0.94395,0.00048
67.53677,0.48529,0.05674,0.00024,0.94255,0.00047
67.63971,0.48529,0.05704,0.00022,0.94230,0.00044
67.74265,0.48530,0.05358,0.00020,0.94579,0.00043
67.84559,0.48529,0.06155,0.00026,0.93773,0.00046
67.94853,0.48529,0.06075,0.00029,0.93847,0.00049
68.05147,0.48530,0.05624,0.00022,0.94313,0.00041
68.15441,0.48530,0.05940,0.00025,0.93991,0.00044
68.25735,0.48529,0.05222,0.00023,0.94714,0.00042
68.36029,0.48530,0.06086,0.00027,0.93837,0.00050
68.46323,0.48530,0.05640,0.00024,0.94290,0.00046
68.56618,0.48529,0.05871,0.00024,0.94058,0.00048
68.66912,0.48529,0.05566,0.00022,0.94371,0.00042
68.77206,0.48530,0.05791,0.00023,0.94142,0.00044
68.87500,0.48529,0.05687,0.00026,0.94244,0.00043
68.97794,0.48529,0.05950,0.00027,0.93980,0.00043
69.08088,0.48530,0.05541,0.00023,0.94388,0.00049
69.18382,0.48530,0.05485,0.00023,0.94449,0.00043
69.28677,0.48529,0.05751,0.00026,0.94176,0.00047
69.38971,0.48529,0.05655,0.00022,0.94281,0.00042
69.49265,0.48530,0.05641,0.00023,0.94289,0.00047
69.59559,0.48529,0.05528,0.00021,0.94411,0.00040
69.69853,0.48529,0.05420,0.00022,0.94517,0.00041
69.80147,0.48530,0.05606,0.00021,0.94333,0.00040
69.90441,0.48530,0.05427,0.00022,0.94510,0.00040
70.00735,0.48529,0.05623,0.00025,0.94309,0.00043
70.11029,0.48530,0.05843,0.00024,0.94089,0.00044
70.21323,0.48530,0.05757,0.00025,0.94172,0.00045
70.31618,0.48529,0.05560,0.00021,0.94374,0.00044
70.41912,0.48529,0.05315,0.00020,0.94624,0.00040
70.52206,0.48530,0.05607,0.00022,0.94331,0.00041
70.62500,0.48529,0.05580,0.00024,0.94357,0.00040
70.72794,0.48529,0.05280,0.00022,0.94659,0.00039
70.83088,0.48530,0.05644,0.00024,0.94286,0.00045
70.93382,0.48530,0.05773,0.00023,0.94161,0.00043
71.03677,0.48529,0.05885,0.00028,0.94037,0.00050
71.13971,0.48529,0.05571,0.00023,0.94361,0.00045
71.24265,0.48530,0.05424,0.00020,0.94513,0.00043
71.34559,0.48529,0.05584,0.00020,0.94355,0.00041
71.44853,0.48529,0.05931,0.00024,0.94004,0.00041
71.55147,0.48530,0.05511,0.00021,0.94428,0.00040
71.65441,0.48530,0.05671,0.00021,0.94267,0.00040
71.75735,0.48529,0.05812,0.00027,0.94115,0.00045
71.86029,0.48530,0.05848,0.00025,0.94078,0.00048
71.96323,0.48530,0.06049,0.00028,0.93870,0.00053
72.06618,0.48529,0.05562,0.00021,0.94369,0.00048
72.16912,0.48529,0.05807,0.00021,0.94124,0.00048
72.27206,0.48530,0.05596,0.00019,0.94346,0.00039
72.37500,0.48529,0.06042,0.00025,0.93889,0.00045
72.47794,0.48529,0.05628,0.00020,0.94313,0.00039
72.58088,0.48530,0.05934,0.00026,0.93996,0.00044
72.68382,0.48530,0.05472,0.00022,0.94463,0.00043
72.78677,0.48529,0.05352,0.00022,0.94586,0.00040
72.88971,0.48529,0.05973,0.00022,0.93960,0.00045
72.99265,0.48530,0.05655,0.00023,0.94275,0.00046
73.09559,0.48529,0.05452,0.00021,0.94485,0.00042
73.19853,0.48529,0.05592,0.00023,0.94346,0.00039
73.30147,0.48530,0.05459,0.00022,0.94478,0.00041
73.40441,0.48530,0.05565,0.00022,0.94373,0.00040
73.50735,0.48529,0.05371,0.00025,0.94559,0.00045
73.61029,0.48530,0.05773,0.00029,0.94149,0.00049
73.71323,0.48530,0.05946,0.00026,0.93981,0.00048
73.81618,0.48529,0.05109,0.00018,0.94837,0.00037
73.91912,0.48529,0.05559,0.00020,0.94378,0.00043
74.02206,0.48530,0.05799,0.00024,0.94132,0.00045
74.12500,0.48529,0.05714,0.00024,0.94221,0.00041
74.22794,0.48529,0.05587,0.00024,0.94349,0.00041
74.33088,0.48530,0.05526,0.00025,0.94403,0.00046
74.43382,0.48530,0.05507,0.00024,0.94428,0.00041
74.53677,0.48529,0.05723,0.00024,0.94206,0.00046
74.63971,0.48529,0.05370,0.00020,0.94568,0.00043
74.74265,0.48530,0.05524,0.00022,0.94406,0.00047
74.84559,0.48529,0.05717,0.00024,0.94209,0.00049
74.94853,0.48529,0.05359,0.00018,0.94588,0.00035
75.05147,0.48530,0.06092,0.00026,0.93838,0.00044
75.15441,0.48530,0.06018,0.00027,0.93903,0.00053
75.25735,0.48529,0.05995,0.00022,0.93939,0.00044
75.36029,0.48530,0.05875,0.00027,0.94044,0.00053
75.46323,0.48530,0.05801,0.00024,0.94124,0.00051
75.56618,0.48529,0.05401,0.00019,0.94542,0.00038
75.66912,0.48529,0.05999,0.00022,0.93931,0.00048
75.77206,0.48530,0.05378,0.00017,0.94570,0.00036
75.87500,0.48529,0.05856,0.00023,0.94079,0.00042
75.97794,0.48529,0.06017,0.00028,0.93909,0.00045
76.08088,0.48530,0.05875,0.00023,0.94061,0.00041
76.18382,0.48530,0.06159,0.00028,0.93766,0.00048
76.28677,0.48529,0.05471,0.00022,0.94464,0.00043
76.38971,0.48529,0.05904,0.00028,0.94016,0.00052
76.49265,0.48530,0.05896,0.00023,0.94032,0.00049
76.59559,0.48529,0.05240,0.00015,0.94712,0.00033
76.69853,0.48529,0.05674,0.00024,0.94257,0.00045
76.80147,0.48530,0.05981,0.00023,0.93952,0.00044
76.90441,0.48530,0.05335,0.00022,0.94605,0.00038
77.00735,0.48529,0.06196,0.00028,0.93730,0.00046
77.11029,0.48530,0.05717,0.00025,0.94211,0.00047
77.21323,0.48530,0.05871,0.00025,0.94056,0.00047
77.31618,0.48529,0.05831,0.00025,0.94098,0.00047
77.41912,0.48529,0.05800,0.00022,0.94135,0.00043
77.52206,0.48530,0.05524,0.00021,0.94413,0.00041
77.62500,0.48529,0.05495,0.00021,0.94444,0.00040
77.72794,0.48529,0.05615,0.00023,0.94321,0.00041
77.83088,0.48530,0.05396,0.00023,0.94540,0.00042
77.93382,0.48530,0.05458,0.00021,0.94483,0.00039
78.03677,0.48529,0.05973,0.00028,0.93948,0.00051
78.13971,0.48529,0.05843,0.00026,0.94083,0.00049
78.24265,0.48530,0.05333,0.00020,0.94607,0.00040
78.34559,0.48529,0.05234,0.00018,0.94711,0.00038
78.44853,0.48529,0.05848,0.00024,0.94079,0.00049
78.55147,0.48530,0.05871,0.00023,0.94068,0.00038
78.65441,0.48530,0.05383,0.00021,0.94558,0.00039
78.75735,0.48529,0.05343,0.00023,0.94593,0.00041
78.86029,0.48530,0.05997,0.00026,0.93932,0.00044
78.96323,0.48530,0.06185,0.00027,0.93737,0.00051
79.06618,0.48529,0.05638,0.00020,0.94300,0.00042
79.16912,0.48529,0.05608,0.00023,0.94318,0.00051
79.27206,0.48530,0.05629,0.00021,0.94309,0.00041
79.37500,0.48529,0.06013,0.00026,0.93915,0.00046
79.47794,0.48529,0.05656,0.00020,0.94285,0.00039
79.58088,0.48530,0.05631,0.00023,0.94299,0.00047
79.68382,0.48530,0.05963,0.00026,0.93969,0.00042
79.78677,0.48529,0.05725,0.00029,0.94194,0.00052
79.88971,0.48529,0.05683,0.00022,0.94252,0.00043
79.99265,0.48530,0.05793,0.00027,0.94129,0.00052
80.09559,0.48529,0.05748,0.00023,0.94184,0.00046
80.19853,0.48529,0.05676,0.00023,0.94258,0.00042
80.30147,0.48530,0.05297,0.00021,0.94643,0.00039
80.40441,0.48530,0.05618,0.00025,0.94313,0.00045
80.50735,0.48529,0.05463,0.00021,0.94477,0.00038
80.61029,0.48530,0.05659,0.00024,0.94277,0.00041
80.71323,0.48530,0.05711,0.00027,0.94214,0.00049
80.81618,0.48529,0.05726,0.00023,0.94201,0.00050
80.91912,0.48529,0.05654,0.00024,0.94275,0.00047
81.02206,0.48530,0.05707,0.00023,0.94226,0.00044
81.12500,0.48529,0.05822,0.00026,0.94104,0.00047
81.22794,0.48529,0.05536,0.00023,0.94400,0.00042
81.33088,0.48530,0.05442,0.00021,0.94500,0.00037
81.43382,0.48530,0.05995,0.00025,0.93929,0.00051
81.53677,0.48529,0.05853,0.00025,0.94076,0.00046
81.63971,0.48529,0.05867,0.00025,0.94063,0.00045
81.74265,0.48530,0.05590,0.00022,0.94343,0.00045
81.84559,0.48529,0.05256,0.00019,0.94687,0.00038
81.94853,0.48529,0.05614,0.00022,0.94322,0.00043
82.05147,0.48530,0.06048,0.00027,0.93879,0.00046
82.15441,0.48530,0.05257,0.00020,0.94689,0.00035
82.25735,0.48529,0.05769,0.00025,0.94163,0.00043
82.36029,0.48530,0.05769,0.00028,0.94151,0.00052
82.46323,0.48530,0.05902,0.00023,0.94033,0.00041
82.56618,0.48529,0.05735,0.00023,0.94199,0.00043
82.66912,0.48529,0.05685,0.00022,0.94250,0.00042
82.77206,0.48530,0.05673,0.00022,0.94257,0.00048
82.87500,0.48529,0.06077,0.00026,0.93853,0.00044
82.97794,0.48529,0.05735,0.00025,0.94200,0.00041
83.08088,0.48530,0.05617,0.00021,0.94325,0.00037
83.18382,0.48530,0.05529,0.00025,0.94401,0.00045
83.28677,0.48529,0.05880,0.00024,0.94054,0.00042
83.38971,0.48529,0.05945,0.00027,0.93980,0.00049
83.49265,0.48530,0.05518,0.00022,0.94418,0.00042
83.59559,0.48529,0.05841,0.00024,0.94087,0.00048
83.69853,0.48529,0.05749,0.00026,0.94175,0.00050
83.80147,0.48530,0.05532,0.00023,0.94404,0.00041
83.90441,0.48530,0.05773,0.00023,0.94162,0.00042
84.00735,0.48529,0.05473,0.00022,0.94466,0.00039
84.11029,0.48530,0.05879,0.00027,0.94048,0.00045
84.21323,0.48530,0.05810,0.00025,0.94114,0.00052
84.31618,0.48529,0.05744,0.00022,0.94186,0.00048
84.41912,0.48529,0.05605,0.00021,0.94329,0.00044
84.52206,0.48530,0.05376,0.00019,0.94570,0.00035
84.62500,0.48529,0.05813,0.00021,0.94120,0.00045
84.72794,0.48529,0.05710,0.00022,0.94228,0.00040
84.83088,0.48530,0.05550,0.00022,0.94389,0.00038
84.93382,0.48530,0.05720,0.00026,0.94210,0.00044
85.03677,0.48529,0.05878,0.00024,0.94055,0.00043
85.13971,0.48529,0.05616,0.00025,0.94312,0.00047
85.24265,0.48530,0.05576,0.00022,0.94356,0.00047
85.34559,0.48529,0.05664,0.00021,0.94271,0.00044
85.44853,0.48529,0.05401,0.00019,0.94539,0.00041
85.55147,0.48530,0.05876,0.00024,0.94055,0.00045
85.65441,0.48530,0.05420,0.00020,0.94523,0.00037
85.75735,0.48529,0.05913,0.00023,0.94025,0.00040
85.86029,0.48530,0.05717,0.00025,0.94216,0.00042
85.96323,0.48530,0.05819,0.00023,0.94117,0.00041
86.06618,0.48529,0.05889,0.00025,0.94036,0.00050
86.16912,0.48529,0.05616,0.00024,0.94311,0.00050
86.27206,0.48530,0.05716,0.00024,0.94209,0.00052
86.37500,0.48529,0.05429,0.00019,0.94513,0.00039
86.47794,0.48529,0.05384,0.00019,0.94560,0.00037
86.58088,0.48530,0.06016,0.00025,0.93915,0.00044
86.68382,0.48530,0.05500,0.00021,0.94438,0.00040
86.78677,0.48529,0.05354,0.00021,0.94583,0.00042
86.88971,0.48529,0.06058,0.00030,0.93855,0.00057
86.99265,0.48530,0.05542,0.00019,0.94398,0.00042
87.09559,0.48529,0.05228,0.00016,0.94715,0.00040
87.19853,0.48529,0.05864,0.00022,0.94067,0.00047
87.30147,0.48530,0.06072,0.00023,0.93863,0.00042
87.40441,0.48530,0.05431,0.00021,0.94511,0.00037
87.50735,0.48529,0.05581,0.00021,0.94357,0.00041
87.61029,0.48530,0.05501,0.00023,0.94434,0.00042
87.71323,0.48530,0.05859,0.00026,0.94069,0.00046
87.81618,0.48529,0.06136,0.00027,0.93788,0.00050
87.91912,0.48529,0.05424,0.00017,0.94521,0.00037
88.02206,0.48530,0.05708,0.00020,0.94228,0.00044
88.12500,0.48529,0.05797,0.00022,0.94137,0.00043
88.22794,0.48529,0.05589,0.00020,0.94355,0.00035
88.33088,0.48530,0.05556,0.00022,0.94380,0.00042
88.43382,0.48530,0.05446,0.00021,0.94496,0.00038
88.53677,0.48529,0.05724,0.00025,0.94208,0.00043
88.63971,0.48529,0.06158,0.00025,0.93767,0.00050
88.74265,0.48530,0.05087,0.00018,0.94856,0.00040
88.84559,0.48529,0.05803,0.00022,0.94130,0.00046
88.94853,0.48529,0.05848,0.00024,0.94080,0.00048
89.05147,0.48530,0.05616,0.00022,0.94319,0.00042
89.15441,0.48530,0.05256,0.00021,0.94684,0.00038
89.25735,0.48529,0.05434,0.00021,0.94503,0.00042
89.36029,0.48530,0.05532,0.00020,0.94411,0.00037
89.46323,0.48530,0.05810,0.00026,0.94119,0.00045
89.56618,0.48529,0.05900,0.00025,0.94029,0.00046
89.66912,0.48529,0.05533,0.00021,0.94399,0.00046
89.77206,0.48530,0.05335,0.00020,0.94603,0.00041
89.87500,0.48529,0.05498,0.00021,0.94440,0.00041
89.97794,0.48529,0.05603,0.00022,0.94336,0.00039
90.08088,0.48530,0.05766,0.00023,0.94169,0.00041
90.18382,0.48530,0.05583,0.00020,0.94359,0.00038
90.28677,0.48529,0.05618,0.00025,0.94311,0.00046
90.38971,0.48529,0.06192,0.00028,0.93732,0.00048
90.49265,0.48530,0.05872,0.00024,0.94055,0.00049
90.59559,0.48529,0.05302,0.00018,0.94640,0.00040
90.69853,0.48529,0.05421,0.00020,0.94514,0.00044
90.80147,0.48530,0.05900,0.00022,0.94036,0.00042
90.90441,0.48530,0.05344,0.00021,0.94596,0.00039
91.00735,0.48529,0.05880,0.00022,0.94063,0.00035
91.11029,0.48530,0.05669,0.00023,0.94267,0.00041
91.21323,0.48530,0.05981,0.00025,0.93943,0.00051
91.31618,0.48529,0.06088,0.00025,0.93838,0.00050
91.41912,0.48529,0.05798,0.00024,0.94129,0.00049
91.52206,0.48530,0.05735,0.00022,0.94195,0.00048
91.62500,0.48529,0.05577,0.00023,0.94353,0.00047
91.72794,0.48529,0.05484,0.00019,0.94460,0.00037
91.83088,0.48530,0.05622,0.00022,0.94318,0.00038
91.93382,0.48530,0.05759,0.00023,0.94176,0.00042
92.03677,0.48529,0.05627,0.00024,0.94306,0.00043
92.13971,0.48529,0.05594,0.00023,0.94339,0.00044
92.24265,0.48530,0.05994,0.00024,0.93935,0.00047
92.34559,0.48529,0.05446,0.00020,0.94492,0.00041
92.44853,0.48529,0.05405,0.00020,0.94532,0.00042
92.55147,0.48530,0.05961,0.00025,0.93959,0.00054
92.65441,0.48530,0.05354,0.00020,0.94590,0.00036
92.75735,0.48529,0.05735,0.00022,0.94205,0.00038
92.86029,0.48530,0.05850,0.00025,0.94078,0.00047
92.96323,0.48530,0.05522,0.00020,0.94416,0.00042
93.06618,0.48529,0.05841,0.00022,0.94093,0.00045
93.16912,0.48529,0.05449,0.00019,0.94492,0.00040
93.27206,0.48530,0.05982,0.00024,0.93944,0.00051
93.37500,0.48529,0.05244,0.00018,0.94701,0.00036
93.47794,0.48529,0.05599,0.00023,0.94337,0.00041
93.58088,0.48530,0.05460,0.00020,0.94484,0.00036
93.68382,0.48530,0.05480,0.00022,0.94460,0.00038
93.78677,0.48529,0.05532,0.00024,0.94400,0.00044
93.88971,0.48529,0.05759,0.00022,0.94175,0.00044
93.99265,0.48530,0.05634,0.00023,0.94298,0.00045
94.09559,0.48529,0.05732,0.00023,0.94199,0.00047
94.19853,0.48529,0.05210,0.00018,0.94735,0.00037
94.30147,0.48530,0.05681,0.00020,0.94260,0.00040
94.40441,0.48530,0.05318,0.00020,0.94624,0.00039
94.50735,0.48529,0.05359,0.00018,0.94588,0.00035
94.61029,0.48530,0.05958,0.00025,0.93976,0.00040
94.71323,0.48530,0.05882,0.00025,0.94048,0.00046
94.81618,0.48529,0.05936,0.00024,0.93993,0.00046
94.91912,0.48529,0.05769,0.00025,0.94154,0.00053
95.02206,0.48530,0.05475,0.00019,0.94463,0.00044
95.12500,0.48529,0.05695,0.00022,0.94238,0.00046
95.22794,0.48529,0.05971,0.00024,0.93966,0.00039
95.33088,0.48530,0.05568,0.00022,0.94369,0.00042
95.43382,0.48530,0.05583,0.00020,0.94359,0.00038
95.53677,0.48529,0.05970,0.00025,0.93958,0.00047
95.63971,0.48529,0.06179,0.00026,0.93746,0.00049
95.74265,0.48530,0.05605,0.00022,0.94331,0.00042
95.84559,0.48529,0.06246,0.00028,0.93670,0.00056
95.94853,0.48529,0.05534,0.00020,0.94403,0.00043
96.05147,0.48530,0.05655,0.00021,0.94282,0.00043
96.15441,0.48530,0.05754,0.00024,0.94182,0.00040
96.25735,0.48529,0.05592,0.00021,0.94348,0.00038
96.36029,0.48530,0.05717,0.00023,0.94222,0.00038
96.46323,0.48530,0.05570,0.00024,0.94364,0.00043
96.56618,0.48529,0.05953,0.00027,0.93969,0.00050
96.66912,0.48529,0.05642,0.00021,0.94293,0.00044
96.77206,0.48530,0.05701,0.00022,0.94233,0.00044
96.87500,0.48529,0.05739,0.00022,0.94191,0.00048
96.97794,0.48529,0.05533,0.00019,0.94410,0.00038
97.08088,0.48530,0.05336,0.00020,0.94607,0.00037
97.18382,0.48530,0.05599,0.00022,0.94338,0.00040
97.28677,0.48529,0.05343,0.00020,0.94598,0.00039
97.38971,0.48529,0.05729,0.00026,0.94200,0.00045
97.49265,0.48530,0.05930,0.00025,0.93997,0.00049
97.59559,0.48529,0.05667,0.00022,0.94265,0.00047
97.69853,0.48529,0.05813,0.00023,0.94117,0.00047
97.80147,0.48530,0.05585,0.00020,0.94357,0.00039
97.90441,0.48530,0.05530,0.00021,0.94410,0.00039
98.00735,0.48529,0.05338,0.00020,0.94607,0.00036
98.11029,0.48530,0.05415,0.00021,0.94526,0.00039
98.21323,0.48530,0.05747,0.00023,0.94189,0.00040
98.31618,0.48529,0.05783,0.00025,0.94146,0.00047
98.41912,0.48529,0.05821,0.00023,0.94111,0.00045
98.52206,0.48530,0.05608,0.00023,0.94320,0.00049
98.62500,0.48529,0.05485,0.00020,0.94454,0.00042
98.72794,0.48529,0.05283,0.00019,0.94661,0.00037
98.83088,0.48530,0.05461,0.00019,0.94484,0.00036
98.93382,0.48530,0.05906,0.00022,0.94031,0.00041
99.03677,0.48529,0.05682,0.00021,0.94258,0.00038
99.13971,0.48529,0.05859,0.00027,0.94064,0.00050
99.24265,0.48530,0.06103,0.00026,0.93823,0.00048
99.34559,0.48529,0.05636,0.00022,0.94296,0.00045
99.44853,0.48529,0.05715,0.00022,0.94217,0.00047
99.55147,0.48530,0.05785,0.00022,0.94151,0.00042
99.65441,0.48530,0.05312,0.00020,0.94628,0.00040
99.75735,0.48529,0.05205,0.00018,0.94741,0.00035
99.86029,0.48530,0.06054,0.00024,0.93877,0.00045
99.96323,0.48530,0.05968,0.00023,0.93969,0.00041
100.06618,0.48529,0.05682,0.00023,0.94249,0.00047
100.16912,0.48529,0.05868,0.00023,0.94064,0.00045
100.27206,0.48530,0.05954,0.00025,0.93969,0.00052
100.37500,0.48529,0.05719,0.00019,0.94220,0.00042
100.47794,0.48529,0.05514,0.00021,0.94422,0.00043
100.58088,0.48530,0.05638,0.00021,0.94303,0.00038
100.68382,0.48530,0.05414,0.00021,0.94525,0.00039
100.78677,0.48529,0.05845,0.00023,0.94091,0.00040
100.88971,0.48529,0.05716,0.00025,0.94213,0.00045
100.99265,0.48530,0.05948,0.00026,0.93980,0.00047
101.09559,0.48529,0.05852,0.00024,0.94073,0.00051
101.19853,0.48529,0.05595,0.00020,0.94342,0.00043
101.30147,0.48530,0.05653,0.00022,0.94282,0.00044
101.40441,0.48530,0.05332,0.00018,0.94618,0.00033
101.50735,0.48529,0.05534,0.00021,0.94408,0.00036
101.61029,0.48530,0.05882,0.00024,0.94049,0.00044
101.71323,0.48530,0.05357,0.00019,0.94589,0.00035
101.81618,0.48529,0.05731,0.00027,0.94194,0.00048
101.91912,0.48529,0.06306,0.00024,0.93619,0.00051
102.02206,0.48530,0.05506,0.00020,0.94430,0.00044
102.12500,0.48529,0.05876,0.00023,0.94051,0.00051
102.22794,0.48529,0.06146,0.00026,0.93780,0.00047
102.33088,0.48530,0.05217,0.00019,0.94725,0.00038
102.43382,0.48530,0.05633,0.00019,0.94315,0.00034
102.53677,0.48529,0.06123,0.00027,0.93799,0.00051
102.63971,0.48529,0.05954,0.00021,0.93986,0.00039
102.74265,0.48530,0.05950,0.00027,0.93972,0.00052
102.84559,0.48529,0.05467,0.00021,0.94470,0.00042
102.94853,0.48529,0.05638,0.00021,0.94296,0.00045
103.05147,0.48530,0.05597,0.00018,0.94345,0.00040
103.15441,0.48530,0.05534,0.00020,0.94407,0.00039
103.25735,0.48529,0.05657,0.00022,0.94279,0.00042
103.36029,0.48530,0.05464,0.00020,0.94480,0.00036
103.46323,0.48530,0.05325,0.00020,0.94619,0.00037
103.56618,0.48529,0.05955,0.00025,0.93973,0.00047
103.66912,0.48529,0.05691,0.00023,0.94244,0.00042
103.77206,0.48530,0.05352,0.00020,0.94589,0.00040
103.87500,0.48529,0.05589,0.00019,0.94349,0.00042
103.97794,0.48529,0.05694,0.00022,0.94240,0.00044
104.08088,0.48530,0.05715,0.00020,0.94226,0.00039
104.18382,0.48530,0.05428,0.00020,0.94516,0.00036
104.28677,0.48529,0.05825,0.00022,0.94113,0.00040
104.38971,0.48529,0.05965,0.00026,0.93959,0.00050
104.49265,0.48530,0.06112,0.00025,0.93816,0.00047
104.59559,0.48529,0.05609,0.00025,0.94316,0.00050
104.69853,0.48529,0.05593,0.00019,0.94347,0.00042
104.80147,0.48530,0.05265,0.00019,0.94674,0.00042
104.90441,0.48530,0.05522,0.00019,0.94419,0.00040
105.00735,0.48529,0.05011,0.00016,0.94941,0.00032
105.11029,0.48530,0.05771,0.00022,0.94163,0.00044
105.21323,0.48530,0.05840,0.00023,0.94095,0.00042
105.31618,0.48529,0.05483,0.00024,0.94447,0.00046
105.41912,0.48529,0.05671,0.00021,0.94263,0.00045
105.52206,0.48530,0.05640,0.00021,0.94295,0.00044
105.62500,0.48529,0.05552,0.00021,0.94384,0.00043
105.72794,0.48529,0.05906,0.00023,0.94025,0.00046
105.83088,0.48530,0.05442,0.00019,0.94504,0.00035
105.93382,0.48530,0.05614,0.00020,0.94329,0.00037
106.03677,0.48529,0.05804,0.00023,0.94133,0.00040
106.13971,0.48529,0.05117,0.00019,0.94825,0.00039
106.24265,0.48530,0.05751,0.00025,0.94180,0.00044
106.34559,0.48529,0.05872,0.00024,0.94054,0.00050
106.44853,0.48529,0.05697,0.00020,0.94238,0.00045
106.55147,0.48530,0.05832,0.00023,0.94094,0.00051
106.65441,0.48530,0.05901,0.00021,0.94036,0.00041
106.75735,0.48529,0.05578,0.00022,0.94360,0.00039
106.86029,0.48530,0.05399,0.00017,0.94550,0.00033
106.96323,0.48530,0.05383,0.00021,0.94554,0.00041
107.06618,0.48529,0.05709,0.00023,0.94226,0.00042
107.16912,0.48529,0.05959,0.00028,0.93960,0.00054
107.27206,0.48530,0.05529,0.00020,0.94413,0.00038
107.37500,0.48529,0.05486,0.00020,0.94448,0.00046
107.47794,0.48529,0.05691,0.00019,0.94250,0.00040
107.58088,0.48530,0.05880,0.00020,0.94059,0.00040
107.68382,0.48530,0.05729,0.00020,0.94213,0.00038
107.78677,0.48529,0.05809,0.00025,0.94124,0.00043
107.88971,0.48529,0.05851,0.00023,0.94086,0.00041
107.99265,0.48530,0.05587,0.00023,0.94346,0.00045
108.09559,0.48529,0.05537,0.00022,0.94399,0.00042
108.19853,0.48529,0.05848,0.00024,0.94080,0.00049
108.30147,0.48530,0.05820,0.00021,0.94115,0.00044
108.40441,0.48530,0.05553,0.00020,0.94386,0.00041
108.50735,0.48529,0.05506,0.00020,0.94436,0.00038
108.61029,0.48530,0.05588,0.00021,0.94352,0.00038
108.71323,0.48530,0.05363,0.00020,0.94582,0.00036
108.81618,0.48529,0.05872,0.00026,0.94054,0.00047
108.91912,0.48529,0.06244,0.00027,0.93681,0.00048
109.02206,0.48530,0.05705,0.00024,0.94224,0.00046
109.12500,0.48529,0.05389,0.00017,0.94552,0.00042
109.22794,0.48529,0.05473,0.00019,0.94468,0.00040
109.33088,0.48530,0.05619,0.00022,0.94317,0.00042
109.43382,0.48530,0.05524,0.00021,0.94414,0.00042
109.53677,0.48529,0.05191,0.00021,0.94750,0.00038
109.63971,0.48529,0.05671,0.00022,0.94269,0.00038
109.74265,0.48530,0.05776,0.00024,0.94154,0.00045
109.84559,0.48529,0.05699,0.00026,0.94228,0.00047
109.94853,0.48529,0.05641,0.00022,0.94292,0.00045
110.05147,0.48530,0.05433,0.00019,0.94509,0.00039
110.15441,0.48530,0.05609,0.00020,0.94329,0.00042
110.25735,0.48529,0.05403,0.00022,0.94535,0.00040
110.36029,0.48530,0.05322,0.00020,0.94621,0.00036
110.46323,0.48530,0.05793,0.00025,0.94135,0.00048
110.56618,0.48529,0.05440,0.00019,0.94502,0.00039
110.66912,0.48529,0.05719,0.00026,0.94210,0.00045
110.77206,0.48530,0.05800,0.00023,0.94128,0.00048
110.87500,0.48529,0.05180,0.00015,0.94772,0.00033
110.97794,0.48529,0.05772,0.00021,0.94163,0.00044
111.08088,0.48530,0.06040,0.00020,0.93903,0.00037
111.18382,0.48530,0.05751,0.00021,0.94188,0.00040
111.28677,0.48529,0.05633,0.00020,0.94306,0.00041
111.38971,0.48529,0.05576,0.00024,0.94356,0.00045
111.49265,0.48530,0.05777,0.00022,0.94159,0.00042
111.59559,0.48529,0.06074,0.00026,0.93850,0.00050
111.69853,0.48529,0.05819,0.00024,0.94110,0.00047
111.80147,0.48530,0.05562,0.00021,0.94368,0.00049
111.90441,0.48530,0.05839,0.00024,0.94090,0.00047
112.00735,0.48529,0.05451,0.00021,0.94488,0.00039
112.11029,0.48530,0.05535,0.00020,0.94409,0.00036
112.21323,0.48530,0.05517,0.00022,0.94418,0.00043
112.31618,0.48529,0.05586,0.00021,0.94356,0.00038
112.41912,0.48529,0.06153,0.00026,0.93772,0.00049
112.52206,0.48530,0.05639,0.00022,0.94292,0.00046
112.62500,0.48529,0.05810,0.00023,0.94117,0.00049
112.72794,0.48529,0.05564,0.00021,0.94372,0.00043
112.83088,0.48530,0.05375,0.00018,0.94570,0.00037
112.93382,0.48530,0.05638,0.00023,0.94299,0.00040
113.03677,0.48529,0.05687,0.00022,0.94254,0.00037
113.13971,0.48529,0.05837,0.00023,0.94101,0.00040
113.24265,0.48530,0.05398,0.00023,0.94533,0.00046
113.34559,0.48529,0.05745,0.00023,0.94188,0.00043
113.44853,0.48529,0.05633,0.00022,0.94298,0.00047
113.55147,0.48530,0.05381,0.00017,0.94562,0.00039
113.65441,0.48530,0.05316,0.00019,0.94624,0.00040
113.75735,0.48529,0.05523,0.00018,0.94423,0.00036
113.86029,0.48530,0.05609,0.00020,0.94334,0.00037
113.96323,0.48530,0.05945,0.00024,0.93989,0.00042
114.06618,0.48529,0.05876,0.00023,0.94055,0.00045
114.16912,0.48529,0.05553,0.00022,0.94381,0.00044
114.27206,0.48530,0.05878,0.00025,0.94052,0.00045
114.37500,0.48529,0.05561,0.00018,0.94379,0.00042
114.47794,0.48529,0.05525,0.00020,0.94413,0.00041
114.58088,0.48530,0.05409,0.00021,0.94530,0.00040
114.68382,0.48530,0.05417,0.00018,0.94529,0.00036
114.78677,0.48529,0.05436,0.00021,0.94507,0.00037
114.88971,0.48529,0.05680,0.00023,0.94258,0.00040
114.99265,0.48530,0.05735,0.00025,0.94191,0.00048
115.09559,0.48529,0.05691,0.00022,0.94244,0.00043
115.19853,0.48529,0.05876,0.00025,0.94053,0.00047
115.30147,0.48530,0.05773,0.00022,0.94158,0.00047
115.40441,0.48530,0.06002,0.00024,0.93927,0.00047
115.50735,0.48529,0.05556,0.00021,0.94385,0.00039
115.61029,0.48530,0.05262,0.00018,0.94685,0.00035
115.71323,0.48530,0.05858,0.00023,0.94079,0.00040
115.81618,0.48529,0.05261,0.00020,0.94680,0.00039
115.91912,0.48529,0.05631,0.00022,0.94302,0.00045
116.02206,0.48530,0.05966,0.00024,0.93961,0.00048
116.12500,0.48529,0.05813,0.00021,0.94120,0.00046
116.22794,0.48529,0.05880,0.00022,0.94050,0.00048
116.33088,0.48530,0.05690,0.00022,0.94244,0.00044
116.43382,0.48530,0.05541,0.00021,0.94399,0.00038
116.53677,0.48529,0.05164,0.00018,0.94783,0.00035
116.63971,0.48529,0.05793,0.00023,0.94140,0.00043
116.74265,0.48530,0.05501,0.00020,0.94441,0.00037
116.84559,0.48529,0.05553,0.00022,0.94380,0.00045
116.94853,0.48529,0.05878,0.00023,0.94052,0.00047
117.05147,0.48530,0.05749,0.00022,0.94181,0.00049
117.15441,0.48530,0.05874,0.00021,0.94057,0.00048
117.25735,0.48529,0.06106,0.00027,0.93817,0.00050
117.36029,0.48530,0.06035,0.00026,0.93894,0.00045
117.46323,0.48530,0.05816,0.00023,0.94120,0.00042
117.56618,0.48529,0.05546,0.00022,0.94390,0.00042
117.66912,0.48529,0.05541,0.00022,0.94393,0.00044
117.77206,0.48530,0.05898,0.00024,0.94035,0.00043
117.87500,0.48529,0.05756,0.00022,0.94175,0.00046
117.97794,0.48529,0.05632,0.00023,0.94297,0.00048
118.08088,0.48530,0.05358,0.00019,0.94585,0.00038
118.18382,0.48530,0.05774,0.00022,0.94165,0.00038
118.28677,0.48529,0.05567,0.00022,0.94371,0.00040
118.38971,0.48529,0.05414,0.00019,0.94532,0.00035
118.49265,0.48530,0.05635,0.00023,0.94299,0.00043
118.59559,0.48529,0.05708,0.00025,0.94221,0.00047
118.69853,0.48529,0.05935,0.00026,0.93985,0.00053
118.80147,0.48530,0.05532,0.00019,0.94409,0.00040
118.90441,0.48530,0.05065,0.00016,0.94885,0.00034
119.00735,0.48529,0.05528,0.00020,0.94415,0.00037
119.11029,0.48530,0.05448,0.00020,0.94494,0.00037
119.21323,0.48530,0.05642,0.00021,0.94300,0.00038
119.31618,0.48529,0.05625,0.00024,0.94309,0.00042
119.41912,0.48529,0.06096,0.00026,0.93829,0.00049
119.52206,0.48530,0.05897,0.00023,0.94033,0.00047
119.62500,0.48529,0.05347,0.00019,0.94591,0.00043
119.72794,0.48529,0.05397,0.00020,0.94542,0.00041
119.83088,0.48530,0.05697,0.00019,0.94242,0.00043
119.93382,0.48530,0.05776,0.00021,0.94164,0.00039
120.03677,0.48529,0.05649,0.00021,0.94294,0.00037
120.13971,0.48529,0.05563,0.00022,0.94375,0.00040
120.24265,0.48530,0.05679,0.00023,0.94253,0.00045
120.34559,0.48529,0.05499,0.00022,0.94435,0.00044
120.44853,0.48529,0.06108,0.00025,0.93817,0.00050
120.55147,0.48530,0.05847,0.00022,0.94085,0.00046
120.65441,0.48530,0.05450,0.00019,0.94489,0.00041
120.75735,0.48529,0.05644,0.00021,0.94295,0.00040
120.86029,0.48530,0.05635,0.00022,0.94304,0.00039
120.96323,0.48530,0.05149,0.00018,0.94801,0.00032
121.06618,0.48529,0.05842,0.00023,0.94092,0.00043
121.16912,0.48529,0.05934,0.00028,0.93988,0.00049
